0 0.729398723537 0.885469909908 85 30 11.7647058824

0 0.65787936898 0.868238927863 63 59 15.873015873

1 0.673586408986 0.859164307697 45 78 22.2222222222

1 0.675107770648 0.849372827795 36 101 27.7777777778

1 0.672581420957 0.837592300268 31 141 32.2580645161

1 0.647886986212 0.819140251616 25 176 40.0

1 0.664699633979 0.791039545204 20 244 50.0

1 0.644710524344 0.725138984293 18 359 55.5555555556

1 0.614522691556 0.597337438662 16 540 62.5

2 0.612521684396 0.374200548331 12 760 83.3333333333

1 0.594780997443 0.180380027012 6 899 166.666666667

1 0.5893305311 0.0616730822393 4 966 250.0

0 0.613649495044 0.0217666534618 2 988 500.0

0 0.599013142087 0 1 1000 1000.0

0 0.613801478226 0 1 1000 1000.0

0 0.617169277678 0 1 1000 1000.0

0 0.594190903275 0 1 1000 1000.0

0 0.589980937638 0 1 1000 1000.0

0 0.604649028036 0 1 1000 1000.0

0 0.617340638421 0 1 1000 1000.0

