2 -0.7031677774 0.189368093053 187 18 5.34759358289

3 -0.709974997929 0.197341677325 133 38 7.51879699248

3 -0.692798005468 0.207102856303 112 62 8.92857142857

4 -0.648667013226 0.210705309777 128 123 7.8125

4 -0.558638042494 0.189216847833 149 366 6.71140939597

3 0.0150456479193 0 1 1000 1000.0

1 0.0128185081688 0 1 1000 1000.0

0 0.0133104553513 0 1 1000 1000.0

1 0.0129839268231 0 1 1000 1000.0

1 0.0142109657886 0 1 1000 1000.0

1 0.0132321734853 0 1 1000 1000.0

0 0.0124002153763 0 1 1000 1000.0

2 0.0133734985173 0 1 1000 1000.0

1 0.0136600827793 0 1 1000 1000.0

1 0.0137665429428 0 1 1000 1000.0

1 0.0150394021183 0 1 1000 1000.0

1 0.0139163294136 0 1 1000 1000.0

1 0.0141422131876 0 1 1000 1000.0

1 0.014235783403 0 1 1000 1000.0

1 0.0143846999835 0 1 1000 1000.0

