1 0.177207437077 0.579950849726 79 38 12.6582278481

0 0.163213125753 0.575488208312 73 50 13.3287671233

0 0.196481326046 0.575779505157 70 62 13.0428571429

0 0.218813327194 0.570241454155 65 58 13.1384615385

0 0.224803137639 0.563955211038 62 46 13.0806451613

0 0.257754560334 0.561522712978 59 51 13.3559322034

0 0.252972051122 0.556750129937 55 56 13.7636363636

0 0.250888808108 0.548281920127 52 49 13.9807692308

0 0.262629430926 0.542248209532 54 54 12.7407407407

0 0.223850948553 0.535135248275 51 50 13.0196078431

0 0.250682063848 0.529399473268 47 47 13.5744680851

0 0.254723733573 0.523030980253 49 42 12.2448979592

0 0.226425750373 0.511687355225 47 44 12.2127659574

0 0.271754708216 0.511118746295 52 40 10.6153846154

0 0.275094398275 0.508256782051 47 37 11.3191489362

0 0.271087341126 0.497838725794 44 47 11.3409090909

0 0.237248793228 0.483030056424 43 63 11.0

0 0.246515906771 0.473863528758 44 50 10.1818181818

0 0.241248646436 0.466049324892 41 54 10.4390243902

0 0.240500339953 0.445272520931 37 49 10.9459459459

