2 -0.707079348285 0.192134947808 183 29 5.46448087432

3 -0.707452987391 0.197137473183 136 75 7.35294117647

3 -0.649483062186 0.202677316553 141 140 7.09219858156

7 0.0138285278361 0 1 1000 1000.0

1 0.012913606019 0 1 1000 1000.0

1 0.0119364036892 0 1 1000 1000.0

1 0.0138321440513 0 1 1000 1000.0

1 0.0127912654597 0 1 1000 1000.0

1 0.0127563615865 0 1 1000 1000.0

1 0.0140099682224 0 1 1000 1000.0

1 0.0136134538492 0 1 1000 1000.0

1 0.0145901666273 0 1 1000 1000.0

1 0.0131894807205 0 1 1000 1000.0

1 0.0144935835149 0 1 1000 1000.0

1 0.013438006859 0 1 1000 1000.0

1 0.0124697393508 0 1 1000 1000.0

1 0.0138479733373 0 1 1000 1000.0

2 0.0100556170867 0 1 1000 1000.0

1 0.0117714822415 0 1 1000 1000.0

1 0.0134485657188 0 1 1000 1000.0

