0 0.723524990184 0.88276141072 90 20 11.1111111111

1 0.661447065044 0.867549615247 61 45 16.393442623

1 0.681693956894 0.85866676325 44 67 22.7272727273

1 0.679054441809 0.849581952041 33 91 30.303030303

1 0.673935098209 0.838904784808 26 113 38.4615384615

1 0.679917625439 0.821160393971 21 139 47.619047619

1 0.662516391254 0.797081701401 17 189 58.8235294118

1 0.661615502978 0.777036538228 14 206 71.4285714286

1 0.671866857979 0.741334911068 12 253 83.3333333333

1 0.644083077286 0.65404691635 8 345 125.0

2 0.65130864638 0.61578823381 7 405 142.857142857

2 0.615836176122 0.574628666518 6 455 166.666666667

2 0.627059812238 0.471309922137 4 591 250.0

2 0.614986315211 0.274591089839 3 799 333.333333333

2 0.618711755694 0.0551683277324 2 964 500.0

0 0.615988766196 0 1 1000 1000.0

0 0.60382034736 0 1 1000 1000.0

0 0.613455893273 0 1 1000 1000.0

0 0.620147488279 0 1 1000 1000.0

0 0.615247807378 0 1 1000 1000.0

