1	63 
2	177 
3	112 
4	33 
5	19 
6	203 
7	60 
8	112 
9	56 
10	82 
11	196 
12	178 
13	136 
14	171 
15	107 
16	127 
17	98 
18	46 
19	19 
20	196 
21	28 
22	186 
23	104 
24	140 
25	80 
26	137 
27	33 
28	128 
29	16 
30	185 
31	108 
32	176 
33	30 
34	126 
35	104 
36	33 
37	146 
38	145 
39	171 
40	205 
41	6 
42	125 
43	38 
44	142 
45	200 
46	195 
47	24 
48	82 
49	195 
50	83 
51	124 
52	149 
53	139 
54	134 
55	120 
56	45 
57	146 
58	57 
59	201 
60	84 
61	153 
62	194 
63	162 
64	19 
65	13 
66	1 
67	87 
68	19 
69	110 
70	2 
71	15 
72	14 
73	64 
74	75 
75	41 
76	197 
77	186 
78	170 
79	80 
80	103 
81	82 
82	58 
83	136 
84	38 
85	163 
86	79 
87	83 
88	15 
89	84 
90	78 
91	56 
92	35 
93	41 
94	38 
95	165 
96	66 
97	134 
98	93 
99	41 
100	39 
101	139 
102	155 
103	149 
104	126 
105	9 
106	52 
107	202 
108	13 
109	154 
110	198 
111	190 
112	154 
113	50 
114	118 
115	66 
116	127 
117	29 
118	100 
119	16 
120	190 
121	162 
122	98 
123	172 
124	76 
125	136 
126	101 
127	154 
128	120 
129	106 
130	17 
131	60 
132	34 
133	31 
134	56 
135	28 
136	15 
137	15 
138	164 
139	87 
140	201 
141	47 
142	125 
143	12 
144	111 
145	90 
146	69 
147	17 
148	14 
149	92 
150	53 
151	152 
152	202 
153	53 
154	15 
155	53 
156	201 
157	76 
158	185 
159	101 
160	110 
161	107 
162	162 
163	164 
164	204 
165	72 
166	158 
167	69 
168	141 
169	86 
170	53 
171	15 
172	132 
173	126 
174	146 
175	134 
176	159 
177	115 
178	149 
179	206 
180	167 
181	8 
182	202 
183	147 
184	154 
185	12 
186	190 
187	87 
188	129 
189	15 
190	122 
191	61 
192	18 
193	199 
194	171 
195	195 
196	8 
197	44 
198	205 
199	16 
200	122 
201	180 
202	96 
203	201 
204	59 
205	206 
206	72 
207	139 
208	13 
209	84 
210	55 
211	23 
212	154 
213	142 
214	78 
215	180 
216	89 
217	206 
218	19 
219	97 
220	150 
221	158 
222	60 
223	124 
224	21 
225	158 
226	7 
227	56 
228	150 
229	161 
230	72 
231	180 
232	130 
233	122 
234	201 
235	15 
236	53 
237	189 
238	42 
239	200 
240	122 
241	16 
242	111 
243	130 
244	35 
245	56 
246	24 
247	75 
248	143 
249	17 
250	182 
251	123 
252	30 
253	56 
254	140 
255	66 
256	155 
257	137 
258	125 
259	41 
260	151 
261	59 
262	146 
263	132 
264	58 
265	195 
266	46 
267	71 
268	141 
269	64 
270	138 
271	65 
272	58 
273	31 
274	185 
275	56 
276	113 
277	120 
278	40 
279	71 
280	144 
281	70 
282	186 
283	58 
284	166 
285	181 
286	151 
287	99 
288	89 
289	55 
290	145 
291	90 
292	15 
293	206 
294	43 
295	119 
296	117 
297	48 
298	92 
299	75 
300	121 
301	175 
302	21 
303	50 
304	201 
305	88 
306	79 
307	50 
308	9 
309	140 
310	167 
311	200 
312	41 
313	185 
314	135 
315	193 
316	134 
317	179 
318	75 
319	4 
320	124 
321	181 
322	116 
323	74 
324	114 
325	38 
326	7 
327	49 
328	55 
329	15 
330	7 
331	30 
332	167 
333	121 
334	121 
335	131 
336	41 
337	131 
338	166 
339	129 
340	200 
341	13 
342	103 
343	201 
344	46 
345	112 
346	185 
347	199 
348	45 
349	69 
350	75 
351	201 
352	150 
353	86 
354	28 
355	154 
356	15 
357	91 
358	47 
359	128 
360	115 
361	5 
362	177 
363	160 
364	150 
365	167 
366	71 
367	180 
368	172 
369	185 
370	61 
371	53 
372	98 
373	77 
374	169 
375	34 
376	159 
377	40 
378	180 
379	181 
380	38 
381	195 
382	69 
383	95 
384	30 
385	30 
386	19 
387	122 
388	184 
389	101 
390	134 
391	55 
392	71 
393	46 
394	180 
395	65 
396	203 
397	60 
398	55 
399	82 
400	139 
401	177 
402	168 
403	154 
404	145 
405	163 
406	190 
407	136 
408	131 
409	165 
410	90 
411	198 
412	107 
413	165 
414	112 
415	74 
416	117 
417	126 
418	184 
419	60 
420	68 
421	162 
422	123 
423	166 
424	189 
425	53 
426	109 
427	97 
428	53 
429	43 
430	61 
431	129 
432	38 
433	88 
434	185 
435	112 
436	99 
437	175 
438	84 
439	200 
440	138 
441	150 
442	136 
443	86 
444	167 
445	137 
446	149 
447	42 
448	123 
449	110 
450	167 
451	45 
452	76 
453	66 
454	170 
455	72 
456	139 
457	38 
458	142 
459	206 
460	102 
461	169 
462	175 
463	97 
464	45 
465	84 
466	69 
467	198 
468	50 
469	179 
470	175 
471	31 
472	143 
473	81 
474	146 
475	117 
476	195 
477	131 
478	164 
479	19 
480	15 
481	155 
482	130 
483	45 
484	139 
485	183 
486	30 
487	96 
488	122 
489	98 
490	82 
491	166 
492	104 
493	153 
494	112 
495	138 
496	16 
497	111 
498	112 
499	60 
500	200 
501	2 
502	110 
503	131 
504	135 
505	148 
506	155 
507	63 
508	90 
509	206 
510	38 
511	64 
512	146 
513	31 
514	4 
515	127 
516	128 
517	160 
518	102 
519	70 
520	155 
521	160 
522	200 
523	31 
524	129 
525	111 
526	31 
527	83 
528	51 
529	34 
530	205 
531	61 
532	85 
533	22 
534	147 
535	113 
536	201 
537	172 
538	88 
539	125 
540	99 
541	150 
542	142 
543	190 
544	15 
545	63 
546	134 
547	156 
548	141 
549	205 
550	30 
551	155 
552	23 
553	17 
554	40 
555	126 
556	41 
557	126 
558	58 
559	206 
560	55 
561	55 
562	43 
563	21 
564	146 
565	158 
566	105 
567	15 
568	90 
569	148 
570	200 
571	75 
572	13 
573	74 
574	21 
575	161 
576	17 
577	11 
578	172 
579	132 
580	84 
581	147 
582	53 
583	166 
584	168 
585	137 
586	117 
587	206 
588	185 
589	184 
590	150 
591	47 
592	166 
593	41 
594	83 
595	85 
596	100 
597	63 
598	193 
599	90 
600	190 
601	149 
602	13 
603	205 
604	6 
605	175 
606	180 
607	86 
608	77 
609	137 
610	174 
611	73 
612	17 
613	147 
614	10 
615	99 
616	27 
617	8 
618	121 
619	28 
620	107 
621	66 
622	43 
623	175 
624	9 
625	163 
626	164 
627	3 
628	200 
629	80 
630	13 
631	128 
632	114 
633	127 
634	143 
635	21 
636	16 
637	55 
638	71 
639	16 
640	142 
641	38 
642	66 
643	9 
644	68 
645	55 
646	2 
647	17 
648	38 
649	134 
650	151 
651	34 
652	14 
653	150 
654	38 
655	188 
656	10 
657	45 
658	83 
659	53 
660	61 
661	21 
662	181 
663	29 
664	4 
665	75 
666	195 
667	174 
668	103 
669	121 
670	104 
671	131 
672	192 
673	79 
674	78 
675	166 
676	84 
677	178 
678	118 
679	140 
680	116 
681	115 
682	195 
683	16 
684	160 
685	77 
686	187 
687	141 
688	3 
689	63 
690	158 
691	164 
692	93 
693	62 
694	76 
695	130 
696	82 
697	200 
698	46 
699	77 
700	59 
701	205 
702	201 
703	119 
704	69 
705	11 
706	134 
707	190 
708	17 
709	90 
710	21 
711	162 
712	1 
713	162 
714	45 
715	196 
716	71 
717	57 
718	163 
719	79 
720	137 
721	45 
722	184 
723	14 
724	185 
725	35 
726	151 
727	61 
728	166 
729	103 
730	132 
731	150 
732	56 
733	159 
734	159 
735	70 
736	63 
737	121 
738	104 
739	14 
740	69 
741	164 
742	15 
743	81 
744	162 
745	158 
746	87 
747	206 
748	3 
749	5 
750	84 
751	85 
752	205 
753	75 
754	104 
755	143 
756	102 
757	30 
758	118 
759	97 
760	55 
761	145 
762	33 
763	158 
764	5 
765	172 
766	59 
767	41 
768	38 
769	180 
770	105 
771	200 
772	201 
773	143 
774	53 
775	181 
776	205 
777	71 
778	196 
779	175 
780	61 
781	26 
782	93 
783	135 
784	204 
785	146 
786	43 
787	15 
788	158 
789	198 
790	123 
791	130 
792	133 
793	81 
794	58 
795	198 
796	51 
797	49 
798	11 
799	38 
800	19 
801	174 
802	127 
803	9 
804	158 
805	62 
806	91 
807	30 
808	103 
809	25 
810	107 
811	118 
812	158 
813	205 
814	182 
815	125 
816	16 
817	92 
818	55 
819	85 
820	192 
821	60 
822	164 
823	25 
824	102 
825	18 
826	159 
827	97 
828	117 
829	68 
830	139 
831	43 
832	147 
833	45 
834	118 
835	190 
836	136 
837	76 
838	156 
839	109 
840	158 
841	168 
842	144 
843	80 
844	201 
845	33 
846	124 
847	186 
848	14 
849	101 
850	161 
851	85 
852	188 
853	142 
854	110 
855	139 
856	115 
857	123 
858	107 
859	142 
860	198 
861	74 
862	183 
863	170 
864	182 
865	74 
866	113 
867	199 
868	189 
869	55 
870	71 
871	192 
872	159 
873	16 
874	99 
875	192 
876	130 
877	171 
878	45 
879	15 
880	100 
881	55 
882	162 
883	89 
884	128 
885	161 
886	123 
887	5 
888	175 
889	108 
890	117 
891	112 
892	112 
893	62 
894	151 
895	13 
896	108 
897	109 
898	127 
899	150 
900	55 
901	177 
902	1 
903	141 
904	137 
905	28 
906	171 
907	112 
908	131 
909	139 
910	75 
911	176 
912	103 
913	147 
914	16 
915	121 
916	81 
917	132 
918	171 
919	19 
920	66 
921	71 
922	199 
923	204 
924	30 
925	175 
926	173 
927	46 
928	98 
929	23 
930	34 
931	70 
932	129 
933	38 
934	116 
935	129 
936	69 
937	108 
938	122 
939	197 
940	121 
941	186 
942	204 
943	190 
944	83 
945	169 
946	189 
947	159 
948	121 
949	28 
950	141 
951	102 
952	190 
953	111 
954	21 
955	107 
956	32 
957	53 
958	109 
959	126 
960	21 
961	136 
962	99 
963	153 
964	52 
965	188 
966	63 
967	71 
968	31 
969	190 
970	6 
971	78 
972	166 
973	82 
974	146 
975	138 
976	185 
977	184 
978	61 
979	20 
980	45 
981	181 
982	176 
983	195 
984	16 
985	165 
986	24 
987	22 
988	185 
989	124 
990	152 
991	19 
992	162 
993	44 
994	2 
995	142 
996	187 
997	155 
998	160 
999	45 
1000	44 
1001	133 
1002	166 
1003	34 
1004	185 
1005	45 
1006	22 
1007	133 
1008	139 
1009	149 
1010	175 
1011	164 
1012	193 
1013	129 
1014	79 
1015	88 
1016	189 
1017	179 
1018	45 
1019	57 
1020	141 
1021	49 
1022	177 
1023	93 
1024	166 
1025	67 
1026	176 
1027	64 
1028	138 
1029	85 
1030	149 
1031	132 
1032	177 
1033	168 
1034	79 
1035	35 
1036	186 
1037	90 
1038	120 
1039	145 
1040	84 
1041	1 
1042	166 
1043	123 
1044	170 
1045	113 
1046	59 
1047	91 
1048	166 
1049	141 
1050	42 
1051	205 
1052	32 
1053	28 
1054	84 
1055	175 
1056	30 
1057	66 
1058	185 
1059	34 
1060	53 
1061	38 
1062	167 
1063	180 
1064	193 
1065	75 
1066	188 
1067	51 
1068	94 
1069	44 
1070	22 
1071	17 
1072	28 
1073	166 
1074	69 
1075	92 
1076	133 
1077	63 
1078	204 
1079	141 
1080	206 
1081	62 
1082	162 
1083	196 
1084	15 
1085	77 
1086	73 
1087	180 
1088	73 
1089	173 
1090	140 
1091	56 
1092	180 
1093	79 
1094	46 
1095	172 
1096	119 
1097	110 
1098	61 
1099	182 
1100	192 
1101	140 
1102	15 
1103	51 
1104	26 
1105	129 
1106	121 
1107	31 
1108	201 
1109	53 
1110	30 
1111	106 
1112	185 
1113	190 
1114	69 
1115	161 
1116	65 
1117	164 
1118	27 
1119	113 
1120	198 
1121	118 
1122	55 
1123	25 
1124	107 
1125	125 
1126	157 
1127	90 
1128	36 
1129	125 
1130	116 
1131	68 
1132	88 
1133	3 
1134	89 
1135	167 
1136	177 
1137	118 
1138	206 
1139	194 
1140	186 
1141	104 
1142	87 
1143	59 
1144	129 
1145	189 
1146	96 
1147	3 
1148	84 
1149	44 
1150	193 
1151	167 
1152	72 
1153	158 
1154	176 
1155	41 
1156	72 
1157	184 
1158	88 
1159	77 
1160	136 
1161	85 
1162	184 
1163	88 
1164	15 
1165	84 
1166	60 
1167	189 
1168	94 
1169	122 
1170	155 
1171	198 
1172	31 
1173	87 
1174	46 
1175	19 
1176	118 
1177	199 
1178	154 
1179	6 
1180	30 
1181	127 
1182	181 
1183	129 
1184	53 
1185	131 
1186	131 
1187	141 
1188	181 
1189	129 
1190	71 
1191	84 
1192	123 
1193	49 
1194	97 
1195	172 
1196	53 
1197	206 
1198	131 
1199	10 
1200	136 
1201	64 
1202	72 
1203	203 
1204	53 
1205	168 
1206	2 
1207	144 
1208	166 
1209	112 
1210	57 
1211	66 
1212	114 
1213	30 
1214	181 
1215	184 
1216	50 
1217	183 
1218	156 
1219	52 
1220	11 
1221	80 
1222	3 
1223	93 
1224	103 
1225	17 
1226	45 
1227	137 
1228	15 
1229	104 
1230	9 
1231	75 
1232	87 
1233	155 
1234	154 
1235	57 
1236	105 
1237	42 
1238	190 
1239	56 
1240	190 
1241	76 
1242	29 
1243	1 
1244	76 
1245	82 
1246	108 
1247	176 
1248	157 
1249	36 
1250	167 
1251	171 
1252	198 
1253	163 
1254	136 
1255	158 
1256	137 
1257	186 
1258	6 
1259	156 
1260	186 
1261	73 
1262	129 
1263	155 
1264	141 
1265	34 
1266	167 
1267	89 
1268	175 
1269	201 
1270	29 
1271	150 
1272	115 
1273	90 
1274	166 
1275	38 
1276	35 
1277	60 
1278	148 
1279	37 
1280	38 
1281	103 
1282	75 
1283	142 
1284	71 
1285	198 
1286	90 
1287	128 
1288	12 
1289	95 
1290	136 
1291	157 
1292	38 
1293	187 
1294	124 
1295	100 
1296	72 
1297	21 
1298	83 
1299	72 
1300	90 
1301	13 
1302	7 
1303	164 
1304	67 
1305	10 
1306	195 
1307	172 
1308	101 
1309	4 
1310	38 
1311	181 
1312	4 
1313	121 
1314	92 
1315	89 
1316	191 
1317	205 
1318	201 
1319	165 
1320	204 
1321	81 
1322	24 
1323	11 
1324	129 
1325	173 
1326	167 
1327	19 
1328	190 
1329	143 
1330	34 
1331	72 
1332	107 
1333	172 
1334	150 
1335	56 
1336	190 
1337	158 
1338	121 
1339	204 
1340	174 
1341	24 
1342	2 
1343	123 
1344	117 
1345	13 
1346	119 
1347	117 
1348	42 
1349	136 
1350	30 
1351	38 
1352	72 
1353	140 
1354	18 
1355	67 
1356	9 
1357	146 
1358	156 
1359	115 
1360	43 
1361	154 
1362	50 
1363	115 
1364	25 
1365	53 
1366	172 
1367	59 
1368	96 
1369	7 
1370	94 
1371	85 
1372	162 
1373	91 
1374	33 
1375	27 
1376	199 
1377	15 
1378	198 
1379	170 
1380	36 
1381	64 
1382	139 
1383	94 
1384	185 
1385	55 
1386	86 
1387	141 
1388	102 
1389	48 
1390	72 
1391	55 
1392	28 
1393	41 
1394	77 
1395	59 
1396	165 
1397	121 
1398	117 
1399	140 
1400	117 
1401	150 
1402	131 
1403	84 
1404	103 
1405	66 
1406	60 
1407	132 
1408	140 
1409	46 
1410	154 
1411	186 
1412	17 
1413	32 
1414	33 
1415	101 
1416	123 
1417	139 
1418	82 
1419	140 
1420	202 
1421	89 
1422	44 
1423	109 
1424	133 
1425	137 
1426	28 
1427	13 
1428	21 
1429	16 
1430	112 
1431	8 
1432	19 
1433	176 
1434	133 
1435	15 
1436	170 
1437	67 
1438	47 
1439	140 
1440	45 
1441	42 
1442	11 
1443	187 
1444	43 
1445	76 
1446	173 
1447	38 
1448	82 
1449	73 
1450	115 
1451	185 
1452	83 
1453	30 
1454	157 
1455	126 
1456	26 
1457	179 
1458	138 
1459	150 
1460	23 
1461	117 
1462	38 
1463	166 
1464	57 
1465	107 
1466	180 
1467	151 
1468	110 
1469	180 
1470	63 
1471	67 
1472	44 
1473	107 
1474	202 
1475	67 
1476	84 
1477	101 
1478	138 
1479	104 
1480	29 
1481	163 
1482	105 
1483	175 
1484	176 
1485	18 
1486	60 
1487	141 
1488	22 
1489	30 
1490	66 
1491	47 
1492	113 
1493	154 
1494	14 
1495	43 
1496	13 
1497	57 
1498	180 
1499	115 
1500	178 
1501	53 
1502	69 
1503	92 
1504	44 
1505	21 
1506	54 
1507	121 
1508	165 
1509	39 
1510	13 
1511	1 
1512	33 
1513	6 
1514	186 
1515	203 
1516	178 
1517	102 
1518	137 
1519	116 
1520	139 
1521	19 
1522	3 
1523	142 
1524	13 
1525	146 
1526	20 
1527	137 
1528	51 
1529	88 
1530	203 
1531	67 
1532	10 
1533	125 
1534	93 
1535	202 
1536	110 
1537	35 
1538	190 
1539	153 
1540	16 
1541	118 
1542	122 
1543	64 
1544	6 
1545	14 
1546	49 
1547	140 
1548	136 
1549	204 
1550	110 
1551	66 
1552	116 
1553	199 
1554	30 
1555	34 
1556	126 
1557	142 
1558	78 
1559	136 
1560	14 
1561	144 
1562	142 
1563	125 
1564	144 
1565	184 
1566	159 
1567	38 
1568	66 
1569	146 
1570	26 
1571	85 
1572	40 
1573	136 
1574	4 
1575	183 
1576	58 
1577	139 
1578	40 
1579	137 
1580	170 
1581	138 
1582	146 
1583	150 
1584	147 
1585	31 
1586	29 
1587	161 
1588	67 
1589	80 
1590	48 
1591	115 
1592	15 
1593	148 
1594	136 
1595	146 
1596	131 
1597	190 
1598	17 
1599	198 
1600	48 
1601	105 
1602	161 
1603	175 
1604	187 
1605	176 
1606	85 
1607	11 
1608	94 
1609	198 
1610	9 
1611	76 
1612	13 
1613	20 
1614	158 
1615	28 
1616	139 
1617	15 
1618	100 
1619	72 
1620	110 
1621	146 
1622	62 
1623	71 
1624	201 
1625	21 
1626	121 
1627	34 
1628	85 
1629	67 
1630	8 
1631	9 
1632	116 
1633	142 
1634	120 
1635	168 
1636	198 
1637	3 
1638	107 
1639	13 
1640	6 
1641	138 
1642	91 
1643	108 
1644	185 
1645	185 
1646	103 
1647	31 
1648	110 
1649	182 
1650	44 
1651	63 
1652	151 
1653	204 
1654	25 
1655	138 
1656	194 
1657	2 
1658	118 
1659	19 
1660	189 
1661	18 
1662	52 
1663	137 
1664	76 
1665	59 
1666	81 
1667	15 
1668	63 
1669	90 
1670	83 
1671	142 
1672	120 
1673	193 
1674	72 
1675	176 
1676	193 
1677	53 
1678	6 
1679	115 
1680	44 
1681	151 
1682	40 
1683	127 
1684	163 
1685	83 
1686	129 
1687	190 
1688	85 
1689	15 
1690	46 
1691	14 
1692	167 
1693	30 
1694	62 
1695	182 
1696	55 
1697	74 
1698	44 
1699	166 
1700	72 
1701	156 
1702	164 
1703	115 
1704	172 
1705	167 
1706	84 
1707	77 
1708	142 
1709	141 
1710	9 
1711	84 
1712	70 
1713	18 
1714	14 
1715	15 
1716	145 
1717	139 
1718	11 
1719	131 
1720	190 
1721	112 
1722	30 
1723	126 
1724	41 
1725	157 
1726	52 
1727	196 
1728	193 
1729	149 
1730	85 
1731	100 
1732	116 
1733	97 
1734	50 
1735	90 
1736	57 
1737	46 
1738	30 
1739	85 
1740	119 
1741	16 
1742	173 
1743	177 
1744	147 
1745	59 
1746	26 
1747	54 
1748	106 
1749	136 
1750	199 
1751	78 
1752	142 
1753	14 
1754	88 
1755	64 
1756	26 
1757	201 
1758	205 
1759	20 
1760	56 
1761	61 
1762	175 
1763	191 
1764	107 
1765	69 
1766	85 
1767	46 
1768	18 
1769	141 
1770	21 
1771	185 
1772	34 
1773	165 
1774	47 
1775	54 
1776	206 
1777	99 
1778	76 
1779	94 
1780	100 
1781	56 
1782	45 
1783	202 
1784	139 
1785	13 
1786	30 
1787	6 
1788	81 
1789	77 
1790	49 
1791	150 
1792	8 
1793	126 
1794	186 
1795	68 
1796	20 
1797	38 
1798	82 
1799	206 
1800	184 
1801	50 
1802	75 
1803	194 
1804	200 
1805	176 
1806	69 
1807	166 
1808	158 
1809	45 
1810	177 
1811	16 
1812	134 
1813	179 
1814	183 
1815	6 
1816	61 
1817	182 
1818	198 
1819	83 
1820	12 
1821	123 
1822	83 
1823	171 
1824	85 
1825	180 
1826	89 
1827	30 
1828	43 
1829	14 
1830	43 
1831	146 
1832	2 
1833	150 
1834	21 
1835	177 
1836	129 
1837	60 
1838	69 
1839	102 
1840	112 
1841	38 
1842	132 
1843	164 
1844	45 
1845	11 
1846	112 
1847	136 
1848	169 
1849	121 
1850	71 
1851	48 
1852	186 
1853	68 
1854	148 
1855	79 
1856	76 
1857	152 
1858	61 
1859	54 
1860	172 
1861	76 
1862	167 
1863	5 
1864	85 
1865	31 
1866	34 
1867	82 
1868	158 
1869	116 
1870	96 
1871	50 
1872	121 
1873	201 
1874	182 
1875	64 
1876	70 
1877	88 
1878	51 
1879	21 
1880	67 
1881	31 
1882	177 
1883	56 
1884	49 
1885	188 
1886	54 
1887	172 
1888	138 
1889	107 
1890	8 
1891	205 
1892	111 
1893	180 
1894	28 
1895	198 
1896	89 
1897	149 
1898	128 
1899	61 
1900	183 
1901	60 
1902	32 
1903	108 
1904	107 
1905	162 
1906	131 
1907	58 
1908	169 
1909	103 
1910	136 
1911	55 
1912	118 
1913	155 
1914	105 
1915	53 
1916	52 
1917	45 
1918	46 
1919	50 
1920	78 
1921	171 
1922	56 
1923	164 
1924	60 
1925	165 
1926	101 
1927	182 
1928	137 
1929	65 
1930	132 
1931	58 
1932	2 
1933	14 
1934	119 
1935	60 
1936	151 
1937	39 
1938	201 
1939	52 
1940	144 
1941	33 
1942	175 
1943	19 
1944	66 
1945	178 
1946	142 
1947	14 
1948	58 
1949	79 
1950	115 
1951	75 
1952	142 
1953	37 
1954	109 
1955	131 
1956	166 
1957	63 
1958	32 
1959	33 
1960	160 
1961	128 
1962	51 
1963	60 
1964	180 
1965	201 
1966	187 
1967	122 
1968	21 
1969	56 
1970	73 
1971	57 
1972	41 
1973	162 
1974	199 
1975	118 
1976	183 
1977	41 
1978	54 
1979	14 
1980	74 
1981	141 
1982	192 
1983	169 
1984	112 
1985	39 
1986	112 
1987	92 
1988	41 
1989	135 
1990	66 
1991	14 
1992	179 
1993	138 
1994	106 
1995	190 
1996	31 
1997	123 
1998	194 
1999	205 
2000	57 
2001	167 
2002	193 
2003	38 
2004	62 
2005	179 
2006	80 
2007	178 
2008	39 
2009	142 
2010	106 
2011	160 
2012	201 
2013	146 
2014	149 
2015	79 
2016	122 
2017	105 
2018	22 
2019	189 
2020	115 
2021	150 
2022	201 
2023	46 
2024	102 
2025	32 
2026	21 
2027	102 
2028	37 
2029	14 
2030	7 
2031	168 
2032	125 
2033	192 
2034	189 
2035	192 
2036	15 
2037	163 
2038	38 
2039	136 
2040	178 
2041	166 
2042	56 
2043	15 
2044	16 
2045	124 
2046	144 
2047	57 
2048	46 
2049	98 
2050	201 
2051	185 
2052	95 
2053	59 
2054	122 
2055	57 
2056	142 
2057	118 
2058	142 
2059	139 
2060	196 
2061	19 
2062	190 
2063	53 
2064	36 
2065	30 
2066	159 
2067	159 
2068	92 
2069	33 
2070	154 
2071	110 
2072	8 
2073	156 
2074	130 
2075	63 
2076	192 
2077	45 
2078	49 
2079	191 
2080	97 
2081	144 
2082	34 
2083	123 
2084	97 
2085	110 
2086	138 
2087	14 
2088	183 
2089	94 
2090	142 
2091	180 
2092	157 
2093	129 
2094	201 
2095	206 
2096	89 
2097	157 
2098	167 
2099	167 
2100	154 
2101	18 
2102	12 
2103	121 
2104	20 
2105	49 
2106	74 
2107	161 
2108	85 
2109	75 
2110	46 
2111	56 
2112	21 
2113	72 
2114	175 
2115	13 
2116	1 
2117	196 
2118	138 
2119	109 
2120	115 
2121	31 
2122	147 
2123	167 
2124	17 
2125	159 
2126	21 
2127	142 
2128	60 
2129	64 
2130	175 
2131	146 
2132	112 
2133	185 
2134	83 
2135	149 
2136	53 
2137	153 
2138	1 
2139	96 
2140	56 
2141	89 
2142	142 
2143	29 
2144	202 
2145	66 
2146	42 
2147	125 
2148	197 
2149	105 
2150	49 
2151	55 
2152	142 
2153	185 
2154	79 
2155	166 
2156	31 
2157	48 
2158	137 
2159	149 
2160	147 
2161	22 
2162	183 
2163	112 
2164	167 
2165	167 
2166	119 
2167	50 
2168	166 
2169	85 
2170	161 
2171	205 
2172	12 
2173	65 
2174	32 
2175	15 
2176	188 
2177	152 
2178	133 
2179	46 
2180	116 
2181	90 
2182	50 
2183	152 
2184	80 
2185	190 
2186	158 
2187	66 
2188	66 
2189	155 
2190	136 
2191	154 
2192	89 
2193	63 
2194	129 
2195	129 
2196	202 
2197	52 
2198	83 
2199	53 
2200	161 
2201	139 
2202	106 
2203	140 
2204	107 
2205	58 
2206	76 
2207	162 
2208	143 
2209	184 
2210	199 
2211	206 
2212	137 
2213	71 
2214	91 
2215	13 
2216	48 
2217	185 
2218	9 
2219	51 
2220	19 
2221	7 
2222	201 
2223	82 
2224	34 
2225	138 
2226	68 
2227	43 
2228	28 
2229	60 
2230	205 
2231	187 
2232	9 
2233	164 
2234	132 
2235	125 
2236	124 
2237	19 
2238	85 
2239	180 
2240	62 
2241	2 
2242	53 
2243	185 
2244	132 
2245	206 
2246	103 
2247	72 
2248	111 
2249	11 
2250	32 
2251	131 
2252	142 
2253	166 
2254	34 
2255	47 
2256	12 
2257	111 
2258	121 
2259	21 
2260	21 
2261	201 
2262	99 
2263	136 
2264	143 
2265	147 
2266	46 
2267	139 
2268	101 
2269	34 
2270	133 
2271	108 
2272	140 
2273	137 
2274	47 
2275	102 
2276	149 
2277	183 
2278	143 
2279	166 
2280	175 
2281	169 
2282	11 
2283	166 
2284	34 
2285	172 
2286	166 
2287	30 
2288	195 
2289	21 
2290	19 
2291	163 
2292	81 
2293	197 
2294	107 
2295	12 
2296	140 
2297	157 
2298	137 
2299	199 
2300	164 
2301	148 
2302	37 
2303	90 
2304	43 
2305	49 
2306	53 
2307	131 
2308	200 
2309	191 
2310	166 
2311	95 
2312	120 
2313	136 
2314	83 
2315	60 
2316	18 
2317	126 
2318	121 
2319	2 
2320	34 
2321	153 
2322	188 
2323	177 
2324	112 
2325	185 
2326	46 
2327	80 
2328	123 
2329	15 
2330	71 
2331	129 
2332	177 
2333	48 
2334	69 
2335	188 
2336	164 
2337	164 
2338	76 
2339	5 
2340	52 
2341	201 
2342	49 
2343	20 
2344	88 
2345	69 
2346	169 
2347	199 
2348	144 
2349	45 
2350	180 
2351	183 
2352	13 
2353	61 
2354	106 
2355	174 
2356	50 
2357	160 
2358	116 
2359	137 
2360	63 
2361	106 
2362	1 
2363	104 
2364	168 
2365	129 
2366	133 
2367	99 
2368	167 
2369	37 
2370	81 
2371	19 
2372	68 
2373	64 
2374	22 
2375	71 
2376	141 
2377	30 
2378	175 
2379	15 
2380	197 
2381	86 
2382	121 
2383	14 
2384	88 
2385	2 
2386	152 
2387	49 
2388	141 
2389	131 
2390	139 
2391	131 
2392	57 
2393	35 
2394	49 
2395	80 
2396	136 
2397	89 
2398	166 
2399	5 
2400	110 
2401	14 
2402	56 
2403	184 
2404	193 
2405	41 
2406	80 
2407	109 
2408	138 
2409	178 
2410	118 
2411	18 
2412	116 
2413	58 
2414	172 
2415	147 
2416	43 
2417	102 
2418	14 
2419	51 
2420	206 
2421	50 
2422	166 
2423	160 
2424	152 
2425	7 
2426	1 
2427	121 
2428	34 
2429	131 
2430	65 
2431	157 
2432	165 
2433	142 
2434	84 
2435	151 
2436	3 
2437	106 
2438	65 
2439	123 
2440	16 
2441	198 
2442	121 
2443	21 
2444	68 
2445	80 
2446	96 
2447	105 
2448	43 
2449	139 
2450	47 
2451	129 
2452	23 
2453	105 
2454	183 
2455	42 
2456	85 
2457	133 
2458	28 
2459	167 
2460	157 
2461	171 
2462	31 
2463	38 
2464	164 
2465	141 
2466	162 
2467	94 
2468	18 
2469	150 
2470	201 
2471	147 
2472	22 
2473	80 
2474	66 
2475	105 
2476	11 
2477	132 
2478	201 
2479	85 
2480	122 
2481	156 
2482	123 
2483	87 
2484	79 
2485	156 
2486	30 
2487	56 
2488	182 
2489	39 
2490	47 
2491	184 
2492	117 
2493	92 
2494	156 
2495	93 
2496	58 
2497	192 
2498	50 
2499	149 
2500	156 
2501	132 
2502	80 
2503	80 
2504	12 
2505	58 
2506	200 
2507	166 
2508	147 
2509	202 
2510	164 
2511	26 
2512	176 
2513	98 
2514	154 
2515	192 
2516	41 
2517	192 
2518	167 
2519	56 
2520	125 
2521	71 
2522	164 
2523	69 
2524	40 
2525	115 
2526	19 
2527	3 
2528	193 
2529	128 
2530	17 
2531	125 
2532	158 
2533	41 
2534	106 
2535	160 
2536	125 
2537	135 
2538	13 
2539	116 
2540	137 
2541	78 
2542	61 
2543	138 
2544	66 
2545	204 
2546	85 
2547	183 
2548	163 
2549	136 
2550	130 
2551	121 
2552	155 
2553	173 
2554	64 
2555	41 
2556	39 
2557	90 
2558	30 
2559	116 
2560	84 
2561	32 
2562	140 
2563	86 
2564	199 
2565	168 
2566	121 
2567	122 
2568	21 
2569	199 
2570	83 
2571	171 
2572	89 
2573	157 
2574	55 
2575	44 
2576	110 
2577	20 
2578	7 
2579	80 
2580	84 
2581	105 
2582	141 
2583	83 
2584	189 
2585	181 
2586	58 
2587	126 
2588	137 
2589	74 
2590	169 
2591	190 
2592	48 
2593	82 
2594	114 
2595	137 
2596	53 
2597	50 
2598	151 
2599	19 
2600	72 
2601	138 
2602	17 
2603	46 
2604	171 
2605	71 
2606	31 
2607	28 
2608	164 
2609	67 
2610	141 
2611	85 
2612	140 
2613	69 
2614	198 
2615	116 
2616	9 
2617	195 
2618	166 
2619	49 
2620	24 
2621	43 
2622	90 
2623	151 
2624	199 
2625	80 
2626	150 
2627	193 
2628	66 
2629	144 
2630	153 
2631	46 
2632	185 
2633	110 
2634	129 
2635	41 
2636	14 
2637	55 
2638	125 
2639	180 
2640	52 
2641	27 
2642	172 
2643	206 
2644	161 
2645	137 
2646	162 
2647	36 
2648	174 
2649	46 
2650	145 
2651	52 
2652	160 
2653	126 
2654	20 
2655	44 
2656	53 
2657	54 
2658	191 
2659	102 
2660	186 
2661	40 
2662	201 
2663	50 
2664	13 
2665	89 
2666	69 
2667	60 
2668	48 
2669	69 
2670	141 
2671	140 
2672	142 
2673	201 
2674	89 
2675	30 
2676	119 
2677	30 
2678	67 
2679	85 
2680	137 
2681	184 
2682	186 
2683	174 
2684	163 
2685	72 
2686	7 
2687	148 
2688	191 
2689	167 
2690	181 
2691	129 
2692	38 
2693	79 
2694	192 
2695	168 
2696	56 
2697	96 
2698	201 
2699	158 
2700	84 
2701	24 
2702	154 
2703	129 
2704	170 
2705	203 
2706	199 
2707	44 
2708	171 
2709	134 
2710	170 
2711	56 
2712	45 
2713	11 
2714	53 
2715	75 
2716	79 
2717	140 
2718	113 
2719	163 
2720	174 
2721	16 
2722	62 
2723	38 
2724	164 
2725	115 
2726	7 
2727	137 
2728	163 
2729	92 
2730	61 
2731	171 
2732	80 
2733	138 
2734	58 
2735	75 
2736	63 
2737	163 
2738	52 
2739	28 
2740	45 
2741	57 
2742	64 
2743	138 
2744	91 
2745	69 
2746	191 
2747	177 
2748	115 
2749	55 
2750	136 
2751	141 
2752	177 
2753	129 
2754	118 
2755	190 
2756	112 
2757	199 
2758	70 
2759	69 
2760	64 
2761	53 
2762	185 
2763	6 
2764	139 
2765	79 
2766	186 
2767	200 
2768	13 
2769	103 
2770	181 
2771	138 
2772	118 
2773	66 
2774	31 
2775	193 
2776	11 
2777	198 
2778	64 
2779	76 
2780	45 
2781	137 
2782	43 
2783	204 
2784	129 
2785	39 
2786	154 
2787	136 
2788	84 
2789	158 
2790	201 
2791	158 
2792	10 
2793	187 
2794	89 
2795	92 
2796	168 
2797	101 
2798	186 
2799	151 
2800	14 
2801	55 
2802	139 
2803	35 
2804	206 
2805	184 
2806	128 
2807	50 
2808	74 
2809	138 
2810	44 
2811	83 
2812	84 
2813	177 
2814	85 
2815	98 
2816	159 
2817	56 
2818	145 
2819	6 
2820	53 
2821	181 
2822	130 
2823	16 
2824	45 
2825	121 
2826	142 
2827	103 
2828	49 
2829	61 
2830	103 
2831	70 
2832	107 
2833	192 
2834	136 
2835	114 
2836	97 
2837	141 
2838	51 
2839	58 
2840	87 
2841	127 
2842	41 
2843	157 
2844	201 
2845	126 
2846	206 
2847	173 
2848	64 
2849	95 
2850	49 
2851	85 
2852	186 
2853	134 
2854	147 
2855	172 
2856	92 
2857	19 
2858	183 
2859	53 
2860	52 
2861	150 
2862	51 
2863	121 
2864	160 
2865	21 
2866	76 
2867	112 
2868	61 
2869	55 
2870	73 
2871	97 
2872	38 
2873	89 
2874	10 
2875	45 
2876	180 
2877	158 
2878	164 
2879	69 
2880	136 
2881	112 
2882	82 
2883	6 
2884	186 
2885	85 
2886	137 
2887	71 
2888	29 
2889	32 
2890	204 
2891	75 
2892	60 
2893	56 
2894	124 
2895	49 
2896	30 
2897	185 
2898	21 
2899	72 
2900	164 
2901	32 
2902	35 
2903	16 
2904	129 
2905	175 
2906	23 
2907	45 
2908	24 
2909	85 
2910	81 
2911	98 
2912	32 
2913	33 
2914	32 
2915	149 
2916	98 
2917	206 
2918	172 
2919	28 
2920	115 
2921	61 
2922	122 
2923	13 
2924	192 
2925	98 
2926	73 
2927	40 
2928	165 
2929	24 
2930	64 
2931	141 
2932	105 
2933	43 
2934	177 
2935	193 
2936	146 
2937	166 
2938	8 
2939	181 
2940	137 
2941	179 
2942	55 
2943	120 
2944	90 
2945	31 
2946	140 
2947	103 
2948	60 
2949	194 
2950	47 
2951	205 
2952	54 
2953	190 
2954	185 
2955	32 
2956	45 
2957	142 
2958	57 
2959	129 
2960	166 
2961	80 
2962	159 
2963	34 
2964	45 
2965	158 
2966	115 
2967	164 
2968	90 
2969	61 
2970	74 
2971	57 
2972	151 
2973	104 
2974	177 
2975	40 
2976	68 
2977	163 
2978	113 
2979	158 
2980	183 
2981	115 
2982	151 
2983	157 
2984	38 
2985	126 
2986	80 
2987	159 
2988	27 
2989	201 
2990	137 
2991	100 
2992	8 
2993	89 
2994	139 
2995	198 
2996	66 
2997	82 
2998	141 
2999	131 
3000	144 
3001	175 
3002	33 
3003	104 
3004	49 
3005	107 
3006	137 
3007	116 
3008	139 
3009	77 
3010	195 
3011	119 
3012	27 
3013	115 
3014	107 
3015	23 
3016	15 
3017	196 
3018	27 
3019	177 
3020	69 
3021	103 
3022	25 
3023	7 
3024	123 
3025	101 
3026	18 
3027	95 
3028	186 
3029	189 
3030	41 
3031	122 
3032	80 
3033	205 
3034	166 
3035	50 
3036	159 
3037	109 
3038	129 
3039	185 
3040	36 
3041	45 
3042	172 
3043	171 
3044	180 
3045	137 
3046	140 
3047	2 
3048	43 
3049	154 
3050	117 
3051	118 
3052	172 
3053	37 
3054	190 
3055	171 
3056	146 
3057	130 
3058	199 
3059	175 
3060	171 
3061	83 
3062	107 
3063	198 
3064	102 
3065	157 
3066	30 
3067	159 
3068	126 
3069	119 
3070	44 
3071	107 
3072	24 
3073	147 
3074	71 
3075	173 
3076	138 
3077	154 
3078	42 
3079	16 
3080	2 
3081	114 
3082	167 
3083	80 
3084	188 
3085	19 
3086	13 
3087	74 
3088	106 
3089	129 
3090	159 
3091	130 
3092	73 
3093	4 
3094	139 
3095	75 
3096	17 
3097	186 
3098	115 
3099	125 
3100	183 
3101	131 
3102	196 
3103	105 
3104	8 
3105	87 
3106	149 
3107	200 
3108	23 
3109	192 
3110	66 
3111	88 
3112	74 
3113	181 
3114	17 
3115	112 
3116	74 
3117	121 
3118	105 
3119	65 
3120	41 
3121	121 
3122	146 
3123	59 
3124	87 
3125	118 
3126	198 
3127	92 
3128	8 
3129	144 
3130	118 
3131	64 
3132	166 
3133	131 
3134	206 
3135	204 
3136	123 
3137	160 
3138	49 
3139	82 
3140	200 
3141	163 
3142	153 
3143	13 
3144	199 
3145	52 
3146	203 
3147	198 
3148	58 
3149	16 
3150	79 
3151	30 
3152	85 
3153	86 
3154	55 
3155	2 
3156	203 
3157	15 
3158	112 
3159	15 
3160	201 
3161	197 
3162	25 
3163	183 
3164	96 
3165	88 
3166	138 
3167	185 
3168	61 
3169	81 
3170	19 
3171	122 
3172	53 
3173	132 
3174	66 
3175	149 
3176	90 
3177	190 
3178	139 
3179	26 
3180	202 
3181	177 
3182	158 
3183	104 
3184	178 
3185	182 
3186	139 
3187	91 
3188	157 
3189	63 
3190	187 
3191	129 
3192	155 
3193	142 
3194	55 
3195	161 
3196	39 
3197	166 
3198	54 
3199	123 
3200	104 
3201	186 
3202	62 
3203	103 
3204	64 
3205	131 
3206	201 
3207	154 
3208	18 
3209	41 
3210	4 
3211	56 
3212	131 
3213	202 
3214	23 
3215	85 
3216	80 
3217	100 
3218	160 
3219	175 
3220	38 
3221	84 
3222	168 
3223	150 
3224	18 
3225	110 
3226	171 
3227	123 
3228	106 
3229	66 
3230	126 
3231	136 
3232	102 
3233	142 
3234	82 
3235	57 
3236	80 
3237	190 
3238	152 
3239	61 
3240	171 
3241	33 
3242	187 
3243	8 
3244	195 
3245	34 
3246	123 
3247	139 
3248	139 
3249	129 
3250	153 
3251	107 
3252	171 
3253	71 
3254	94 
3255	71 
3256	17 
3257	154 
3258	55 
3259	7 
3260	93 
3261	137 
3262	49 
3263	15 
3264	205 
3265	13 
3266	136 
3267	175 
3268	159 
3269	121 
3270	69 
3271	151 
3272	50 
3273	68 
3274	175 
3275	46 
3276	54 
3277	59 
3278	118 
3279	130 
3280	164 
3281	156 
3282	71 
3283	191 
3284	177 
3285	162 
3286	26 
3287	50 
3288	21 
3289	81 
3290	59 
3291	131 
3292	5 
3293	167 
3294	203 
3295	45 
3296	171 
3297	126 
3298	25 
3299	136 
3300	19 
3301	85 
3302	56 
3303	39 
3304	147 
3305	181 
3306	167 
3307	105 
3308	57 
3309	45 
3310	59 
3311	59 
3312	118 
3313	23 
3314	137 
3315	60 
3316	44 
3317	115 
3318	206 
3319	79 
3320	34 
3321	21 
3322	68 
3323	51 
3324	78 
3325	123 
3326	205 
3327	103 
3328	98 
3329	43 
3330	31 
3331	158 
3332	181 
3333	31 
3334	175 
3335	194 
3336	6 
3337	198 
3338	26 
3339	117 
3340	18 
3341	83 
3342	58 
3343	58 
3344	75 
3345	170 
3346	118 
3347	148 
3348	46 
3349	17 
3350	80 
3351	117 
3352	154 
3353	46 
3354	64 
3355	166 
3356	7 
3357	176 
3358	108 
3359	19 
3360	51 
3361	138 
3362	7 
3363	97 
3364	33 
3365	190 
3366	195 
3367	139 
3368	146 
3369	200 
3370	58 
3371	71 
3372	90 
3373	90 
3374	113 
3375	172 
3376	201 
3377	165 
3378	38 
3379	35 
3380	63 
3381	75 
3382	74 
3383	176 
3384	121 
3385	183 
3386	55 
3387	111 
3388	121 
3389	61 
3390	66 
3391	36 
3392	171 
3393	118 
3394	31 
3395	4 
3396	206 
3397	60 
3398	88 
3399	149 
3400	173 
3401	117 
3402	75 
3403	206 
3404	85 
3405	189 
3406	101 
3407	167 
3408	82 
3409	17 
3410	100 
3411	146 
3412	106 
3413	124 
3414	53 
3415	166 
3416	198 
3417	25 
3418	115 
3419	137 
3420	84 
3421	135 
3422	131 
3423	126 
3424	34 
3425	168 
3426	98 
3427	45 
3428	15 
3429	181 
3430	176 
3431	146 
3432	117 
3433	129 
3434	206 
3435	21 
3436	186 
3437	27 
3438	22 
3439	50 
3440	155 
3441	21 
3442	104 
3443	21 
3444	114 
3445	109 
3446	121 
3447	152 
3448	175 
3449	113 
3450	127 
3451	121 
3452	101 
3453	139 
3454	131 
3455	5 
3456	180 
3457	96 
3458	83 
3459	104 
3460	49 
3461	83 
3462	35 
3463	137 
3464	171 
3465	80 
3466	89 
3467	63 
3468	137 
3469	131 
3470	180 
3471	151 
3472	110 
3473	118 
3474	21 
3475	45 
3476	74 
3477	120 
3478	110 
3479	108 
3480	165 
3481	89 
3482	164 
3483	31 
3484	69 
3485	4 
3486	7 
3487	102 
3488	179 
3489	85 
3490	190 
3491	111 
3492	23 
3493	53 
3494	59 
3495	10 
3496	21 
3497	30 
3498	174 
3499	174 
3500	104 
3501	186 
3502	96 
3503	114 
3504	166 
3505	187 
3506	179 
3507	162 
3508	158 
3509	193 
3510	167 
3511	106 
3512	55 
3513	170 
3514	99 
3515	104 
3516	159 
3517	34 
3518	136 
3519	164 
3520	159 
3521	56 
3522	125 
3523	46 
3524	105 
3525	194 
3526	155 
3527	190 
3528	204 
3529	139 
3530	112 
3531	33 
3532	150 
3533	139 
3534	120 
3535	71 
3536	37 
3537	200 
3538	34 
3539	190 
3540	126 
3541	6 
3542	194 
3543	71 
3544	53 
3545	65 
3546	120 
3547	115 
3548	185 
3549	52 
3550	69 
3551	186 
3552	186 
3553	116 
3554	127 
3555	190 
3556	121 
3557	166 
3558	53 
3559	114 
3560	158 
3561	37 
3562	122 
3563	185 
3564	13 
3565	27 
3566	201 
3567	85 
3568	12 
3569	181 
3570	68 
3571	80 
3572	153 
3573	202 
3574	83 
3575	172 
3576	110 
3577	139 
3578	89 
3579	6 
3580	126 
3581	61 
3582	35 
3583	73 
3584	110 
3585	31 
3586	9 
3587	10 
3588	147 
3589	154 
3590	158 
3591	87 
3592	84 
3593	86 
3594	20 
3595	157 
3596	204 
3597	125 
3598	150 
3599	53 
3600	65 
3601	201 
3602	143 
3603	82 
3604	14 
3605	21 
3606	84 
3607	50 
3608	112 
3609	154 
3610	133 
3611	154 
3612	45 
3613	161 
3614	139 
3615	187 
3616	17 
3617	44 
3618	84 
3619	30 
3620	150 
3621	175 
3622	91 
3623	206 
3624	126 
3625	16 
3626	204 
3627	47 
3628	2 
3629	201 
3630	84 
3631	36 
3632	103 
3633	54 
3634	38 
3635	27 
3636	68 
3637	102 
3638	30 
3639	116 
3640	118 
3641	123 
3642	169 
3643	118 
3644	71 
3645	67 
3646	145 
3647	31 
3648	120 
3649	103 
3650	21 
3651	34 
3652	71 
3653	186 
3654	51 
3655	135 
3656	47 
3657	137 
3658	11 
3659	122 
3660	156 
3661	198 
3662	121 
3663	180 
3664	116 
3665	30 
3666	107 
3667	41 
3668	79 
3669	90 
3670	190 
3671	175 
3672	36 
3673	38 
3674	43 
3675	116 
3676	34 
3677	73 
3678	88 
3679	202 
3680	102 
3681	2 
3682	162 
3683	204 
3684	134 
3685	196 
3686	182 
3687	23 
3688	168 
3689	19 
3690	129 
3691	31 
3692	28 
3693	147 
3694	46 
3695	15 
3696	61 
3697	31 
3698	178 
3699	171 
3700	175 
3701	70 
3702	187 
3703	71 
3704	169 
3705	187 
3706	55 
3707	126 
3708	90 
3709	123 
3710	177 
3711	29 
3712	38 
3713	32 
3714	182 
3715	26 
3716	136 
3717	123 
3718	191 
3719	19 
3720	163 
3721	4 
3722	158 
3723	69 
3724	7 
3725	103 
3726	35 
3727	83 
3728	88 
3729	60 
3730	130 
3731	127 
3732	167 
3733	54 
3734	64 
3735	189 
3736	38 
3737	126 
3738	131 
3739	89 
3740	89 
3741	159 
3742	109 
3743	175 
3744	174 
3745	45 
3746	13 
3747	127 
3748	16 
3749	188 
3750	45 
3751	118 
3752	123 
3753	110 
3754	136 
3755	112 
3756	61 
3757	21 
3758	205 
3759	180 
3760	110 
3761	162 
3762	71 
3763	90 
3764	173 
3765	139 
3766	137 
3767	154 
3768	34 
3769	15 
3770	107 
3771	37 
3772	37 
3773	5 
3774	186 
3775	202 
3776	6 
3777	71 
3778	12 
3779	181 
3780	60 
3781	41 
3782	137 
3783	55 
3784	38 
3785	123 
3786	60 
3787	71 
3788	21 
3789	97 
3790	150 
3791	138 
3792	120 
3793	107 
3794	136 
3795	154 
3796	158 
3797	60 
3798	192 
3799	50 
3800	102 
3801	206 
3802	76 
3803	135 
3804	46 
3805	122 
3806	21 
3807	157 
3808	66 
3809	64 
3810	34 
3811	15 
3812	190 
3813	115 
3814	83 
3815	203 
3816	34 
3817	46 
3818	69 
3819	145 
3820	122 
3821	201 
3822	43 
3823	55 
3824	97 
3825	158 
3826	15 
3827	186 
3828	173 
3829	58 
3830	18 
3831	190 
3832	131 
3833	115 
3834	114 
3835	167 
3836	166 
3837	31 
3838	164 
3839	185 
3840	80 
3841	1 
3842	105 
3843	57 
3844	124 
3845	205 
3846	163 
3847	41 
3848	138 
3849	162 
3850	179 
3851	159 
3852	85 
3853	187 
3854	110 
3855	154 
3856	201 
3857	49 
3858	19 
3859	81 
3860	70 
3861	32 
3862	79 
3863	71 
3864	190 
3865	137 
3866	37 
3867	195 
3868	201 
3869	85 
3870	45 
3871	121 
3872	142 
3873	50 
3874	92 
3875	171 
3876	41 
3877	150 
3878	106 
3879	162 
3880	181 
3881	36 
3882	194 
3883	93 
3884	146 
3885	61 
3886	110 
3887	113 
3888	4 
3889	85 
3890	108 
3891	136 
3892	83 
3893	30 
3894	13 
3895	123 
3896	115 
3897	141 
3898	125 
3899	10 
3900	81 
3901	168 
3902	37 
3903	200 
3904	167 
3905	69 
3906	201 
3907	44 
3908	76 
3909	19 
3910	39 
3911	197 
3912	14 
3913	186 
3914	126 
3915	72 
3916	180 
3917	180 
3918	44 
3919	105 
3920	125 
3921	175 
3922	17 
3923	172 
3924	124 
3925	63 
3926	79 
3927	13 
3928	12 
3929	72 
3930	94 
3931	126 
3932	175 
3933	175 
3934	142 
3935	205 
3936	66 
3937	79 
3938	3 
3939	5 
3940	175 
3941	44 
3942	102 
3943	29 
3944	28 
3945	71 
3946	106 
3947	50 
3948	76 
3949	95 
3950	11 
3951	66 
3952	13 
3953	181 
3954	57 
3955	56 
3956	189 
3957	33 
3958	84 
3959	118 
3960	115 
3961	109 
3962	178 
3963	31 
3964	113 
3965	85 
3966	150 
3967	137 
3968	56 
3969	206 
3970	184 
3971	118 
3972	191 
3973	30 
3974	158 
3975	146 
3976	104 
3977	3 
3978	110 
3979	83 
3980	122 
3981	9 
3982	52 
3983	15 
3984	34 
3985	38 
3986	189 
3987	146 
3988	53 
3989	160 
3990	18 
3991	41 
3992	44 
3993	85 
3994	119 
3995	19 
3996	63 
3997	159 
3998	155 
3999	132 
4000	171 
4001	93 
4002	90 
4003	70 
4004	139 
4005	148 
4006	78 
4007	135 
4008	193 
4009	138 
4010	125 
4011	177 
4012	122 
4013	158 
4014	135 
4015	142 
4016	185 
4017	112 
4018	90 
4019	42 
4020	175 
4021	150 
4022	154 
4023	14 
4024	53 
4025	190 
4026	43 
4027	92 
4028	142 
4029	202 
4030	201 
4031	18 
4032	102 
4033	86 
4034	164 
4035	193 
4036	167 
4037	21 
4038	197 
4039	66 
4040	42 
4041	162 
4042	58 
4043	78 
4044	167 
4045	167 
4046	41 
4047	56 
4048	203 
4049	83 
4050	9 
4051	104 
4052	137 
4053	191 
4054	203 
4055	197 
4056	172 
4057	152 
4058	193 
4059	21 
4060	103 
4061	179 
4062	25 
4063	82 
4064	190 
4065	31 
4066	122 
4067	13 
4068	139 
4069	91 
4070	186 
4071	77 
4072	37 
4073	19 
4074	201 
4075	48 
4076	181 
4077	155 
4078	167 
4079	115 
4080	142 
4081	103 
4082	30 
4083	101 
4084	86 
4085	191 
4086	33 
4087	109 
4088	142 
4089	57 
4090	202 
4091	129 
4092	88 
4093	120 
4094	125 
4095	107 
4096	106 
4097	167 
4098	136 
4099	76 
4100	107 
4101	81 
4102	205 
4103	39 
4104	139 
4105	78 
4106	55 
4107	189 
4108	2 
4109	8 
4110	90 
4111	38 
4112	115 
4113	38 
4114	55 
4115	164 
4116	50 
4117	18 
4118	52 
4119	34 
4120	106 
4121	95 
4122	86 
4123	164 
4124	58 
4125	126 
4126	30 
4127	78 
4128	80 
4129	41 
4130	135 
4131	185 
4132	41 
4133	8 
4134	118 
4135	21 
4136	67 
4137	123 
4138	126 
4139	185 
4140	65 
4141	189 
4142	91 
4143	183 
4144	158 
4145	171 
4146	174 
4147	6 
4148	79 
4149	82 
4150	139 
4151	92 
4152	177 
4153	49 
4154	161 
4155	7 
4156	106 
4157	156 
4158	31 
4159	190 
4160	17 
4161	198 
4162	189 
4163	177 
4164	118 
4165	49 
4166	136 
4167	178 
4168	129 
4169	141 
4170	45 
4171	118 
4172	184 
4173	190 
4174	4 
4175	160 
4176	143 
4177	16 
4178	72 
4179	185 
4180	84 
4181	7 
4182	69 
4183	84 
4184	34 
4185	115 
4186	190 
4187	93 
4188	84 
4189	34 
4190	46 
4191	162 
4192	71 
4193	4 
4194	64 
4195	38 
4196	158 
4197	115 
4198	44 
4199	154 
4200	133 
4201	182 
4202	58 
4203	198 
4204	167 
4205	50 
4206	21 
4207	157 
4208	84 
4209	118 
4210	121 
4211	195 
4212	59 
4213	200 
4214	17 
4215	20 
4216	179 
4217	199 
4218	56 
4219	48 
4220	115 
4221	175 
4222	162 
4223	152 
4224	183 
4225	15 
4226	80 
4227	50 
4228	63 
4229	197 
4230	196 
4231	185 
4232	160 
4233	154 
4234	105 
4235	36 
4236	62 
4237	161 
4238	35 
4239	53 
4240	142 
4241	201 
4242	108 
4243	3 
4244	190 
4245	204 
4246	166 
4247	45 
4248	66 
4249	16 
4250	71 
4251	53 
4252	112 
4253	85 
4254	62 
4255	88 
4256	56 
4257	205 
4258	92 
4259	172 
4260	110 
4261	80 
4262	193 
4263	13 
4264	71 
4265	180 
4266	160 
4267	82 
4268	85 
4269	80 
4270	46 
4271	68 
4272	41 
4273	46 
4274	181 
4275	175 
4276	43 
4277	152 
4278	63 
4279	197 
4280	166 
4281	177 
4282	164 
4283	80 
4284	5 
4285	57 
4286	52 
4287	69 
4288	175 
4289	60 
4290	157 
4291	33 
4292	190 
4293	95 
4294	176 
4295	198 
4296	183 
4297	34 
4298	56 
4299	206 
4300	166 
4301	58 
4302	152 
4303	35 
4304	3 
4305	122 
4306	22 
4307	52 
4308	15 
4309	13 
4310	80 
4311	190 
4312	129 
4313	155 
4314	30 
4315	139 
4316	41 
4317	131 
4318	17 
4319	30 
4320	137 
4321	169 
4322	202 
4323	45 
4324	168 
4325	118 
4326	149 
4327	41 
4328	169 
4329	180 
4330	50 
4331	95 
4332	45 
4333	53 
4334	169 
4335	107 
4336	79 
4337	51 
4338	197 
4339	46 
4340	26 
4341	57 
4342	45 
4343	35 
4344	202 
4345	56 
4346	102 
4347	49 
4348	133 
4349	45 
4350	15 
4351	64 
4352	105 
4353	121 
4354	167 
4355	171 
4356	198 
4357	18 
4358	14 
4359	201 
4360	30 
4361	175 
4362	122 
4363	37 
4364	180 
4365	82 
4366	13 
4367	31 
4368	131 
4369	88 
4370	45 
4371	14 
4372	180 
4373	39 
4374	1 
4375	41 
4376	107 
4377	81 
4378	164 
4379	46 
4380	49 
4381	175 
4382	51 
4383	154 
4384	122 
4385	203 
4386	205 
4387	59 
4388	171 
4389	178 
4390	9 
4391	64 
4392	121 
4393	51 
4394	17 
4395	76 
4396	92 
4397	3 
4398	103 
4399	107 
4400	186 
4401	53 
4402	101 
4403	6 
4404	85 
4405	32 
4406	129 
4407	177 
4408	140 
4409	73 
4410	103 
4411	28 
4412	93 
4413	19 
4414	182 
4415	88 
4416	33 
4417	167 
4418	59 
4419	77 
4420	88 
4421	88 
4422	44 
4423	124 
4424	206 
4425	162 
4426	102 
4427	205 
4428	181 
4429	82 
4430	172 
4431	154 
4432	50 
4433	83 
4434	139 
4435	175 
4436	10 
4437	84 
4438	162 
4439	179 
4440	159 
4441	126 
4442	154 
4443	152 
4444	155 
4445	206 
4446	130 
4447	95 
4448	147 
4449	49 
4450	112 
4451	107 
4452	82 
4453	125 
4454	84 
4455	191 
4456	64 
4457	199 
4458	83 
4459	23 
4460	116 
4461	64 
4462	142 
4463	174 
4464	184 
4465	160 
4466	51 
4467	78 
4468	98 
4469	53 
4470	192 
4471	177 
4472	16 
4473	50 
4474	61 
4475	182 
4476	66 
4477	48 
4478	158 
4479	148 
4480	198 
4481	63 
4482	88 
4483	71 
4484	139 
4485	115 
4486	102 
4487	87 
4488	112 
4489	137 
4490	115 
4491	131 
4492	118 
4493	173 
4494	93 
4495	148 
4496	145 
4497	49 
4498	46 
4499	84 
4500	175 
4501	121 
4502	183 
4503	80 
4504	144 
4505	197 
4506	60 
4507	172 
4508	177 
4509	81 
4510	126 
4511	70 
4512	145 
4513	158 
4514	53 
4515	69 
4516	64 
4517	84 
4518	199 
4519	162 
4520	118 
4521	146 
4522	82 
4523	159 
4524	46 
4525	150 
4526	38 
4527	149 
4528	85 
4529	179 
4530	47 
4531	148 
4532	103 
4533	8 
4534	107 
4535	159 
4536	118 
4537	159 
4538	74 
4539	80 
4540	180 
4541	44 
4542	58 
4543	136 
4544	115 
4545	205 
4546	125 
4547	45 
4548	53 
4549	142 
4550	69 
4551	169 
4552	164 
4553	180 
4554	59 
4555	22 
4556	206 
4557	21 
4558	61 
4559	98 
4560	115 
4561	91 
4562	7 
4563	98 
4564	148 
4565	141 
4566	195 
4567	167 
4568	114 
4569	61 
4570	186 
4571	200 
4572	16 
4573	33 
4574	117 
4575	108 
4576	92 
4577	183 
4578	35 
4579	55 
4580	38 
4581	117 
4582	13 
4583	50 
4584	193 
4585	61 
4586	189 
4587	186 
4588	150 
4589	49 
4590	81 
4591	84 
4592	50 
4593	88 
4594	14 
4595	131 
4596	72 
4597	182 
4598	126 
4599	121 
4600	88 
4601	171 
4602	35 
4603	180 
4604	31 
4605	203 
4606	103 
4607	79 
4608	134 
4609	197 
4610	136 
4611	11 
4612	72 
4613	107 
4614	74 
4615	155 
4616	69 
4617	1 
4618	158 
4619	155 
4620	4 
4621	66 
4622	28 
4623	176 
4624	124 
4625	130 
4626	55 
4627	116 
4628	101 
4629	56 
4630	102 
4631	43 
4632	46 
4633	163 
4634	206 
4635	108 
4636	55 
4637	56 
4638	15 
4639	161 
4640	85 
4641	180 
4642	95 
4643	160 
4644	178 
4645	204 
4646	53 
4647	43 
4648	167 
4649	47 
4650	11 
4651	98 
4652	197 
4653	59 
4654	116 
4655	38 
4656	192 
4657	131 
4658	198 
4659	97 
4660	146 
4661	142 
4662	125 
4663	58 
4664	160 
4665	56 
4666	189 
4667	30 
4668	17 
4669	74 
4670	84 
4671	156 
4672	159 
4673	57 
4674	10 
4675	78 
4676	19 
4677	95 
4678	177 
4679	11 
4680	137 
4681	104 
4682	11 
4683	58 
4684	91 
4685	58 
4686	43 
4687	197 
4688	34 
4689	154 
4690	2 
4691	90 
4692	48 
4693	106 
4694	101 
4695	102 
4696	49 
4697	41 
4698	39 
4699	117 
4700	102 
4701	56 
4702	17 
4703	11 
4704	150 
4705	112 
4706	172 
4707	193 
4708	102 
4709	80 
4710	64 
4711	116 
4712	53 
4713	187 
4714	90 
4715	38 
4716	193 
4717	88 
4718	169 
4719	141 
4720	48 
4721	80 
4722	137 
4723	206 
4724	171 
4725	91 
4726	154 
4727	154 
4728	140 
4729	206 
4730	121 
4731	23 
4732	102 
4733	156 
4734	62 
4735	195 
4736	166 
4737	31 
4738	150 
4739	177 
4740	131 
4741	34 
4742	19 
4743	115 
4744	118 
4745	16 
4746	172 
4747	67 
4748	71 
4749	160 
4750	166 
4751	46 
4752	55 
4753	118 
4754	129 
4755	17 
4756	121 
4757	58 
4758	89 
4759	199 
4760	185 
4761	59 
4762	110 
4763	145 
4764	158 
4765	21 
4766	32 
4767	159 
4768	200 
4769	141 
4770	175 
4771	110 
4772	95 
4773	136 
4774	206 
4775	149 
4776	121 
4777	32 
4778	38 
4779	39 
4780	74 
4781	84 
4782	106 
4783	152 
4784	61 
4785	19 
4786	206 
4787	146 
4788	159 
4789	147 
4790	149 
4791	136 
4792	107 
4793	18 
4794	145 
4795	2 
4796	62 
4797	63 
4798	54 
4799	112 
4800	190 
4801	122 
4802	199 
4803	10 
4804	43 
4805	61 
4806	142 
4807	141 
4808	85 
4809	46 
4810	91 
4811	171 
4812	67 
4813	114 
4814	171 
4815	102 
4816	7 
4817	8 
4818	155 
4819	56 
4820	103 
4821	146 
4822	129 
4823	157 
4824	14 
4825	139 
4826	83 
4827	169 
4828	114 
4829	156 
4830	142 
4831	61 
4832	56 
4833	60 
4834	7 
4835	21 
4836	80 
4837	78 
4838	137 
4839	185 
4840	84 
4841	114 
4842	186 
4843	45 
4844	171 
4845	84 
4846	34 
4847	76 
4848	158 
4849	84 
4850	21 
4851	108 
4852	114 
4853	17 
4854	17 
4855	72 
4856	33 
4857	6 
4858	80 
4859	142 
4860	11 
4861	21 
4862	168 
4863	14 
4864	176 
4865	58 
4866	167 
4867	136 
4868	205 
4869	126 
4870	2 
4871	205 
4872	139 
4873	186 
4874	71 
4875	58 
4876	31 
4877	180 
4878	32 
4879	90 
4880	141 
4881	11 
4882	13 
4883	102 
4884	206 
4885	129 
4886	129 
4887	175 
4888	11 
4889	101 
4890	43 
4891	17 
4892	190 
4893	141 
4894	149 
4895	141 
4896	137 
4897	172 
4898	192 
4899	64 
4900	97 
4901	200 
4902	61 
4903	163 
4904	187 
4905	51 
4906	71 
4907	50 
4908	59 
4909	3 
4910	195 
4911	72 
4912	47 
4913	131 
4914	167 
4915	115 
4916	160 
4917	15 
4918	139 
4919	88 
4920	61 
4921	81 
4922	142 
4923	162 
4924	195 
4925	64 
4926	110 
4927	35 
4928	118 
4929	183 
4930	186 
4931	184 
4932	110 
4933	89 
4934	19 
4935	74 
4936	75 
4937	180 
4938	92 
4939	21 
4940	98 
4941	35 
4942	32 
4943	189 
4944	45 
4945	185 
4946	184 
4947	201 
4948	72 
4949	31 
4950	172 
4951	186 
4952	112 
4953	205 
4954	35 
4955	146 
4956	18 
4957	152 
4958	185 
4959	17 
4960	169 
4961	57 
4962	171 
4963	75 
4964	67 
4965	171 
4966	106 
4967	182 
4968	121 
4969	107 
4970	102 
4971	110 
4972	43 
4973	34 
4974	53 
4975	88 
4976	122 
4977	112 
4978	56 
4979	28 
4980	158 
4981	107 
4982	160 
4983	198 
4984	3 
4985	8 
4986	63 
4987	57 
4988	72 
4989	142 
4990	180 
4991	106 
4992	93 
4993	31 
4994	101 
4995	107 
4996	180 
4997	166 
4998	169 
4999	14 
5000	93 
