64, 730
52, 686, 107, 86, 462, 88, 318, 429, 246, 404, 3, 4, 25, 48, 49, 50, 54, 57, 60, 61, 63, 71, 74, 91, 94, 108, 111, 112, 120, 122, 126, 131, 134, 135, 139, 146, 148, 153, 161, 164, 169, 174, 176, 183, 195, 196, 197, 199, 206, 214, 221, 226, 228, 231, 232, 234, 236, 240, 242, 247, 251, 254, 258, 260, 261, 263, 265, 266, 270, 271, 285, 286, 294, 302, 304, 319, 320, 322, 324, 330, 334, 336, 339, 342, 343, 346, 348, 359, 366, 369, 372, 375, 376, 386, 395, 398, 412, 413, 423, 425, 430, 433, 435, 447, 455, 456, 457, 458, 459, 463, 464, 473, 476, 478, 482, 485, 486, 510, 520, 522, 526, 528, 529, 531, 533, 545, 546, 552, 557, 558, 565, 569, 571, 576, 581, 582, 586, 592, 593, 594, 599, 606, 607, 608, 611, 627, 629, 630, 633, 636, 638, 639, 656, 658, 663, 665, 672, 673, 678, 692, 695, 697, 698, 706, 707, 710, 719, 723, 724, 728, 733
513
1025
518
7
523
12
17
990, 771, 1458, 1278, 1014, 1020
19
534
1380, 222, 340
349
1447
1046
1435, 1245, 1437, 267, 1063, 1055, 818, 1337, 1051, 119, 1086, 885, 932, 1325, 312, 1152, 1461, 1317, 1478, 1479, 1179, 1041, 798, 1021, 1360, 1209, 1153, 1191, 406, 1270, 936, 973, 1463, 1112, 1028, 442, 1135, 941, 588, 490, 438, 824, 856, 515, 810, 1250, 1223, 961, 1148, 967, 773, 972, 782, 1413, 276, 878, 826, 1085, 1000, 944, 1306, 837, 1048, 1217, 1047, 1394, 1246, 296, 835, 1222, 1418, 1430, 993, 539, 1123, 956, 1104, 892, 1045, 907, 933, 1277, 390, 1232, 919, 935, 1401, 786, 1381, 1109, 1236, 1049, 880, 777, 781, 1395, 1134, 1081, 762, 1187, 927, 966, 1390, 1214, 1269, 1414, 1352, 1166, 1061, 765, 1482, 1164, 1392, 988, 791, 883, 1429, 1459, 767, 1280, 1329, 1177, 981, 1054, 953, 1351, 1427, 1446, 1200, 971, 778, 838, 865, 1384, 1402, 814, 989, 1091, 1426, 991, 1036, 817, 1374, 918, 1128, 788, 1407, 934, 1210, 1396, 1192, 806, 805, 807, 808, 813, 864, 1185, 815, 816, 1013, 823, 1010, 943, 1320, 836, 909, 959, 1359, 900, 937, 873, 852, 1088, 1274, 1163, 1125, 1211, 938, 1264, 1334, 1015, 1161, 1339, 895, 1371, 940, 1238, 1471, 974, 1425, 1300, 1362, 1162, 1149, 1226, 1309, 1276, 881, 1409, 1258, 886, 1315, 982, 922, 921, 947, 977, 1451, 994, 1038, 1476, 1103, 1449, 1004, 1195, 1024, 1031, 1040, 1460, 1083, 1345, 1117, 1333, 1140, 1456, 1168, 1171, 1212, 1216, 1412, 1239, 1253, 1263, 1282, 1313, 1326, 1382, 1410, 1431, 1439
450
542
11, 1378, 1379, 1119
30
945
37
553
554
44
1417
51
45, 235, 250, 364
1078
483, 446, 8, 393, 570, 577, 351, 449, 16, 579, 374, 22, 371, 268, 712, 649, 508, 35, 53, 56, 556, 249, 84, 731, 702, 165, 178, 436, 680, 223, 262, 532, 357, 315, 549, 494, 562, 683, 685, 715, 1074
141
1184
59
541, 38
62
613
1089
66
757
69
269
78, 185
76
1256, 1082, 1254, 1197, 1364, 1144, 1436, 894, 1068, 1368
129, 705
255
1102
208
401, 245, 1099, 67, 584, 103
83
862
595
516, 628, 716
1121, 768, 1455, 1268, 1003, 790, 857, 1018, 1113, 1198, 1237, 1303, 1342
502
601
212
622, 616
708
958
104
105
106
380
1136
1225
1189
499, 1261, 1289
632
128
367, 756, 218, 114, 341, 73, 186, 311, 149, 619, 166, 316, 194, 244, 293, 305, 379, 470, 507, 691
81, 368, 445
1295, 830, 1052, 1318, 1275, 1387, 1069, 792, 955, 839, 964, 801, 1373, 1290, 930, 1169, 942, 1176, 1180, 1208, 1249, 1257, 1450
338, 543
133
643
325
1160
1155
689
651
1170
654
655
152
179, 657
182, 666
1, 575, 644, 23, 434, 642, 85, 155, 323, 55, 664, 641, 2, 29, 544, 18, 431, 24, 547, 99, 144, 154, 159, 204, 650, 180, 495, 332, 172, 363, 389, 391, 238, 477, 669, 561, 563, 566, 754, 623, 687, 514, 737, 387, 40, 264, 241, 278, 567, 604, 512, 591, 596, 634, 9, 210, 741, 10, 535, 472, 72, 461, 301, 13, 440, 150, 297, 480, 729, 14, 454, 118, 347, 405, 493, 492, 676, 726, 187, 460, 394, 441, 189, 15, 27, 233, 609, 640, 162, 115, 259, 736, 282, 699, 156, 481, 181, 703, 31, 468, 202, 524, 109, 20, 693, 677, 89, 21, 191, 417, 675, 725, 615, 102, 170, 402, 610, 26, 585, 28, 453, 452, 168, 409, 220, 589, 167, 432, 32, 36, 377, 224, 560, 227, 229, 75, 489, 288, 465, 688, 612, 39, 399, 519, 637, 124, 42, 43, 46, 140, 209, 443, 727, 467, 68, 205, 70, 82, 396, 90, 714, 743, 100, 536, 484, 660, 326, 475, 538, 77, 79, 648, 410, 87, 98, 551, 620, 101, 137, 1229, 501, 113, 559, 117, 653, 631, 121, 123, 735, 295, 125, 132, 138, 713, 143, 281, 335, 645, 147, 527, 151, 157, 418, 160, 333, 163, 498, 313, 256, 253, 469, 479, 661, 283, 451, 177, 188, 190, 578, 573, 207, 211, 329, 217, 219, 287, 273, 307, 422, 415, 243, 317, 257, 300, 583, 274, 277, 279, 503, 289, 290, 298, 299, 303, 309, 331, 427, 337, 344, 350, 352, 355, 361, 362, 365, 667, 378, 381, 383, 384, 385, 618, 568, 694, 416, 420, 421, 428, 444, 448, 580, 755, 747, 809, 491, 504, 605, 721, 525, 537, 590, 861, 1131, 597, 602, 617, 626, 635, 646, 652, 668, 704, 711, 739, 749
670
603
820
200
1188
1159
1193
682
659, 382, 511
201, 496
171
175
690
1203
1204
310
700
1477
1213
1454
709
203
717
718
1240
1233
722
173, 213
215
145, 47, 345, 506, 614
424
732
1330, 1122, 1266, 1092, 879, 1419, 952, 1062, 1457, 796, 1009, 829, 846, 1219, 1044, 1115, 1252
292, 360
6, 426
738
437, 701
744
745
774, 1260, 1259
237
674
328
1267
403, 968
540
758
1481
116
761
1199, 998
759, 769, 770, 783, 785, 789, 795, 832, 844, 845, 853, 866, 867, 877, 902, 905, 906, 917, 923, 924, 928, 948, 957, 969, 976, 985, 986, 997, 999, 1002, 1011, 1012, 1016, 1022, 1027, 1032, 1033, 1035, 1039, 1043, 1050, 1056, 1059, 1066, 1073, 1094, 1098, 1107, 1110, 1111, 1118, 1120, 1132, 1137, 1138, 1142, 1143, 1147, 1151, 1173, 1174, 1181, 1228, 1230, 1235, 1241, 1243, 1248, 1272, 1283, 1284, 1285, 1292, 1294, 1299, 1311, 1312, 1324, 1327, 1347, 1358, 1363, 1370, 1376, 1386, 1400, 1424, 1443, 1452, 1453, 1462, 1464, 1465, 1466, 1480, 1483
252
1279
272
696
1302
280
819
1305
794
1307
797
327
799
800
1314
291
804
1316
1490
598
1273
897, 931
1331
308, 742
1183, 821
1023
306, 734
746
748
314, 753
750
1340
1341
751
752
321
834
564, 110, 198, 600, 681, 239
1100
1354
1361
850
1206
1365
996, 1231, 979, 963, 1251, 80, 855, 803, 1328, 1101, 1126, 1139, 1095, 908, 1215, 851, 1296, 1348, 1349, 1008, 828, 1389, 980, 1075, 1205, 760, 1194, 854, 775, 1221, 1357, 1422, 763, 1172, 1399, 1346, 1150, 766, 772, 1411, 1301, 1220, 889, 1007, 872, 1141, 1369, 843, 1489, 1080, 1472, 1105, 1130, 1154, 1207, 1308, 1344, 1255, 1406, 1421, 1441, 776, 1114, 784, 1408, 1026, 1470, 949, 787, 793, 946, 1321, 893, 1065, 914, 995, 1432, 811, 812, 1218, 827, 1298, 1158, 841, 1338, 847, 1053, 1287, 1133, 1202, 1093, 1356, 901, 1178, 860, 882, 899, 987, 1076, 1383, 1322, 1420, 1350, 1475, 1244, 1271, 1428, 1444, 1224, 1196, 1227, 1469, 1438, 903, 891, 1415, 1332, 965, 1146, 1323, 1077, 1156, 1116, 1433, 1017, 1393, 1404, 1423, 1343, 1265, 780, 1064, 975, 1242, 1097, 1090, 1157, 954, 1367, 871, 849, 1281, 1336, 1304, 915, 1474, 1485, 858, 1377, 1129, 1034, 1182, 1297, 869, 1165, 1416, 848, 1124, 1087, 1030, 1190, 992, 1353, 874, 1006, 1108, 825, 1467, 859, 876, 916, 925, 960, 1106, 1385, 1262, 1286, 1288, 1375, 1388, 1434
1293, 1391, 870
354
356
868
248, 574, 65, 97, 517, 275, 647, 95, 142, 521
679, 898, 1442
370
373
888
33, 555, 740
863
1037
1234, 1029
572, 34, 550, 530
388
1060
392
397
910
407
408
840
920
411
5, 720, 1070, 58, 136, 764, 1201, 842, 904, 1057, 1058
414
926
1440
929
158
419
1071
1448
939
1291
962, 831
951
1468
1398
1067, 216, 230, 802, 822, 1072, 1175, 833, 1487, 875, 896, 1084, 911, 1167, 1096, 1127, 1473, 1186, 1247, 1319, 1335, 1366, 1397, 1405
96, 662, 41, 625, 587, 358, 621, 192, 193, 548, 353, 439, 505, 466
500, 779, 1001, 950, 1145, 1445, 970, 1042, 983, 1355
913
1484
1486
1488
978
184, 225, 284, 474, 509, 890, 912, 1079
130
471
984
887
624, 884, 1403
400, 487
488
1372, 1310
93, 127, 684
1005
92
497
1019
671
