1 0.178006548301 0.577759288907 80 34 12.5

0 0.16296914916 0.582053714549 74 34 13.5135135135

0 0.157122528914 0.580127312815 74 32 13.5135135135

0 0.151625113425 0.578610095691 74 33 13.5135135135

0 0.146106351726 0.577242046829 74 35 13.5135135135

0 0.150869950328 0.578186713009 74 36 13.5135135135

0 0.137592427834 0.572828079498 75 35 13.3333333333

0 0.128373759809 0.572475266294 74 37 13.5135135135

0 0.137003940525 0.574461211714 74 38 13.5135135135

0 0.123582878763 0.572993731772 74 37 13.5135135135

0 0.127253589483 0.571036054484 74 36 13.5135135135

0 0.107956206384 0.570709886282 74 34 13.5135135135

0 0.124325242441 0.571475660219 74 34 13.5135135135

0 0.120903906446 0.570642526408 73 36 13.698630137

0 0.117538381285 0.570763693141 73 36 13.698630137

0 0.117128029302 0.571926083919 73 42 13.698630137

0 0.11525059279 0.570966940654 73 38 13.698630137

0 0.106977501109 0.567703953012 73 40 13.698630137

0 0.107127002987 0.567156337737 72 39 13.8888888889

0 0.106351499694 0.569334164339 72 40 13.8888888889

