0 0.707634072605 0.866078357789 91 31 10.989010989

0 0.698803191141 0.880799891364 84 28 11.6547619048

0 0.666596906569 0.878815800531 84 31 11.8928571429

0 0.657612676349 0.874866689514 82 29 11.8780487805

0 0.658098181164 0.875178909898 81 29 12.024691358

0 0.660686008509 0.873059907512 81 31 11.9012345679

0 0.666938451751 0.873084451783 80 30 11.9625

0 0.646086449337 0.871697131362 78 34 12.2692307692

0 0.646132660018 0.870719145551 78 31 12.2307692308

0 0.639916824054 0.869839184876 78 31 12.2051282051

0 0.632608060944 0.87173322553 78 30 12.7307692308

0 0.625949737102 0.869944419644 78 30 12.5

0 0.609539691054 0.870078461971 78 34 12.8205128205

0 0.602852867559 0.87083602175 77 35 12.7792207792

0 0.607335330369 0.870384944994 77 37 12.987012987

0 0.604130009421 0.870022921509 77 36 12.9350649351

0 0.620650146444 0.869094581475 77 37 12.5584415584

0 0.626070125443 0.870290768154 77 38 12.8051948052

0 0.601927039142 0.867796923046 76 35 13.0526315789

0 0.590187159365 0.864254068185 75 37 12.96

