0 0.728978958438 0.885721277243 84 23 11.9047619048

0 0.669126224915 0.875292529935 74 31 13.5135135135

0 0.645361856178 0.870871392086 68 30 14.7058823529

0 0.667662117793 0.868975428809 60 39 16.6666666667

0 0.652359889023 0.864492736269 59 43 16.9491525424

0 0.654391017574 0.864671433199 53 49 18.8679245283

0 0.664893773843 0.860821721641 48 53 20.8333333333

0 0.650778670165 0.858017794861 40 60 25.0

0 0.645706238709 0.852928237791 40 98 25.0

0 0.662996548704 0.850817869973 36 91 27.7777777778

0 0.650904588274 0.850912274886 35 104 28.5714285714

0 0.639885185132 0.844767006217 32 109 31.25

0 0.647639997348 0.843538230796 31 100 32.2580645161

0 0.640464580122 0.838344552074 28 109 35.7142857143

0 0.655300653715 0.835388297624 26 139 38.4615384615

0 0.648682527328 0.831472924272 26 165 38.4615384615

0 0.663483783898 0.813840372664 26 216 38.4615384615

0 0.650482349908 0.794091135121 25 265 40.0

0 0.633448680864 0.77751437707 24 298 41.6666666667

0 0.655899431971 0.737777960708 23 375 43.4782608696

