0 0.723391656851 0.882760522211 89 23 11.2359550562

0 0.697408131365 0.880575187238 84 24 11.8452380952

0 0.690061259574 0.880308271546 84 25 11.8333333333

0 0.692298396863 0.879825375837 84 26 11.8333333333

0 0.688306889465 0.879086843183 84 27 11.8333333333

0 0.678262667345 0.877927785146 84 27 11.8214285714

0 0.668098264053 0.876164019373 84 26 11.8214285714

0 0.67302043477 0.876077830096 84 26 11.7976190476

0 0.673572958874 0.874716578159 84 28 11.7976190476

0 0.663201543858 0.874494480006 84 31 11.7976190476

0 0.652047311083 0.874159326442 84 30 11.7976190476

0 0.653367608322 0.874354857838 84 32 11.7976190476

0 0.658295204074 0.872447266759 84 30 11.7976190476

0 0.651923913432 0.87176737427 84 33 11.8214285714

0 0.646574782333 0.872397679968 84 30 11.8214285714

0 0.641030173048 0.871366666933 84 31 11.8214285714

0 0.647631442779 0.871967168551 84 33 11.8095238095

0 0.645444315487 0.872376999015 84 37 11.8214285714

0 0.65105390226 0.873739902103 83 39 11.9879518072

0 0.646134864789 0.872502067939 83 39 11.9879518072

