0 0.729239817024 0.885512719898 85 31 11.7647058824

0 0.70729229916 0.882209835023 84 28 11.6428571429

0 0.699144562154 0.878030913129 81 30 11.6666666667

0 0.70182928898 0.873520784506 79 28 11.5063291139

0 0.70092422864 0.872165109943 77 26 11.5714285714

0 0.71194473719 0.869714879423 75 28 11.4933333333

0 0.710360269527 0.867090264553 74 29 11.472972973

0 0.716651722161 0.864171435374 73 25 11.2876712329

0 0.717377478557 0.861633898452 71 27 11.3521126761

0 0.719355495921 0.858782185267 68 30 11.7205882353

0 0.722875926735 0.855402513054 66 30 11.7424242424

0 0.731751370588 0.853447946387 65 32 11.6307692308

0 0.731814324596 0.849894918716 63 35 11.7619047619

0 0.745698402572 0.847811191103 62 40 11.6935483871

0 0.739387230591 0.846026933949 60 41 11.9166666667

0 0.735712441645 0.843458909838 59 46 11.813559322

0 0.742326397521 0.842257155102 59 46 11.6271186441

0 0.737245263571 0.839168590661 59 45 11.2542372881

0 0.727485371657 0.83340327635 59 45 11.0847457627

0 0.723697585872 0.831833492024 57 46 11.1052631579

