0 0.703859177089 0.862259605754 95 20 10.5263157895

0 0.69485089114 0.881644287289 86 22 11.511627907

0 0.679999068488 0.880910800442 86 23 11.6046511628

0 0.663776145115 0.876616092552 86 24 11.1860465116

0 0.650231817408 0.876654043665 86 25 11.476744186

0 0.645234105534 0.875544687582 85 28 11.7294117647

0 0.636614091931 0.873591371453 84 27 11.8571428571

0 0.641221599578 0.874783596054 83 24 12.0120481928

0 0.657088725163 0.872031395178 83 25 11.6746987952

0 0.669244012763 0.873186224821 82 23 11.7317073171

0 0.663755439352 0.872975473106 82 24 12.1219512195

0 0.673514300842 0.873661733242 82 24 11.743902439

0 0.669624558903 0.871853202721 81 25 11.8641975309

0 0.663266807197 0.873059297384 81 24 11.8518518519

0 0.66875617606 0.874089741884 80 25 12.15

0 0.662535747998 0.87363056047 80 27 12.5

0 0.669571665237 0.870090183902 80 26 12.0375

0 0.66391734607 0.871381624532 80 29 12.0375

0 0.648725230956 0.86869353314 80 35 12.0625

0 0.652764167478 0.870357030685 78 32 12.2948717949

