2 -0.697822723061 0.194256718311 178 20 5.61797752809

3 -0.725089603086 0.195496580359 115 28 8.32173913043

3 -0.712065560761 0.197116201588 102 47 9.13725490196

3 -0.694500859945 0.205971948441 100 93 8.97

3 -0.632871324507 0.195990736559 125 178 6.856

3 0.0187763015683 0 1 808 808.0

0 0.0198727632776 0 1 754 754.0

0 0.0208378585603 0 1 715 715.0

0 0.0206696416884 0 1 685 685.0

0 0.0207592034095 0 1 646 646.0

0 0.0240655135584 0 1 613 613.0

0 0.0218435073397 0 1 571 571.0

0 0.0255969683342 0 1 544 544.0

0 0.029740661158 0 1 510 510.0

0 0.0305894396221 0 1 483 483.0

0 0.0311957858018 0 1 463 463.0

0 0.0295560247637 0 1 443 443.0

0 0.0380791257234 0 1 407 407.0

0 0.037907154854 0 1 385 385.0

0 0.0380593080819 0 1 367 367.0

