0 0.729524990184 0.885568372884 86 20 11.6279069767

0 0.720919001527 0.87747055984 85 33 11.3647058824

0 0.731083294403 0.872884441775 80 29 11.7375

0 0.754979092819 0.866526804977 78 29 11.5128205128

0 0.753516822752 0.861793232513 77 29 11.5844155844

0 0.763307979035 0.855532565267 76 32 11.4473684211

0 0.762795144353 0.851613580607 74 31 11.4864864865

0 0.775162545916 0.843713687019 73 26 11.1917808219

0 0.781383616846 0.836415233103 74 27 10.4864864865

0 0.78462423381 0.823779863671 75 31 10.04

0 0.760863079251 0.818169161195 73 28 10.1232876712

0 0.773676621525 0.815031164491 73 27 10.0

0 0.76740157424 0.808733095337 77 30 9.2987012987

0 0.764422992891 0.802112862211 79 31 8.98734177215

0 0.745024184843 0.790954716164 79 25 8.75949367089

0 0.743037122766 0.776745068609 79 29 8.54430379747

0 0.74835612174 0.770215380382 79 26 8.41772151899

0 0.725130544995 0.756972319161 79 30 8.26582278481

0 0.727256973663 0.746365139397 83 27 7.79518072289

0 0.713534205318 0.736556183286 84 35 7.60714285714

