0 0.729224990184 0.885721034923 85 20 11.7647058824

0 0.538465039633 0.859325791026 67 42 14.9253731343

0 0.520608857951 0.856795354836 53 49 18.8679245283

0 0.47655350494 0.850937322572 48 53 20.8333333333

0 0.438502915086 0.819517820424 46 77 21.7391304348

0 0.468567307181 0.835772290518 39 96 25.641025641

0 0.526285501298 0.834650514614 35 99 28.5714285714

0 0.504585963684 0.824798606644 31 96 32.2580645161

0 0.485971090507 0.820239295883 29 104 34.4827586207

0 0.444691251099 0.817243944758 27 107 37.037037037

0 0.451011460985 0.806446371819 25 132 40.0

0 0.433036485363 0.790751406241 23 150 43.4782608696

0 0.386436676954 0.787935293875 22 145 45.4545454545

0 0.41332454883 0.784229513394 22 145 45.4545454545

0 0.46917488247 0.795975591422 22 142 45.4545454545

0 0.444957279172 0.76274561466 21 216 47.619047619

0 0.457890293964 0.764543335231 19 215 52.6315789474

0 0.471934237658 0.762634852004 16 212 62.5

0 0.467144740992 0.755985673834 16 235 62.5

0 0.495176827245 0.751366557887 16 270 62.5

