0 0.729292847327 0.885628872285 84 23 11.9047619048

0 0.688602236029 0.880341941359 83 24 12.0481927711

0 0.672771119769 0.878458208963 83 26 12.0481927711

0 0.673521956763 0.876308894599 83 27 12.0481927711

0 0.668574005127 0.875392628167 82 25 12.1951219512

0 0.671620031289 0.875054372645 81 29 12.3456790123

0 0.677409680082 0.874813891207 80 28 12.5

0 0.659166077778 0.872872875715 79 27 12.6582278481

0 0.650832041668 0.872994852232 79 24 12.6582278481

0 0.645171383407 0.873129495672 77 30 12.987012987

0 0.643765619954 0.870527469831 77 31 12.987012987

0 0.634280498638 0.870648145726 77 31 12.987012987

0 0.629320796171 0.870664446324 77 30 12.987012987

0 0.647712710385 0.872759128783 76 30 13.1578947368

0 0.632228621843 0.872286584859 76 32 13.1578947368

0 0.638373573825 0.871955563102 75 30 13.3333333333

0 0.652112783222 0.872784561734 75 30 13.3333333333

0 0.646735916835 0.871996219455 74 28 13.5135135135

0 0.634317462375 0.871348361836 73 30 13.698630137

0 0.626394734394 0.868426359207 73 31 13.698630137

