0 0.729524990184 0.885568372884 86 20 11.6279069767

0 0.663771049036 0.871056471804 69 45 14.4927536232

0 0.651468971478 0.865834304462 57 51 17.5438596491

0 0.651493580895 0.861598576407 53 68 18.8679245283

0 0.644844609003 0.856336387063 48 86 20.8333333333

0 0.660664492446 0.855281086319 40 103 25.0

0 0.65647122076 0.845036526548 36 137 27.7777777778

0 0.660631194167 0.83748461701 31 169 32.2580645161

0 0.64415648745 0.821995334399 29 214 34.4827586207

1 0.633437663051 0.761402285482 23 342 43.4782608696

1 0.646741752705 0.697849727744 21 444 47.619047619

1 0.642157668054 0.615673583882 16 551 62.5

1 0.623518941086 0.454026404153 14 708 71.4285714286

1 0.611773272209 0.315156617963 9 820 111.111111111

1 0.610766336007 0.172316504328 6 903 166.666666667

1 0.604802038746 0.0687955032544 3 964 333.333333333

0 0.584293123414 0 1 1000 1000.0

0 0.587751828194 0 1 1000 1000.0

0 0.600067944654 0 1 1000 1000.0

0 0.598985661337 0 1 1000 1000.0

