1	3 
2	80 
3	149 
4	141 
5	178 
6	170 
7	103 
8	123 
9	122 
10	189 
11	129 
12	46 
13	72 
14	119 
15	163 
16	92 
17	3 
18	65 
19	45 
20	75 
21	75 
22	34 
23	176 
24	192 
25	206 
26	172 
27	100 
28	126 
29	131 
30	46 
31	98 
32	60 
33	199 
34	122 
35	137 
36	24 
37	12 
38	80 
39	139 
40	71 
41	64 
42	20 
43	30 
44	41 
45	36 
46	139 
47	63 
48	164 
49	96 
50	49 
51	115 
52	38 
53	50 
54	13 
55	126 
56	178 
57	121 
58	88 
59	144 
60	158 
61	189 
62	170 
63	139 
64	85 
65	196 
66	136 
67	155 
68	49 
69	25 
70	90 
71	204 
72	28 
73	44 
74	141 
75	50 
76	160 
77	198 
78	171 
79	200 
80	156 
81	82 
82	104 
83	83 
84	167 
85	39 
86	49 
87	7 
88	118 
89	31 
90	162 
91	121 
92	138 
93	15 
94	16 
95	50 
96	31 
97	3 
98	28 
99	202 
100	175 
101	48 
102	71 
103	57 
104	100 
105	34 
106	11 
107	88 
108	158 
109	175 
110	148 
111	75 
112	103 
113	146 
114	162 
115	187 
116	31 
117	206 
118	136 
119	44 
120	136 
121	151 
122	186 
123	97 
124	80 
125	158 
126	136 
127	206 
128	183 
129	90 
130	11 
131	185 
132	153 
133	8 
134	188 
135	41 
136	71 
137	150 
138	172 
139	169 
140	84 
141	72 
142	182 
143	75 
144	206 
145	19 
146	60 
147	192 
148	47 
149	1 
150	59 
151	48 
152	45 
153	183 
154	193 
155	129 
156	112 
157	32 
158	21 
159	190 
160	134 
161	35 
162	122 
163	24 
164	138 
165	118 
166	123 
167	43 
168	181 
169	109 
170	182 
171	15 
172	71 
173	186 
174	123 
175	53 
176	150 
177	141 
178	38 
179	51 
180	63 
181	98 
182	121 
183	143 
184	78 
185	162 
186	106 
187	31 
188	184 
189	19 
190	11 
191	105 
192	175 
193	154 
194	142 
195	21 
196	150 
197	114 
198	185 
199	137 
200	163 
201	73 
202	21 
203	115 
204	93 
205	115 
206	75 
207	158 
208	31 
209	63 
210	154 
211	201 
212	177 
213	57 
214	34 
215	106 
216	198 
217	182 
218	80 
219	3 
220	44 
221	106 
222	54 
223	122 
224	206 
225	164 
226	58 
227	38 
228	171 
229	45 
230	166 
231	195 
232	61 
233	200 
234	60 
235	17 
236	198 
237	8 
238	49 
239	70 
240	37 
241	154 
242	206 
243	187 
244	18 
245	150 
246	167 
247	30 
248	40 
249	49 
250	45 
251	22 
252	32 
253	64 
254	38 
255	123 
256	114 
257	27 
258	21 
259	183 
260	173 
261	129 
262	51 
263	123 
264	53 
265	168 
266	43 
267	202 
268	125 
269	69 
270	46 
271	82 
272	110 
273	193 
274	154 
275	92 
276	17 
277	52 
278	180 
279	117 
280	129 
281	192 
282	177 
283	34 
284	63 
285	21 
286	46 
287	91 
288	137 
289	9 
290	71 
291	41 
292	38 
293	56 
294	129 
295	200 
296	43 
297	188 
298	113 
299	141 
300	172 
301	5 
302	159 
303	53 
304	130 
305	53 
306	22 
307	18 
308	53 
309	34 
310	79 
311	129 
312	65 
313	49 
314	190 
315	200 
316	24 
317	30 
318	193 
319	116 
320	94 
321	17 
322	102 
323	58 
324	149 
325	105 
326	71 
327	198 
328	124 
329	199 
330	172 
331	3 
332	140 
333	134 
334	18 
335	142 
336	205 
337	193 
338	46 
339	10 
340	52 
341	156 
342	83 
343	64 
344	56 
345	21 
346	45 
347	89 
348	53 
349	186 
350	105 
351	126 
352	176 
353	50 
354	126 
355	139 
356	55 
357	44 
358	170 
359	166 
360	131 
361	158 
362	112 
363	155 
364	103 
365	206 
366	205 
367	3 
368	176 
369	128 
370	103 
371	177 
372	61 
373	149 
374	191 
375	105 
376	10 
377	50 
378	14 
379	32 
380	123 
381	79 
382	154 
383	84 
384	55 
385	166 
386	115 
387	163 
388	116 
389	112 
390	137 
391	186 
392	51 
393	37 
394	111 
395	15 
396	109 
397	146 
398	120 
399	17 
400	195 
401	31 
402	51 
403	143 
404	85 
405	53 
406	169 
407	53 
408	166 
409	9 
410	21 
411	178 
412	136 
413	45 
414	175 
415	30 
416	123 
417	149 
418	202 
419	125 
420	94 
421	159 
422	58 
423	137 
424	175 
425	15 
426	143 
427	142 
428	161 
429	55 
430	23 
431	68 
432	78 
433	58 
434	81 
435	199 
436	88 
437	195 
438	69 
439	74 
440	53 
441	198 
442	113 
443	39 
444	50 
445	45 
446	185 
447	44 
448	47 
449	205 
450	16 
451	163 
452	27 
453	23 
454	200 
455	159 
456	10 
457	169 
458	161 
459	144 
460	2 
461	136 
462	175 
463	115 
464	183 
465	97 
466	15 
467	192 
468	131 
469	85 
470	34 
471	202 
472	159 
473	45 
474	22 
475	6 
476	205 
477	175 
478	190 
479	201 
480	13 
481	50 
482	161 
483	84 
484	47 
485	10 
486	121 
487	167 
488	45 
489	135 
490	107 
491	113 
492	142 
493	183 
494	17 
495	14 
496	201 
497	181 
498	46 
499	34 
500	61 
501	172 
502	16 
503	199 
504	84 
505	184 
506	59 
507	166 
508	167 
509	77 
510	167 
511	53 
512	65 
513	43 
514	166 
515	150 
516	139 
517	179 
518	115 
519	38 
520	79 
521	89 
522	105 
523	204 
524	46 
525	129 
526	143 
527	148 
528	185 
529	164 
530	74 
531	201 
532	9 
533	122 
534	69 
535	71 
536	92 
537	52 
538	14 
539	135 
540	2 
541	102 
542	193 
543	195 
544	153 
545	114 
546	177 
547	3 
548	140 
549	182 
550	142 
551	102 
552	161 
553	11 
554	9 
555	111 
556	67 
557	150 
558	161 
559	168 
560	41 
561	23 
562	147 
563	45 
564	205 
565	17 
566	2 
567	41 
568	38 
569	13 
570	121 
571	197 
572	145 
573	157 
574	19 
575	48 
576	60 
577	115 
578	17 
579	34 
580	42 
581	137 
582	12 
583	206 
584	107 
585	68 
586	151 
587	50 
588	41 
589	151 
590	157 
591	171 
592	45 
593	66 
594	62 
595	91 
596	177 
597	82 
598	111 
599	185 
600	95 
601	176 
602	139 
603	142 
604	199 
605	136 
606	30 
607	155 
608	74 
609	126 
610	98 
611	16 
612	43 
613	175 
614	190 
615	51 
616	71 
617	97 
618	195 
619	116 
620	122 
621	186 
622	159 
623	190 
624	162 
625	126 
626	129 
627	20 
628	160 
629	164 
630	89 
631	185 
632	149 
633	18 
634	205 
635	180 
636	178 
637	184 
638	131 
639	166 
640	15 
641	112 
642	180 
643	62 
644	84 
645	31 
646	127 
647	131 
648	58 
649	164 
650	172 
651	180 
652	148 
653	181 
654	176 
655	142 
656	115 
657	186 
658	37 
659	147 
660	89 
661	116 
662	198 
663	27 
664	84 
665	11 
666	60 
667	113 
668	179 
669	84 
670	139 
671	60 
672	112 
673	121 
674	13 
675	88 
676	129 
677	165 
678	185 
679	4 
680	206 
681	57 
682	104 
683	150 
684	159 
685	141 
686	97 
687	203 
688	122 
689	32 
690	46 
691	17 
692	146 
693	121 
694	104 
695	136 
696	72 
697	56 
698	102 
699	106 
700	58 
701	34 
702	109 
703	115 
704	95 
705	55 
706	55 
707	46 
708	4 
709	6 
710	45 
711	141 
712	166 
713	21 
714	126 
715	128 
716	142 
717	136 
718	76 
719	202 
720	92 
721	197 
722	12 
723	41 
724	197 
725	56 
726	126 
727	11 
728	47 
729	44 
730	74 
731	142 
732	172 
733	140 
734	21 
735	204 
736	188 
737	64 
738	201 
739	121 
740	180 
741	178 
742	71 
743	35 
744	110 
745	137 
746	71 
747	145 
748	175 
749	103 
750	6 
751	158 
752	198 
753	175 
754	89 
755	71 
756	49 
757	15 
758	90 
759	84 
760	53 
761	115 
762	107 
763	155 
764	116 
765	166 
766	60 
767	164 
768	58 
769	164 
770	154 
771	64 
772	99 
773	142 
774	40 
775	151 
776	50 
777	64 
778	17 
779	22 
780	125 
781	137 
782	4 
783	34 
784	110 
785	133 
786	204 
787	133 
788	197 
789	122 
790	147 
791	53 
792	110 
793	103 
794	95 
795	133 
796	90 
797	131 
798	179 
799	11 
800	185 
801	201 
802	13 
803	35 
804	79 
805	53 
806	101 
807	99 
808	53 
809	96 
810	154 
811	142 
812	181 
813	83 
814	187 
815	104 
816	78 
817	168 
818	183 
819	166 
820	162 
821	130 
822	93 
823	184 
824	178 
825	79 
826	28 
827	167 
828	126 
829	79 
830	99 
831	140 
832	22 
833	26 
834	19 
835	64 
836	164 
837	119 
838	84 
839	205 
840	117 
841	174 
842	194 
843	45 
844	97 
845	100 
846	49 
847	161 
848	62 
849	164 
850	148 
851	154 
852	142 
853	45 
854	29 
855	61 
856	192 
857	80 
858	39 
859	144 
860	46 
861	142 
862	172 
863	190 
864	21 
865	15 
866	55 
867	119 
868	101 
869	136 
870	28 
871	2 
872	121 
873	15 
874	198 
875	201 
876	111 
877	15 
878	83 
879	134 
880	125 
881	45 
882	147 
883	35 
884	27 
885	47 
886	176 
887	103 
888	124 
889	81 
890	169 
891	175 
892	203 
893	132 
894	98 
895	49 
896	26 
897	152 
898	63 
899	54 
900	150 
901	187 
902	9 
903	177 
904	181 
905	57 
906	108 
907	85 
908	23 
909	176 
910	201 
911	88 
912	115 
913	171 
914	91 
915	53 
916	42 
917	125 
918	154 
919	122 
920	135 
921	7 
922	138 
923	56 
924	26 
925	105 
926	107 
927	193 
928	50 
929	197 
930	33 
931	185 
932	192 
933	62 
934	17 
935	167 
936	146 
937	137 
938	157 
939	131 
940	50 
941	140 
942	96 
943	38 
944	66 
945	98 
946	49 
947	200 
948	11 
949	140 
950	30 
951	205 
952	178 
953	88 
954	78 
955	35 
956	149 
957	19 
958	80 
959	118 
960	175 
961	132 
962	63 
963	86 
964	76 
965	38 
966	130 
967	195 
968	19 
969	55 
970	85 
971	19 
972	122 
973	45 
974	68 
975	30 
976	87 
977	175 
978	180 
979	110 
980	141 
981	136 
982	73 
983	185 
984	123 
985	63 
986	100 
987	168 
988	139 
989	167 
990	84 
991	8 
992	48 
993	139 
994	22 
995	88 
996	99 
997	175 
998	102 
999	58 
1000	6 
1001	85 
1002	102 
1003	121 
1004	95 
1005	139 
1006	172 
1007	80 
1008	131 
1009	195 
1010	57 
1011	166 
1012	64 
1013	192 
1014	61 
1015	116 
1016	161 
1017	67 
1018	140 
1019	137 
1020	126 
1021	187 
1022	145 
1023	49 
1024	52 
1025	167 
1026	155 
1027	53 
1028	147 
1029	160 
1030	51 
1031	15 
1032	179 
1033	175 
1034	58 
1035	203 
1036	92 
1037	167 
1038	171 
1039	26 
1040	182 
1041	139 
1042	58 
1043	190 
1044	38 
1045	180 
1046	202 
1047	124 
1048	125 
1049	140 
1050	76 
1051	202 
1052	59 
1053	38 
1054	203 
1055	176 
1056	166 
1057	34 
1058	88 
1059	154 
1060	46 
1061	138 
1062	44 
1063	166 
1064	88 
1065	66 
1066	110 
1067	112 
1068	201 
1069	185 
1070	26 
1071	77 
1072	42 
1073	164 
1074	1 
1075	12 
1076	177 
1077	33 
1078	186 
1079	146 
1080	166 
1081	142 
1082	8 
1083	14 
1084	1 
1085	172 
1086	189 
1087	113 
1088	69 
1089	29 
1090	198 
1091	199 
1092	138 
1093	41 
1094	118 
1095	119 
1096	30 
1097	158 
1098	37 
1099	38 
1100	180 
1101	36 
1102	34 
1103	154 
1104	136 
1105	112 
1106	34 
1107	83 
1108	141 
1109	67 
1110	23 
1111	93 
1112	204 
1113	140 
1114	112 
1115	156 
1116	56 
1117	51 
1118	183 
1119	190 
1120	123 
1121	93 
1122	103 
1123	196 
1124	193 
1125	69 
1126	190 
1127	66 
1128	145 
1129	55 
1130	82 
1131	98 
1132	195 
1133	154 
1134	92 
1135	80 
1136	21 
1137	172 
1138	115 
1139	15 
1140	132 
1141	93 
1142	136 
1143	32 
1144	115 
1145	42 
1146	82 
1147	116 
1148	52 
1149	77 
1150	121 
1151	204 
1152	175 
1153	185 
1154	123 
1155	197 
1156	20 
1157	34 
1158	53 
1159	193 
1160	49 
1161	103 
1162	80 
1163	8 
1164	171 
1165	189 
1166	205 
1167	195 
1168	103 
1169	115 
1170	171 
1171	200 
1172	172 
1173	165 
1174	152 
1175	15 
1176	81 
1177	44 
1178	162 
1179	84 
1180	62 
1181	59 
1182	132 
1183	114 
1184	103 
1185	52 
1186	67 
1187	62 
1188	71 
1189	147 
1190	157 
1191	205 
1192	17 
1193	126 
1194	161 
1195	110 
1196	169 
1197	110 
1198	56 
1199	102 
1200	16 
1201	30 
1202	13 
1203	40 
1204	123 
1205	154 
1206	153 
1207	162 
1208	84 
1209	71 
1210	197 
1211	49 
1212	171 
1213	33 
1214	127 
1215	141 
1216	114 
1217	177 
1218	172 
1219	112 
1220	204 
1221	114 
1222	127 
1223	60 
1224	109 
1225	180 
1226	206 
1227	103 
1228	54 
1229	110 
1230	56 
1231	152 
1232	194 
1233	185 
1234	106 
1235	186 
1236	164 
1237	102 
1238	84 
1239	80 
1240	190 
1241	118 
1242	201 
1243	158 
1244	82 
1245	158 
1246	46 
1247	161 
1248	60 
1249	148 
1250	105 
1251	33 
1252	151 
1253	205 
1254	64 
1255	75 
1256	200 
1257	167 
1258	197 
1259	89 
1260	177 
1261	50 
1262	205 
1263	164 
1264	3 
1265	158 
1266	113 
1267	149 
1268	19 
1269	98 
1270	102 
1271	139 
1272	19 
1273	123 
1274	203 
1275	92 
1276	184 
1277	59 
1278	169 
1279	154 
1280	203 
1281	66 
1282	91 
1283	149 
1284	85 
1285	139 
1286	146 
1287	162 
1288	172 
1289	203 
1290	155 
1291	79 
1292	148 
1293	106 
1294	173 
1295	80 
1296	61 
1297	55 
1298	97 
1299	124 
1300	184 
1301	191 
1302	79 
1303	152 
1304	185 
1305	22 
1306	43 
1307	15 
1308	30 
1309	179 
1310	59 
1311	95 
1312	135 
1313	26 
1314	66 
1315	183 
1316	112 
1317	183 
1318	14 
1319	149 
1320	206 
1321	40 
1322	21 
1323	165 
1324	206 
1325	126 
1326	137 
1327	87 
1328	101 
1329	125 
1330	79 
1331	169 
1332	6 
1333	85 
1334	191 
1335	82 
1336	201 
1337	10 
1338	186 
1339	2 
1340	133 
1341	19 
1342	4 
1343	46 
1344	177 
1345	101 
1346	55 
1347	16 
1348	24 
1349	123 
1350	198 
1351	156 
1352	32 
1353	164 
1354	10 
1355	121 
1356	108 
1357	133 
1358	43 
1359	14 
1360	69 
1361	30 
1362	76 
1363	105 
1364	156 
1365	88 
1366	63 
1367	75 
1368	55 
1369	142 
1370	60 
1371	38 
1372	198 
1373	115 
1374	190 
1375	129 
1376	29 
1377	21 
1378	194 
1379	150 
1380	90 
1381	30 
1382	84 
1383	205 
1384	85 
1385	55 
1386	203 
1387	124 
1388	116 
1389	53 
1390	143 
1391	167 
1392	123 
1393	71 
1394	56 
1395	9 
1396	34 
1397	62 
1398	197 
1399	131 
1400	162 
1401	158 
1402	38 
1403	191 
1404	78 
1405	102 
1406	142 
1407	183 
1408	148 
1409	2 
1410	7 
1411	66 
1412	90 
1413	19 
1414	31 
1415	114 
1416	126 
1417	136 
1418	131 
1419	185 
1420	83 
1421	124 
1422	177 
1423	117 
1424	81 
1425	185 
1426	173 
1427	202 
1428	198 
1429	34 
1430	20 
1431	51 
1432	55 
1433	154 
1434	17 
1435	81 
1436	175 
1437	121 
1438	74 
1439	109 
1440	180 
1441	157 
1442	102 
1443	187 
1444	53 
1445	125 
1446	5 
1447	33 
1448	129 
1449	152 
1450	73 
1451	189 
1452	98 
1453	44 
1454	138 
1455	60 
1456	166 
1457	108 
1458	16 
1459	167 
1460	90 
1461	190 
1462	108 
1463	90 
1464	152 
1465	79 
1466	154 
1467	36 
1468	85 
1469	54 
1470	58 
1471	140 
1472	34 
1473	71 
1474	136 
1475	83 
1476	137 
1477	18 
1478	154 
1479	120 
1480	137 
1481	203 
1482	40 
1483	56 
1484	107 
1485	55 
1486	147 
1487	201 
1488	142 
1489	196 
1490	2 
1491	83 
1492	133 
1493	121 
1494	18 
1495	93 
1496	55 
1497	129 
1498	129 
1499	91 
1500	66 
1501	69 
1502	180 
1503	150 
1504	145 
1505	52 
1506	56 
1507	94 
1508	106 
1509	112 
1510	190 
1511	135 
1512	170 
1513	55 
1514	19 
1515	28 
1516	6 
1517	32 
1518	159 
1519	131 
1520	94 
1521	139 
1522	148 
1523	44 
1524	15 
1525	121 
1526	25 
1527	122 
1528	82 
1529	56 
1530	134 
1531	146 
1532	112 
1533	18 
1534	38 
1535	188 
1536	17 
1537	166 
1538	200 
1539	183 
1540	24 
1541	116 
1542	61 
1543	15 
1544	40 
1545	120 
1546	138 
1547	39 
1548	10 
1549	179 
1550	114 
1551	63 
1552	105 
1553	43 
1554	206 
1555	139 
1556	98 
1557	89 
1558	126 
1559	129 
1560	125 
1561	46 
1562	45 
1563	81 
1564	119 
1565	107 
1566	15 
1567	202 
1568	48 
1569	180 
1570	121 
1571	5 
1572	124 
1573	66 
1574	9 
1575	132 
1576	75 
1577	196 
1578	9 
1579	41 
1580	131 
1581	38 
1582	80 
1583	13 
1584	25 
1585	16 
1586	130 
1587	58 
1588	121 
1589	205 
1590	190 
1591	144 
1592	21 
1593	55 
1594	141 
1595	206 
1596	187 
1597	89 
1598	170 
1599	142 
1600	66 
1601	37 
1602	165 
1603	85 
1604	112 
1605	139 
1606	206 
1607	15 
1608	6 
1609	90 
1610	130 
1611	185 
1612	187 
1613	84 
1614	27 
1615	174 
1616	118 
1617	172 
1618	86 
1619	193 
1620	125 
1621	31 
1622	52 
1623	181 
1624	119 
1625	4 
1626	171 
1627	105 
1628	45 
1629	183 
1630	17 
1631	154 
1632	204 
1633	193 
1634	65 
1635	50 
1636	150 
1637	171 
1638	130 
1639	146 
1640	118 
1641	25 
1642	68 
1643	172 
1644	13 
1645	102 
1646	131 
1647	186 
1648	43 
1649	43 
1650	13 
1651	90 
1652	199 
1653	154 
1654	61 
1655	180 
1656	159 
1657	31 
1658	158 
1659	53 
1660	185 
1661	158 
1662	30 
1663	104 
1664	25 
1665	185 
1666	191 
1667	191 
1668	67 
1669	34 
1670	38 
1671	3 
1672	194 
1673	162 
1674	31 
1675	142 
1676	110 
1677	7 
1678	50 
1679	61 
1680	31 
1681	206 
1682	21 
1683	49 
1684	192 
1685	72 
1686	148 
1687	183 
1688	136 
1689	5 
1690	157 
1691	96 
1692	185 
1693	93 
1694	64 
1695	98 
1696	71 
1697	145 
1698	175 
1699	77 
1700	59 
1701	13 
1702	58 
1703	60 
1704	29 
1705	3 
1706	122 
1707	170 
1708	45 
1709	9 
1710	107 
1711	136 
1712	168 
1713	64 
1714	14 
1715	129 
1716	206 
1717	202 
1718	153 
1719	79 
1720	134 
1721	131 
1722	67 
1723	118 
1724	14 
1725	62 
1726	31 
1727	122 
1728	75 
1729	196 
1730	33 
1731	45 
1732	62 
1733	156 
1734	105 
1735	79 
1736	130 
1737	137 
1738	61 
1739	70 
1740	75 
1741	86 
1742	7 
1743	139 
1744	59 
1745	36 
1746	106 
1747	186 
1748	129 
1749	142 
1750	161 
1751	159 
1752	199 
1753	137 
1754	137 
1755	84 
1756	61 
1757	46 
1758	173 
1759	32 
1760	142 
1761	166 
1762	154 
1763	101 
1764	95 
1765	101 
1766	129 
1767	125 
1768	85 
1769	84 
1770	53 
1771	180 
1772	76 
1773	131 
1774	43 
1775	129 
1776	174 
1777	84 
1778	185 
1779	58 
1780	15 
1781	156 
1782	45 
1783	167 
1784	125 
1785	23 
1786	34 
1787	144 
1788	186 
1789	88 
1790	189 
1791	26 
1792	37 
1793	160 
1794	95 
1795	30 
1796	142 
1797	30 
1798	194 
1799	112 
1800	180 
1801	121 
1802	15 
1803	193 
1804	58 
1805	169 
1806	34 
1807	27 
1808	33 
1809	175 
1810	53 
1811	18 
1812	190 
1813	114 
1814	200 
1815	177 
1816	71 
1817	75 
1818	103 
1819	62 
1820	50 
1821	168 
1822	123 
1823	84 
1824	2 
1825	18 
1826	49 
1827	190 
1828	78 
1829	7 
1830	190 
1831	127 
1832	199 
1833	80 
1834	193 
1835	169 
1836	167 
1837	69 
1838	113 
1839	49 
1840	149 
1841	172 
1842	10 
1843	118 
1844	35 
1845	148 
1846	177 
1847	61 
1848	110 
1849	115 
1850	82 
1851	131 
1852	142 
1853	200 
1854	60 
1855	39 
1856	91 
1857	194 
1858	65 
1859	2 
1860	110 
1861	30 
1862	164 
1863	71 
1864	143 
1865	78 
1866	39 
1867	111 
1868	175 
1869	71 
1870	11 
1871	130 
1872	66 
1873	12 
1874	138 
1875	145 
1876	138 
1877	25 
1878	34 
1879	175 
1880	151 
1881	162 
1882	150 
1883	112 
1884	139 
1885	142 
1886	66 
1887	104 
1888	142 
1889	137 
1890	137 
1891	58 
1892	72 
1893	137 
1894	32 
1895	181 
1896	201 
1897	42 
1898	72 
1899	126 
1900	62 
1901	130 
1902	15 
1903	129 
1904	182 
1905	138 
1906	18 
1907	116 
1908	146 
1909	197 
1910	57 
1911	160 
1912	45 
1913	85 
1914	5 
1915	163 
1916	24 
1917	31 
1918	63 
1919	117 
1920	72 
1921	151 
1922	150 
1923	131 
1924	185 
1925	149 
1926	103 
1927	167 
1928	57 
1929	30 
1930	186 
1931	21 
1932	205 
1933	163 
1934	177 
1935	85 
1936	185 
1937	204 
1938	19 
1939	61 
1940	123 
1941	94 
1942	200 
1943	8 
1944	192 
1945	72 
1946	80 
1947	17 
1948	72 
1949	59 
1950	147 
1951	124 
1952	202 
1953	136 
1954	154 
1955	41 
1956	169 
1957	201 
1958	35 
1959	149 
1960	101 
1961	153 
1962	150 
1963	55 
1964	34 
1965	112 
1966	171 
1967	137 
1968	193 
1969	184 
1970	12 
1971	82 
1972	151 
1973	84 
1974	137 
1975	121 
1976	5 
1977	201 
1978	14 
1979	13 
1980	190 
1981	138 
1982	13 
1983	45 
1984	121 
1985	75 
1986	190 
1987	12 
1988	13 
1989	175 
1990	188 
1991	65 
1992	200 
1993	121 
1994	201 
1995	17 
1996	58 
1997	82 
1998	95 
1999	132 
2000	96 
2001	125 
2002	53 
2003	172 
2004	58 
2005	2 
2006	182 
2007	42 
2008	74 
2009	13 
2010	184 
2011	123 
2012	63 
2013	175 
2014	65 
2015	15 
2016	39 
2017	108 
2018	152 
2019	173 
2020	176 
2021	157 
2022	71 
2023	141 
2024	31 
2025	38 
2026	117 
2027	55 
2028	71 
2029	14 
2030	180 
2031	49 
2032	59 
2033	157 
2034	35 
2035	128 
2036	68 
2037	93 
2038	146 
2039	206 
2040	167 
2041	134 
2042	37 
2043	118 
2044	15 
2045	137 
2046	129 
2047	179 
2048	102 
2049	57 
2050	101 
2051	164 
2052	120 
2053	51 
2054	57 
2055	180 
2056	94 
2057	141 
2058	49 
2059	118 
2060	45 
2061	83 
2062	176 
2063	74 
2064	152 
2065	146 
2066	122 
2067	80 
2068	166 
2069	60 
2070	75 
2071	147 
2072	114 
2073	117 
2074	21 
2075	19 
2076	18 
2077	190 
2078	118 
2079	84 
2080	201 
2081	155 
2082	189 
2083	15 
2084	87 
2085	206 
2086	72 
2087	83 
2088	66 
2089	129 
2090	128 
2091	198 
2092	76 
2093	21 
2094	84 
2095	60 
2096	64 
2097	59 
2098	131 
2099	170 
2100	192 
2101	195 
2102	140 
2103	190 
2104	49 
2105	12 
2106	138 
2107	118 
2108	15 
2109	159 
2110	10 
2111	88 
2112	155 
2113	84 
2114	38 
2115	106 
2116	46 
2117	15 
2118	142 
2119	120 
2120	169 
2121	158 
2122	12 
2123	52 
2124	190 
2125	121 
2126	158 
2127	132 
2128	56 
2129	140 
2130	175 
2131	13 
2132	150 
2133	54 
2134	58 
2135	2 
2136	157 
2137	45 
2138	182 
2139	101 
2140	175 
2141	131 
2142	92 
2143	5 
2144	15 
2145	121 
2146	76 
2147	15 
2148	55 
2149	115 
2150	30 
2151	71 
2152	108 
2153	57 
2154	84 
2155	167 
2156	89 
2157	85 
2158	116 
2159	156 
2160	71 
2161	144 
2162	167 
2163	57 
2164	174 
2165	127 
2166	21 
2167	68 
2168	92 
2169	100 
2170	192 
2171	109 
2172	186 
2173	121 
2174	53 
2175	146 
2176	88 
2177	33 
2178	122 
2179	63 
2180	58 
2181	201 
2182	44 
2183	21 
2184	202 
2185	75 
2186	201 
2187	144 
2188	168 
2189	48 
2190	39 
2191	84 
2192	75 
2193	77 
2194	11 
2195	190 
2196	92 
2197	144 
2198	61 
2199	87 
2200	177 
2201	33 
2202	116 
2203	103 
2204	147 
2205	46 
2206	139 
2207	82 
2208	171 
2209	131 
2210	102 
2211	85 
2212	56 
2213	138 
2214	163 
2215	90 
2216	168 
2217	118 
2218	126 
2219	7 
2220	60 
2221	167 
2222	129 
2223	103 
2224	198 
2225	50 
2226	186 
2227	138 
2228	123 
2229	187 
2230	136 
2231	41 
2232	168 
2233	99 
2234	73 
2235	160 
2236	56 
2237	197 
2238	82 
2239	204 
2240	142 
2241	81 
2242	199 
2243	168 
2244	74 
2245	166 
2246	40 
2247	142 
2248	43 
2249	61 
2250	21 
2251	67 
2252	75 
2253	85 
2254	9 
2255	136 
2256	19 
2257	190 
2258	53 
2259	42 
2260	6 
2261	42 
2262	162 
2263	157 
2264	166 
2265	46 
2266	7 
2267	173 
2268	15 
2269	21 
2270	182 
2271	123 
2272	111 
2273	41 
2274	107 
2275	69 
2276	14 
2277	30 
2278	90 
2279	147 
2280	142 
2281	177 
2282	167 
2283	34 
2284	107 
2285	107 
2286	63 
2287	81 
2288	121 
2289	83 
2290	104 
2291	120 
2292	71 
2293	38 
2294	145 
2295	55 
2296	136 
2297	201 
2298	28 
2299	185 
2300	54 
2301	88 
2302	106 
2303	139 
2304	31 
2305	160 
2306	160 
2307	13 
2308	82 
2309	151 
2310	199 
2311	60 
2312	53 
2313	157 
2314	16 
2315	5 
2316	85 
2317	193 
2318	182 
2319	14 
2320	44 
2321	40 
2322	43 
2323	195 
2324	85 
2325	162 
2326	191 
2327	112 
2328	47 
2329	164 
2330	146 
2331	201 
2332	123 
2333	131 
2334	159 
2335	198 
2336	147 
2337	171 
2338	143 
2339	90 
2340	186 
2341	190 
2342	43 
2343	186 
2344	163 
2345	4 
2346	136 
2347	53 
2348	119 
2349	132 
2350	206 
2351	58 
2352	122 
2353	85 
2354	15 
2355	118 
2356	21 
2357	112 
2358	141 
2359	189 
2360	39 
2361	33 
2362	194 
2363	16 
2364	77 
2365	136 
2366	195 
2367	82 
2368	50 
2369	131 
2370	14 
2371	167 
2372	171 
2373	196 
2374	201 
2375	150 
2376	179 
2377	136 
2378	171 
2379	157 
2380	60 
2381	129 
2382	185 
2383	59 
2384	149 
2385	200 
2386	21 
2387	195 
2388	125 
2389	62 
2390	139 
2391	115 
2392	17 
2393	66 
2394	183 
2395	84 
2396	198 
2397	205 
2398	120 
2399	66 
2400	95 
2401	44 
2402	160 
2403	33 
2404	85 
2405	143 
2406	13 
2407	69 
2408	100 
2409	110 
2410	175 
2411	80 
2412	195 
2413	35 
2414	199 
2415	86 
2416	72 
2417	162 
2418	141 
2419	13 
2420	21 
2421	141 
2422	105 
2423	28 
2424	196 
2425	27 
2426	104 
2427	136 
2428	79 
2429	64 
2430	41 
2431	163 
2432	197 
2433	140 
2434	126 
2435	141 
2436	97 
2437	167 
2438	180 
2439	142 
2440	13 
2441	158 
2442	184 
2443	94 
2444	13 
2445	139 
2446	84 
2447	128 
2448	31 
2449	204 
2450	136 
2451	166 
2452	103 
2453	85 
2454	92 
2455	186 
2456	175 
2457	50 
2458	99 
2459	136 
2460	82 
2461	141 
2462	88 
2463	171 
2464	84 
2465	134 
2466	159 
2467	113 
2468	191 
2469	46 
2470	19 
2471	142 
2472	89 
2473	112 
2474	55 
2475	61 
2476	19 
2477	159 
2478	199 
2479	111 
2480	158 
2481	186 
2482	70 
2483	166 
2484	62 
2485	28 
2486	138 
2487	190 
2488	84 
2489	70 
2490	121 
2491	118 
2492	197 
2493	206 
2494	4 
2495	91 
2496	156 
2497	122 
2498	80 
2499	120 
2500	198 
2501	5 
2502	70 
2503	66 
2504	140 
2505	204 
2506	55 
2507	166 
2508	68 
2509	184 
2510	149 
2511	33 
2512	198 
2513	107 
2514	164 
2515	38 
2516	22 
2517	30 
2518	43 
2519	43 
2520	199 
2521	176 
2522	81 
2523	115 
2524	149 
2525	190 
2526	185 
2527	83 
2528	23 
2529	53 
2530	77 
2531	91 
2532	91 
2533	139 
2534	75 
2535	36 
2536	19 
2537	104 
2538	127 
2539	87 
2540	105 
2541	38 
2542	110 
2543	173 
2544	166 
2545	189 
2546	90 
2547	190 
2548	70 
2549	159 
2550	175 
2551	171 
2552	72 
2553	16 
2554	201 
2555	114 
2556	190 
2557	125 
2558	102 
2559	159 
2560	197 
2561	66 
2562	45 
2563	142 
2564	12 
2565	71 
2566	60 
2567	193 
2568	16 
2569	80 
2570	19 
2571	154 
2572	160 
2573	64 
2574	70 
2575	15 
2576	164 
2577	149 
2578	16 
2579	186 
2580	150 
2581	159 
2582	102 
2583	108 
2584	85 
2585	117 
2586	204 
2587	199 
2588	183 
2589	19 
2590	7 
2591	59 
2592	74 
2593	143 
2594	159 
2595	98 
2596	43 
2597	25 
2598	45 
2599	41 
2600	19 
2601	46 
2602	141 
2603	24 
2604	152 
2605	177 
2606	80 
2607	83 
2608	110 
2609	37 
2610	107 
2611	30 
2612	88 
2613	108 
2614	117 
2615	45 
2616	16 
2617	42 
2618	77 
2619	204 
2620	140 
2621	129 
2622	60 
2623	206 
2624	32 
2625	75 
2626	46 
2627	95 
2628	48 
2629	102 
2630	17 
2631	17 
2632	17 
2633	167 
2634	38 
2635	44 
2636	28 
2637	79 
2638	166 
2639	158 
2640	11 
2641	67 
2642	21 
2643	107 
2644	31 
2645	41 
2646	56 
2647	83 
2648	91 
2649	49 
2650	192 
2651	118 
2652	38 
2653	8 
2654	53 
2655	77 
2656	155 
2657	115 
2658	90 
2659	80 
2660	117 
2661	38 
2662	13 
2663	152 
2664	158 
2665	161 
2666	152 
2667	69 
2668	56 
2669	155 
2670	30 
2671	11 
2672	125 
2673	177 
2674	139 
2675	185 
2676	139 
2677	186 
2678	33 
2679	164 
2680	44 
2681	78 
2682	199 
2683	20 
2684	7 
2685	4 
2686	184 
2687	50 
2688	141 
2689	173 
2690	139 
2691	108 
2692	166 
2693	28 
2694	35 
2695	137 
2696	106 
2697	35 
2698	72 
2699	34 
2700	162 
2701	36 
2702	21 
2703	142 
2704	163 
2705	81 
2706	137 
2707	162 
2708	159 
2709	17 
2710	82 
2711	33 
2712	141 
2713	57 
2714	38 
2715	111 
2716	82 
2717	202 
2718	79 
2719	118 
2720	33 
2721	75 
2722	198 
2723	91 
2724	14 
2725	180 
2726	37 
2727	122 
2728	175 
2729	121 
2730	49 
2731	17 
2732	193 
2733	41 
2734	23 
2735	38 
2736	38 
2737	10 
2738	71 
2739	56 
2740	79 
2741	131 
2742	87 
2743	129 
2744	56 
2745	61 
2746	205 
2747	205 
2748	73 
2749	186 
2750	72 
2751	185 
2752	188 
2753	190 
2754	164 
2755	92 
2756	50 
2757	123 
2758	96 
2759	175 
2760	158 
2761	115 
2762	61 
2763	139 
2764	112 
2765	53 
2766	2 
2767	177 
2768	57 
2769	77 
2770	181 
2771	44 
2772	153 
2773	130 
2774	201 
2775	126 
2776	30 
2777	159 
2778	201 
2779	53 
2780	126 
2781	147 
2782	46 
2783	135 
2784	109 
2785	164 
2786	106 
2787	192 
2788	72 
2789	88 
2790	65 
2791	181 
2792	162 
2793	170 
2794	189 
2795	193 
2796	155 
2797	80 
2798	141 
2799	14 
2800	122 
2801	45 
2802	171 
2803	89 
2804	160 
2805	107 
2806	58 
2807	155 
2808	117 
2809	52 
2810	164 
2811	13 
2812	206 
2813	155 
2814	10 
2815	129 
2816	24 
2817	72 
2818	135 
2819	85 
2820	198 
2821	157 
2822	21 
2823	163 
2824	76 
2825	52 
2826	106 
2827	5 
2828	80 
2829	175 
2830	18 
2831	30 
2832	121 
2833	116 
2834	54 
2835	179 
2836	103 
2837	46 
2838	34 
2839	61 
2840	180 
2841	115 
2842	64 
2843	88 
2844	46 
2845	115 
2846	1 
2847	166 
2848	162 
2849	50 
2850	36 
2851	101 
2852	106 
2853	11 
2854	145 
2855	167 
2856	162 
2857	17 
2858	126 
2859	123 
2860	11 
2861	96 
2862	180 
2863	150 
2864	141 
2865	58 
2866	56 
2867	28 
2868	183 
2869	187 
2870	55 
2871	60 
2872	74 
2873	190 
2874	126 
2875	13 
2876	69 
2877	179 
2878	124 
2879	102 
2880	108 
2881	65 
2882	126 
2883	105 
2884	84 
2885	199 
2886	120 
2887	85 
2888	3 
2889	46 
2890	80 
2891	88 
2892	8 
2893	57 
2894	54 
2895	153 
2896	7 
2897	78 
2898	87 
2899	71 
2900	102 
2901	21 
2902	74 
2903	26 
2904	57 
2905	141 
2906	53 
2907	156 
2908	150 
2909	154 
2910	96 
2911	100 
2912	63 
2913	45 
2914	205 
2915	89 
2916	80 
2917	152 
2918	141 
2919	158 
2920	90 
2921	166 
2922	206 
2923	150 
2924	163 
2925	106 
2926	159 
2927	6 
2928	95 
2929	173 
2930	57 
2931	142 
2932	152 
2933	128 
2934	126 
2935	153 
2936	103 
2937	147 
2938	56 
2939	139 
2940	49 
2941	21 
2942	115 
2943	102 
2944	164 
2945	181 
2946	66 
2947	142 
2948	16 
2949	110 
2950	102 
2951	115 
2952	84 
2953	91 
2954	102 
2955	13 
2956	188 
2957	85 
2958	71 
2959	69 
2960	131 
2961	158 
2962	128 
2963	92 
2964	158 
2965	8 
2966	37 
2967	16 
2968	126 
2969	118 
2970	28 
2971	71 
2972	41 
2973	103 
2974	139 
2975	64 
2976	88 
2977	49 
2978	107 
2979	4 
2980	56 
2981	41 
2982	56 
2983	130 
2984	29 
2985	11 
2986	20 
2987	181 
2988	203 
2989	191 
2990	42 
2991	202 
2992	31 
2993	81 
2994	206 
2995	23 
2996	168 
2997	151 
2998	191 
2999	81 
3000	37 
3001	116 
3002	80 
3003	122 
3004	23 
3005	141 
3006	21 
3007	30 
3008	125 
3009	174 
3010	3 
3011	125 
3012	2 
3013	79 
3014	87 
3015	21 
3016	53 
3017	33 
3018	168 
3019	180 
3020	171 
3021	190 
3022	159 
3023	57 
3024	139 
3025	30 
3026	165 
3027	57 
3028	38 
3029	133 
3030	103 
3031	81 
3032	172 
3033	90 
3034	185 
3035	45 
3036	19 
3037	138 
3038	150 
3039	55 
3040	90 
3041	206 
3042	144 
3043	180 
3044	141 
3045	146 
3046	59 
3047	6 
3048	38 
3049	84 
3050	111 
3051	155 
3052	140 
3053	127 
3054	86 
3055	4 
3056	115 
3057	69 
3058	138 
3059	57 
3060	56 
3061	139 
3062	129 
3063	196 
3064	22 
3065	107 
3066	41 
3067	69 
3068	141 
3069	21 
3070	171 
3071	8 
3072	55 
3073	88 
3074	94 
3075	200 
3076	189 
3077	171 
3078	169 
3079	114 
3080	56 
3081	61 
3082	131 
3083	150 
3084	199 
3085	197 
3086	71 
3087	160 
3088	53 
3089	36 
3090	178 
3091	90 
3092	11 
3093	76 
3094	15 
3095	158 
3096	119 
3097	41 
3098	9 
3099	104 
3100	19 
3101	198 
3102	2 
3103	69 
3104	201 
3105	50 
3106	58 
3107	181 
3108	175 
3109	6 
3110	28 
3111	57 
3112	79 
3113	3 
3114	49 
3115	198 
3116	34 
3117	85 
3118	86 
3119	126 
3120	102 
3121	173 
3122	167 
3123	115 
3124	175 
3125	171 
3126	151 
3127	70 
3128	164 
3129	119 
3130	104 
3131	118 
3132	156 
3133	181 
3134	190 
3135	192 
3136	73 
3137	39 
3138	180 
3139	122 
3140	21 
3141	48 
3142	193 
3143	195 
3144	182 
3145	158 
3146	167 
3147	78 
3148	105 
3149	56 
3150	160 
3151	48 
3152	27 
3153	115 
3154	199 
3155	142 
3156	158 
3157	155 
3158	14 
3159	174 
3160	158 
3161	26 
3162	108 
3163	202 
3164	201 
3165	19 
3166	103 
3167	132 
3168	18 
3169	150 
3170	46 
3171	61 
3172	56 
3173	59 
3174	159 
3175	100 
3176	95 
3177	31 
3178	190 
3179	89 
3180	21 
3181	35 
3182	175 
3183	203 
3184	149 
3185	137 
3186	14 
3187	70 
3188	141 
3189	75 
3190	139 
3191	158 
3192	36 
3193	38 
3194	156 
3195	205 
3196	53 
3197	145 
3198	101 
3199	182 
3200	3 
3201	42 
3202	83 
3203	97 
3204	35 
3205	21 
3206	51 
3207	163 
3208	146 
3209	125 
3210	195 
3211	121 
3212	137 
3213	80 
3214	186 
3215	175 
3216	139 
3217	136 
3218	186 
3219	178 
3220	68 
3221	84 
3222	158 
3223	118 
3224	101 
3225	177 
3226	43 
3227	137 
3228	60 
3229	158 
3230	125 
3231	159 
3232	83 
3233	32 
3234	22 
3235	7 
3236	178 
3237	31 
3238	164 
3239	184 
3240	16 
3241	165 
3242	28 
3243	115 
3244	159 
3245	102 
3246	84 
3247	78 
3248	116 
3249	24 
3250	61 
3251	30 
3252	157 
3253	38 
3254	45 
3255	6 
3256	149 
3257	109 
3258	13 
3259	56 
3260	83 
3261	154 
3262	33 
3263	186 
3264	44 
3265	189 
3266	121 
3267	131 
3268	2 
3269	146 
3270	34 
3271	157 
3272	154 
3273	45 
3274	31 
3275	176 
3276	70 
3277	15 
3278	115 
3279	149 
3280	161 
3281	30 
3282	118 
3283	165 
3284	118 
3285	132 
3286	204 
3287	84 
3288	66 
3289	113 
3290	61 
3291	137 
3292	57 
3293	158 
3294	158 
3295	44 
3296	184 
3297	201 
3298	162 
3299	89 
3300	68 
3301	204 
3302	58 
3303	124 
3304	159 
3305	109 
3306	157 
3307	185 
3308	129 
3309	53 
3310	172 
3311	171 
3312	97 
3313	71 
3314	112 
3315	51 
3316	45 
3317	126 
3318	110 
3319	128 
3320	112 
3321	169 
3322	166 
3323	89 
3324	76 
3325	14 
3326	38 
3327	123 
3328	13 
3329	46 
3330	77 
3331	85 
3332	12 
3333	13 
3334	126 
3335	126 
3336	109 
3337	107 
3338	56 
3339	15 
3340	33 
3341	90 
3342	8 
3343	142 
3344	64 
3345	172 
3346	136 
3347	48 
3348	185 
3349	121 
3350	15 
3351	88 
3352	85 
3353	185 
3354	101 
3355	190 
3356	116 
3357	140 
3358	200 
3359	143 
3360	38 
3361	146 
3362	111 
3363	82 
3364	7 
3365	45 
3366	45 
3367	190 
3368	167 
3369	102 
3370	180 
3371	98 
3372	186 
3373	136 
3374	68 
3375	147 
3376	136 
3377	137 
3378	115 
3379	45 
3380	166 
3381	32 
3382	73 
3383	39 
3384	184 
3385	200 
3386	63 
3387	164 
3388	139 
3389	206 
3390	167 
3391	205 
3392	187 
3393	121 
3394	30 
3395	183 
3396	34 
3397	200 
3398	159 
3399	57 
3400	38 
3401	122 
3402	16 
3403	14 
3404	74 
3405	141 
3406	60 
3407	92 
3408	135 
3409	43 
3410	183 
3411	169 
3412	93 
3413	41 
3414	75 
3415	11 
3416	118 
3417	130 
3418	185 
3419	157 
3420	14 
3421	65 
3422	171 
3423	184 
3424	69 
3425	16 
3426	186 
3427	52 
3428	90 
3429	147 
3430	31 
3431	180 
3432	146 
3433	46 
3434	129 
3435	83 
3436	97 
3437	41 
3438	1 
3439	185 
3440	55 
3441	106 
3442	29 
3443	75 
3444	66 
3445	97 
3446	29 
3447	23 
3448	151 
3449	67 
3450	141 
3451	1 
3452	205 
3453	204 
3454	109 
3455	72 
3456	198 
3457	23 
3458	156 
3459	4 
3460	154 
3461	21 
3462	140 
3463	201 
3464	90 
3465	17 
3466	41 
3467	43 
3468	139 
3469	105 
3470	34 
3471	119 
3472	158 
3473	91 
3474	166 
3475	53 
3476	206 
3477	129 
3478	166 
3479	164 
3480	204 
3481	98 
3482	120 
3483	168 
3484	48 
3485	1 
3486	7 
3487	47 
3488	43 
3489	133 
3490	34 
3491	156 
3492	32 
3493	8 
3494	167 
3495	52 
3496	206 
3497	196 
3498	100 
3499	107 
3500	66 
3501	61 
3502	110 
3503	116 
3504	159 
3505	18 
3506	126 
3507	201 
3508	52 
3509	185 
3510	16 
3511	59 
3512	27 
3513	51 
3514	136 
3515	127 
3516	206 
3517	202 
3518	144 
3519	170 
3520	2 
3521	146 
3522	180 
3523	127 
3524	53 
3525	19 
3526	194 
3527	107 
3528	194 
3529	78 
3530	118 
3531	188 
3532	131 
3533	45 
3534	137 
3535	83 
3536	6 
3537	58 
3538	117 
3539	84 
3540	137 
3541	190 
3542	175 
3543	21 
3544	16 
3545	34 
3546	165 
3547	107 
3548	85 
3549	134 
3550	3 
3551	66 
3552	74 
3553	11 
3554	15 
3555	199 
3556	43 
3557	13 
3558	18 
3559	201 
3560	201 
3561	139 
3562	47 
3563	29 
3564	58 
3565	107 
3566	177 
3567	41 
3568	139 
3569	20 
3570	91 
3571	206 
3572	165 
3573	137 
3574	129 
3575	25 
3576	135 
3577	186 
3578	125 
3579	138 
3580	116 
3581	177 
3582	193 
3583	154 
3584	43 
3585	55 
3586	90 
3587	115 
3588	74 
3589	76 
3590	87 
3591	122 
3592	199 
3593	103 
3594	108 
3595	46 
3596	154 
3597	205 
3598	191 
3599	30 
3600	186 
3601	61 
3602	77 
3603	190 
3604	55 
3605	158 
3606	161 
3607	97 
3608	155 
3609	139 
3610	50 
3611	171 
3612	200 
3613	187 
3614	107 
3615	4 
3616	167 
3617	150 
3618	110 
3619	138 
3620	176 
3621	39 
3622	112 
3623	79 
3624	120 
3625	84 
3626	112 
3627	188 
3628	137 
3629	131 
3630	118 
3631	123 
3632	132 
3633	192 
3634	174 
3635	74 
3636	61 
3637	63 
3638	155 
3639	150 
3640	138 
3641	34 
3642	177 
3643	72 
3644	179 
3645	133 
3646	101 
3647	34 
3648	116 
3649	79 
3650	21 
3651	60 
3652	121 
3653	45 
3654	5 
3655	127 
3656	162 
3657	137 
3658	104 
3659	138 
3660	38 
3661	182 
3662	142 
3663	134 
3664	133 
3665	8 
3666	172 
3667	139 
3668	137 
3669	175 
3670	102 
3671	47 
3672	72 
3673	59 
3674	71 
3675	123 
3676	110 
3677	52 
3678	29 
3679	187 
3680	201 
3681	89 
3682	178 
3683	162 
3684	206 
3685	171 
3686	31 
3687	34 
3688	166 
3689	118 
3690	64 
3691	155 
3692	79 
3693	112 
3694	49 
3695	172 
3696	69 
3697	80 
3698	11 
3699	181 
3700	66 
3701	90 
3702	146 
3703	31 
3704	164 
3705	14 
3706	126 
3707	20 
3708	1 
3709	188 
3710	58 
3711	171 
3712	106 
3713	161 
3714	92 
3715	28 
3716	91 
3717	49 
3718	116 
3719	141 
3720	167 
3721	64 
3722	132 
3723	117 
3724	160 
3725	185 
3726	165 
3727	177 
3728	46 
3729	61 
3730	180 
3731	84 
3732	193 
3733	121 
3734	19 
3735	38 
3736	68 
3737	118 
3738	201 
3739	38 
3740	191 
3741	8 
3742	66 
3743	11 
3744	113 
3745	80 
3746	175 
3747	174 
3748	190 
3749	46 
3750	138 
3751	24 
3752	120 
3753	112 
3754	107 
3755	129 
3756	113 
3757	110 
3758	56 
3759	167 
3760	158 
3761	106 
3762	9 
3763	14 
3764	112 
3765	19 
3766	90 
3767	160 
3768	171 
3769	3 
3770	88 
3771	162 
3772	103 
3773	149 
3774	115 
3775	70 
3776	85 
3777	101 
3778	138 
3779	59 
3780	31 
3781	68 
3782	85 
3783	157 
3784	67 
3785	115 
3786	50 
3787	196 
3788	65 
3789	198 
3790	71 
3791	110 
3792	15 
3793	98 
3794	175 
3795	36 
3796	71 
3797	83 
3798	166 
3799	107 
3800	11 
3801	53 
3802	131 
3803	89 
3804	167 
3805	106 
3806	116 
3807	69 
3808	135 
3809	150 
3810	104 
3811	128 
3812	51 
3813	182 
3814	41 
3815	132 
3816	32 
3817	141 
3818	103 
3819	107 
3820	66 
3821	176 
3822	69 
3823	109 
3824	81 
3825	38 
3826	35 
3827	33 
3828	15 
3829	34 
3830	184 
3831	64 
3832	50 
3833	30 
3834	122 
3835	137 
3836	66 
3837	105 
3838	99 
3839	72 
3840	147 
3841	32 
3842	103 
3843	142 
3844	122 
3845	56 
3846	185 
3847	73 
3848	21 
3849	167 
3850	64 
3851	159 
3852	121 
3853	29 
3854	14 
3855	163 
3856	175 
3857	85 
3858	63 
3859	131 
3860	69 
3861	2 
3862	105 
3863	159 
3864	41 
3865	98 
3866	160 
3867	136 
3868	44 
3869	167 
3870	7 
3871	122 
3872	146 
3873	88 
3874	25 
3875	126 
3876	83 
3877	30 
3878	46 
3879	112 
3880	118 
3881	178 
3882	98 
3883	166 
3884	186 
3885	121 
3886	16 
3887	206 
3888	7 
3889	187 
3890	133 
3891	44 
3892	38 
3893	50 
3894	166 
3895	46 
3896	171 
3897	56 
3898	161 
3899	7 
3900	202 
3901	123 
3902	50 
3903	6 
3904	194 
3905	175 
3906	31 
3907	92 
3908	97 
3909	171 
3910	47 
3911	174 
3912	53 
3913	158 
3914	44 
3915	13 
3916	137 
3917	15 
3918	134 
3919	192 
3920	158 
3921	181 
3922	122 
3923	30 
3924	176 
3925	131 
3926	140 
3927	68 
3928	202 
3929	112 
3930	201 
3931	23 
3932	173 
3933	149 
3934	30 
3935	189 
3936	146 
3937	186 
3938	35 
3939	63 
3940	31 
3941	63 
3942	30 
3943	154 
3944	137 
3945	69 
3946	41 
3947	47 
3948	87 
3949	118 
3950	78 
3951	78 
3952	166 
3953	52 
3954	206 
3955	119 
3956	21 
3957	172 
3958	193 
3959	191 
3960	64 
3961	57 
3962	51 
3963	180 
3964	51 
3965	72 
3966	54 
3967	76 
3968	14 
3969	17 
3970	151 
3971	201 
3972	61 
3973	182 
3974	129 
3975	130 
3976	19 
3977	104 
3978	80 
3979	98 
3980	90 
3981	17 
3982	14 
3983	184 
3984	39 
3985	78 
3986	57 
3987	38 
3988	92 
3989	184 
3990	19 
3991	107 
3992	131 
3993	4 
3994	86 
3995	136 
3996	47 
3997	162 
3998	205 
3999	32 
4000	10 
4001	186 
4002	125 
4003	116 
4004	19 
4005	74 
4006	164 
4007	55 
4008	121 
4009	148 
4010	118 
4011	38 
4012	120 
4013	136 
4014	139 
4015	45 
4016	127 
4017	153 
4018	30 
4019	2 
4020	49 
4021	136 
4022	30 
4023	180 
4024	96 
4025	104 
4026	106 
4027	166 
4028	46 
4029	102 
4030	125 
4031	164 
4032	179 
4033	41 
4034	107 
4035	15 
4036	30 
4037	48 
4038	168 
4039	97 
4040	137 
4041	99 
4042	136 
4043	137 
4044	93 
4045	82 
4046	85 
4047	100 
4048	20 
4049	167 
4050	149 
4051	57 
4052	201 
4053	64 
4054	175 
4055	192 
4056	205 
4057	117 
4058	168 
4059	19 
4060	162 
4061	85 
4062	137 
4063	41 
4064	1 
4065	102 
4066	104 
4067	82 
4068	124 
4069	160 
4070	134 
4071	164 
4072	121 
4073	45 
4074	179 
4075	96 
4076	142 
4077	181 
4078	35 
4079	14 
4080	72 
4081	192 
4082	107 
4083	102 
4084	166 
4085	137 
4086	103 
4087	99 
4088	185 
4089	45 
4090	21 
4091	167 
4092	72 
4093	141 
4094	41 
4095	151 
4096	166 
4097	40 
4098	154 
4099	82 
4100	172 
4101	167 
4102	71 
4103	152 
4104	115 
4105	45 
4106	74 
4107	146 
4108	93 
4109	15 
4110	85 
4111	190 
4112	21 
4113	186 
4114	195 
4115	139 
4116	43 
4117	160 
4118	44 
4119	118 
4120	18 
4121	31 
4122	86 
4123	82 
4124	11 
4125	202 
4126	72 
4127	137 
4128	183 
4129	47 
4130	105 
4131	53 
4132	185 
4133	160 
4134	19 
4135	129 
4136	166 
4137	79 
4138	118 
4139	190 
4140	94 
4141	67 
4142	76 
4143	21 
4144	53 
4145	104 
4146	4 
4147	75 
4148	138 
4149	105 
4150	36 
4151	131 
4152	41 
4153	69 
4154	135 
4155	200 
4156	107 
4157	112 
4158	16 
4159	94 
4160	187 
4161	176 
4162	59 
4163	55 
4164	140 
4165	107 
4166	61 
4167	50 
4168	146 
4169	117 
4170	76 
4171	190 
4172	106 
4173	101 
4174	204 
4175	16 
4176	160 
4177	163 
4178	55 
4179	21 
4180	174 
4181	26 
4182	49 
4183	15 
4184	59 
4185	38 
4186	160 
4187	198 
4188	14 
4189	158 
4190	30 
4191	189 
4192	146 
4193	17 
4194	56 
4195	171 
4196	38 
4197	9 
4198	199 
4199	145 
4200	50 
4201	205 
4202	69 
4203	38 
4204	82 
4205	69 
4206	110 
4207	50 
4208	201 
4209	201 
4210	180 
4211	114 
4212	201 
4213	117 
4214	60 
4215	125 
4216	19 
4217	110 
4218	112 
4219	99 
4220	53 
4221	177 
4222	88 
4223	108 
4224	144 
4225	81 
4226	35 
4227	181 
4228	32 
4229	71 
4230	182 
4231	58 
4232	27 
4233	172 
4234	69 
4235	52 
4236	41 
4237	145 
4238	45 
4239	92 
4240	9 
4241	56 
4242	61 
4243	201 
4244	175 
4245	145 
4246	68 
4247	189 
4248	118 
4249	26 
4250	32 
4251	60 
4252	95 
4253	180 
4254	15 
4255	82 
4256	172 
4257	48 
4258	129 
4259	88 
4260	15 
4261	13 
4262	49 
4263	189 
4264	71 
4265	124 
4266	160 
4267	139 
4268	73 
4269	61 
4270	18 
4271	53 
4272	85 
4273	14 
4274	154 
4275	35 
4276	57 
4277	148 
4278	15 
4279	83 
4280	112 
4281	67 
4282	44 
4283	17 
4284	142 
4285	190 
4286	185 
4287	138 
4288	63 
4289	131 
4290	71 
4291	8 
4292	159 
4293	142 
4294	170 
4295	18 
4296	85 
4297	128 
4298	163 
4299	179 
4300	161 
4301	80 
4302	88 
4303	37 
4304	87 
4305	6 
4306	13 
4307	83 
4308	158 
4309	85 
4310	116 
4311	163 
4312	166 
4313	110 
4314	166 
4315	67 
4316	49 
4317	67 
4318	34 
4319	45 
4320	172 
4321	175 
4322	1 
4323	69 
4324	101 
4325	169 
4326	131 
4327	167 
4328	154 
4329	43 
4330	196 
4331	12 
4332	64 
4333	144 
4334	190 
4335	199 
4336	63 
4337	72 
4338	101 
4339	198 
4340	104 
4341	201 
4342	137 
4343	201 
4344	129 
4345	167 
4346	190 
4347	160 
4348	175 
4349	180 
4350	181 
4351	190 
4352	15 
4353	28 
4354	127 
4355	11 
4356	85 
4357	64 
4358	164 
4359	32 
4360	166 
4361	34 
4362	5 
4363	56 
4364	71 
4365	206 
4366	184 
4367	167 
4368	167 
4369	171 
4370	66 
4371	158 
4372	25 
4373	83 
4374	181 
4375	187 
4376	150 
4377	145 
4378	112 
4379	43 
4380	37 
4381	56 
4382	72 
4383	165 
4384	45 
4385	103 
4386	118 
4387	90 
4388	165 
4389	41 
4390	86 
4391	71 
4392	31 
4393	53 
4394	51 
4395	50 
4396	21 
4397	23 
4398	31 
4399	177 
4400	98 
4401	40 
4402	16 
4403	28 
4404	41 
4405	59 
4406	154 
4407	69 
4408	117 
4409	134 
4410	105 
4411	70 
4412	162 
4413	41 
4414	46 
4415	89 
4416	150 
4417	121 
4418	172 
4419	50 
4420	154 
4421	76 
4422	182 
4423	45 
4424	37 
4425	28 
4426	180 
4427	80 
4428	89 
4429	87 
4430	112 
4431	150 
4432	30 
4433	186 
4434	80 
4435	177 
4436	43 
4437	104 
4438	28 
4439	171 
4440	50 
4441	88 
4442	56 
4443	46 
4444	61 
4445	20 
4446	186 
4447	103 
4448	35 
4449	193 
4450	124 
4451	7 
4452	201 
4453	189 
4454	121 
4455	173 
4456	60 
4457	171 
4458	146 
4459	110 
4460	31 
4461	164 
4462	154 
4463	186 
4464	136 
4465	76 
4466	154 
4467	131 
4468	39 
4469	195 
4470	69 
4471	198 
4472	134 
4473	85 
4474	201 
4475	19 
4476	80 
4477	81 
4478	139 
4479	151 
4480	137 
4481	156 
4482	166 
4483	56 
4484	18 
4485	63 
4486	195 
4487	153 
4488	162 
4489	143 
4490	150 
4491	28 
4492	163 
4493	136 
4494	181 
4495	115 
4496	130 
4497	110 
4498	117 
4499	58 
4500	20 
4501	115 
4502	61 
4503	56 
4504	85 
4505	92 
4506	79 
4507	84 
4508	19 
4509	170 
4510	183 
4511	117 
4512	83 
4513	76 
4514	185 
4515	58 
4516	30 
4517	48 
4518	180 
4519	83 
4520	180 
4521	177 
4522	127 
4523	139 
4524	118 
4525	86 
4526	66 
4527	47 
4528	43 
4529	197 
4530	60 
4531	129 
4532	16 
4533	50 
4534	180 
4535	82 
4536	183 
4537	96 
4538	162 
4539	206 
4540	152 
4541	174 
4542	146 
4543	9 
4544	206 
4545	129 
4546	63 
4547	16 
4548	118 
4549	14 
4550	146 
4551	2 
4552	79 
4553	141 
4554	51 
4555	30 
4556	13 
4557	52 
4558	80 
4559	115 
4560	59 
4561	140 
4562	189 
4563	34 
4564	169 
4565	112 
4566	150 
4567	69 
4568	133 
4569	8 
4570	129 
4571	47 
4572	84 
4573	109 
4574	182 
4575	85 
4576	72 
4577	115 
4578	46 
4579	85 
4580	64 
4581	30 
4582	118 
4583	31 
4584	93 
4585	17 
4586	115 
4587	142 
4588	121 
4589	78 
4590	47 
4591	43 
4592	38 
4593	55 
4594	133 
4595	186 
4596	140 
4597	155 
4598	147 
4599	84 
4600	41 
4601	93 
4602	84 
4603	107 
4604	155 
4605	85 
4606	126 
4607	163 
4608	31 
4609	39 
4610	129 
4611	147 
4612	76 
4613	137 
4614	142 
4615	72 
4616	83 
4617	131 
4618	201 
4619	66 
4620	76 
4621	177 
4622	46 
4623	90 
4624	63 
4625	19 
4626	157 
4627	97 
4628	50 
4629	181 
4630	107 
4631	80 
4632	34 
4633	55 
4634	205 
4635	10 
4636	17 
4637	58 
4638	198 
4639	178 
4640	7 
4641	53 
4642	157 
4643	132 
4644	189 
4645	6 
4646	180 
4647	112 
4648	178 
4649	90 
4650	89 
4651	179 
4652	156 
4653	6 
4654	203 
4655	84 
4656	110 
4657	154 
4658	73 
4659	198 
4660	123 
4661	55 
4662	44 
4663	147 
4664	163 
4665	80 
4666	66 
4667	102 
4668	206 
4669	166 
4670	198 
4671	14 
4672	60 
4673	156 
4674	205 
4675	198 
4676	167 
4677	28 
4678	41 
4679	152 
4680	192 
4681	48 
4682	56 
4683	17 
4684	136 
4685	6 
4686	114 
4687	168 
4688	71 
4689	137 
4690	1 
4691	16 
4692	108 
4693	151 
4694	66 
4695	138 
4696	95 
4697	6 
4698	162 
4699	201 
4700	88 
4701	201 
4702	107 
4703	177 
4704	125 
4705	130 
4706	21 
4707	80 
4708	137 
4709	181 
4710	61 
4711	17 
4712	8 
4713	81 
4714	33 
4715	54 
4716	15 
4717	158 
4718	26 
4719	192 
4720	54 
4721	1 
4722	177 
4723	67 
4724	64 
4725	164 
4726	201 
4727	30 
4728	32 
4729	166 
4730	7 
4731	183 
4732	55 
4733	137 
4734	89 
4735	181 
4736	9 
4737	85 
4738	158 
4739	59 
4740	86 
4741	183 
4742	73 
4743	21 
4744	31 
4745	106 
4746	110 
4747	164 
4748	52 
4749	55 
4750	13 
4751	136 
4752	200 
4753	54 
4754	90 
4755	74 
4756	181 
4757	64 
4758	142 
4759	81 
4760	150 
4761	132 
4762	136 
4763	19 
4764	155 
4765	129 
4766	34 
4767	89 
4768	175 
4769	189 
4770	108 
4771	6 
4772	185 
4773	147 
4774	131 
4775	118 
4776	60 
4777	107 
4778	187 
4779	186 
4780	14 
4781	201 
4782	55 
4783	174 
4784	146 
4785	190 
4786	181 
4787	89 
4788	196 
4789	22 
4790	121 
4791	22 
4792	7 
4793	69 
4794	86 
4795	142 
4796	138 
4797	110 
4798	104 
4799	114 
4800	55 
4801	146 
4802	1 
4803	80 
4804	53 
4805	43 
4806	200 
4807	67 
4808	54 
4809	205 
4810	83 
4811	195 
4812	90 
4813	97 
4814	61 
4815	64 
4816	66 
4817	206 
4818	87 
4819	139 
4820	66 
4821	74 
4822	89 
4823	64 
4824	53 
4825	33 
4826	136 
4827	76 
4828	69 
4829	146 
4830	84 
4831	104 
4832	45 
4833	206 
4834	16 
4835	89 
4836	64 
4837	38 
4838	205 
4839	76 
4840	151 
4841	61 
4842	82 
4843	150 
4844	110 
4845	189 
4846	9 
4847	76 
4848	184 
4849	19 
4850	199 
4851	35 
4852	174 
4853	60 
4854	113 
4855	122 
4856	139 
4857	172 
4858	31 
4859	190 
4860	16 
4861	121 
4862	73 
4863	198 
4864	72 
4865	69 
4866	81 
4867	176 
4868	32 
4869	124 
4870	126 
4871	139 
4872	38 
4873	45 
4874	13 
4875	181 
4876	106 
4877	83 
4878	56 
4879	58 
4880	69 
4881	74 
4882	125 
4883	129 
4884	51 
4885	160 
4886	89 
4887	76 
4888	195 
4889	33 
4890	18 
4891	121 
4892	19 
4893	51 
4894	168 
4895	28 
4896	180 
4897	141 
4898	67 
4899	59 
4900	2 
4901	55 
4902	116 
4903	13 
4904	75 
4905	203 
4906	110 
4907	171 
4908	56 
4909	30 
4910	6 
4911	172 
4912	123 
4913	142 
4914	44 
4915	7 
4916	63 
4917	169 
4918	15 
4919	102 
4920	122 
4921	139 
4922	56 
4923	66 
4924	205 
4925	71 
4926	155 
4927	140 
4928	80 
4929	136 
4930	117 
4931	107 
4932	13 
4933	46 
4934	107 
4935	154 
4936	21 
4937	148 
4938	14 
4939	92 
4940	185 
4941	53 
4942	69 
4943	11 
4944	13 
4945	144 
4946	121 
4947	4 
4948	121 
4949	149 
4950	68 
4951	155 
4952	18 
4953	200 
4954	53 
4955	118 
4956	17 
4957	13 
4958	35 
4959	3 
4960	31 
4961	171 
4962	117 
4963	158 
4964	169 
4965	80 
4966	165 
4967	102 
4968	183 
4969	115 
4970	90 
4971	74 
4972	167 
4973	138 
4974	83 
4975	200 
4976	2 
4977	123 
4978	107 
4979	146 
4980	198 
4981	18 
4982	8 
4983	63 
4984	203 
4985	49 
4986	83 
4987	180 
4988	189 
4989	176 
4990	120 
4991	62 
4992	93 
4993	31 
4994	101 
4995	107 
4996	180 
4997	166 
4998	169 
4999	14 
5000	93 
