0 0.383416322562 0.687388811922 81 28 12.3456790123

0 0.357400079173 0.682399298502 81 30 12.2962962963

0 0.347134710026 0.677795509605 81 30 12.0987654321

0 0.325796061375 0.677088937253 80 30 12.2375

0 0.340716494429 0.675986423675 79 28 12.3924050633

0 0.332342869994 0.672908701788 78 30 12.5256410256

0 0.328382843187 0.671120622962 77 29 12.6883116883

0 0.307040316758 0.667668006049 77 32 12.6883116883

0 0.320660360352 0.668704736811 77 29 12.6623376623

0 0.306786058823 0.667693789211 77 33 12.6753246753

0 0.293019893334 0.666184982782 77 37 12.7012987013

0 0.291973392726 0.663737255104 77 40 12.6753246753

0 0.287857877945 0.663582038013 77 39 12.6883116883

0 0.301430289906 0.663744988934 77 41 12.6753246753

0 0.2980274754 0.662667400363 76 41 12.8421052632

0 0.296079397457 0.662542511181 76 43 12.8157894737

0 0.271147205137 0.66071450853 76 43 12.7894736842

0 0.265922204503 0.660155696533 75 43 12.9733333333

0 0.279846586425 0.661795395547 75 45 13.04

0 0.268263638626 0.661244065715 75 49 13.32

