0 0.385180303026 0.68709907245 84 23 11.9047619048

0 0.379128264362 0.680432440011 80 33 12.1125

0 0.36680310651 0.674592892609 75 36 12.4533333333

0 0.38427650008 0.669308811493 71 36 12.4788732394

0 0.380045731547 0.665364855901 68 34 12.3970588235

0 0.375548419088 0.655850134074 64 34 12.609375

0 0.400397814803 0.652122204874 63 31 12.0158730159

0 0.432376986987 0.649959329699 63 33 11.6984126984

0 0.418560119799 0.642202981632 58 38 12.1034482759

0 0.436662265563 0.634164711084 56 36 12.0357142857

0 0.410962428414 0.627557090653 53 40 12.4150943396

0 0.421909251545 0.628735659944 56 35 11.2857142857

0 0.431028868132 0.616022932398 54 45 11.0

0 0.438011646272 0.611260226117 52 38 11.0961538462

0 0.436684031157 0.604538805571 56 35 9.98214285714

0 0.418424984551 0.599515921896 51 35 10.4901960784

0 0.425209173277 0.585640596925 51 40 10.0980392157

0 0.43549742182 0.578044142442 49 43 9.95918367347

0 0.416040111027 0.567212312901 49 37 9.40816326531

0 0.401807633618 0.553976226216 46 42 9.45652173913

