1	31 
2	11 
3	17 
4	3 
5	4 
6	2 
7	9 
8	25 
9	5 
10	21 
11	21 
12	2 
13	9 
14	24 
15	30 
16	8 
17	20 
18	29 
19	19 
20	24 
21	24 
22	9 
23	9 
24	16 
25	24 
26	8 
27	23 
28	25 
29	9 
30	27 
31	6 
32	13 
33	31 
34	14 
35	13 
36	27 
37	30 
38	2 
39	26 
40	31 
41	30 
42	27 
43	22 
44	12 
45	30 
46	29 
47	27 
48	5 
49	13 
50	8 
51	24 
52	10 
53	23 
54	2 
55	3 
56	15 
57	1 
58	31 
59	14 
60	9 
61	10 
62	19 
63	17 
64	10 
65	1 
66	17 
67	17 
68	25 
69	25 
70	13 
71	12 
72	10 
73	19 
74	31 
75	17 
76	15 
77	16 
78	9 
79	24 
80	19 
81	19 
82	5 
83	20 
84	22 
85	18 
86	14 
87	20 
88	7 
89	9 
90	11 
91	31 
92	20 
93	22 
94	9 
95	1 
96	3 
97	24 
98	3 
99	17 
100	28 
101	7 
102	21 
103	7 
104	15 
105	31 
106	4 
107	26 
108	5 
109	13 
110	22 
111	28 
112	31 
113	10 
114	11 
115	12 
116	20 
117	28 
118	31 
119	27 
120	11 
121	26 
122	29 
123	4 
124	17 
125	6 
126	25 
127	16 
128	19 
129	9 
130	13 
131	6 
132	17 
133	22 
134	9 
135	20 
136	30 
137	23 
138	21 
139	30 
140	28 
141	3 
142	18 
143	14 
144	26 
145	13 
146	24 
147	7 
148	12 
149	2 
150	16 
151	1 
152	6 
153	25 
154	3 
155	24 
156	5 
157	31 
158	7 
159	28 
160	13 
161	30 
162	25 
163	29 
164	18 
165	14 
166	10 
167	5 
168	14 
169	27 
170	22 
171	19 
172	14 
173	21 
174	22 
175	25 
176	5 
177	9 
178	29 
179	7 
180	6 
181	30 
182	30 
183	25 
184	25 
185	6 
186	4 
187	19 
188	6 
189	13 
190	24 
191	3 
192	27 
193	28 
194	23 
195	19 
196	25 
197	15 
198	26 
199	23 
200	19 
201	28 
202	17 
203	26 
204	12 
205	5 
206	27 
207	10 
208	2 
209	16 
210	17 
211	4 
212	20 
213	2 
214	21 
215	6 
216	17 
217	14 
218	16 
219	15 
220	8 
221	14 
222	21 
223	12 
224	5 
225	3 
226	24 
227	12 
228	21 
229	21 
230	3 
231	30 
232	2 
233	30 
234	27 
235	13 
236	30 
237	26 
238	24 
239	4 
240	25 
241	27 
242	31 
243	7 
244	18 
245	18 
246	18 
247	5 
248	19 
249	18 
250	11 
251	24 
252	18 
253	4 
254	3 
255	24 
256	31 
257	16 
258	25 
259	2 
260	21 
261	7 
262	2 
263	9 
264	19 
265	7 
266	12 
267	9 
268	23 
269	24 
270	27 
271	29 
272	5 
273	11 
274	26 
275	13 
276	2 
277	3 
278	5 
279	30 
280	18 
281	19 
282	21 
283	25 
284	28 
285	28 
286	22 
287	15 
288	20 
289	13 
290	12 
291	19 
292	6 
293	24 
294	21 
295	14 
296	22 
297	20 
298	2 
299	17 
300	24 
301	15 
302	1 
303	16 
304	22 
305	22 
306	19 
307	5 
308	26 
309	30 
310	14 
311	27 
312	14 
313	14 
314	5 
315	9 
316	25 
317	6 
318	2 
319	8 
320	9 
321	6 
322	11 
323	25 
324	16 
325	15 
326	31 
327	6 
328	13 
329	31 
330	23 
331	1 
332	6 
333	15 
334	21 
335	21 
336	8 
337	31 
338	31 
339	5 
340	18 
341	19 
342	4 
343	12 
344	20 
345	24 
346	25 
347	20 
348	4 
349	19 
350	2 
351	13 
352	26 
353	27 
354	2 
355	21 
356	14 
357	23 
358	10 
359	31 
360	23 
361	6 
362	9 
363	3 
364	7 
365	17 
366	25 
367	7 
368	22 
369	2 
370	7 
371	3 
372	31 
373	20 
374	29 
375	27 
376	7 
377	27 
378	1 
379	9 
380	30 
381	25 
382	25 
383	19 
384	5 
385	22 
386	18 
387	9 
388	9 
389	28 
390	29 
391	21 
392	20 
393	7 
394	28 
395	22 
396	3 
397	29 
398	3 
399	16 
400	31 
401	18 
402	3 
403	15 
404	22 
405	5 
406	23 
407	9 
408	27 
409	9 
410	2 
411	12 
412	28 
413	23 
414	2 
415	10 
416	15 
417	14 
418	27 
419	23 
420	16 
421	23 
422	30 
423	20 
424	25 
425	5 
426	22 
427	13 
428	29 
429	3 
430	25 
431	10 
432	11 
433	20 
434	30 
435	22 
436	17 
437	5 
438	21 
439	5 
440	1 
441	2 
442	3 
443	31 
444	21 
445	3 
446	4 
447	28 
448	7 
449	19 
450	7 
451	17 
452	15 
453	25 
454	29 
455	29 
456	24 
457	14 
458	19 
459	4 
460	5 
461	11 
462	18 
463	9 
464	19 
465	11 
466	30 
467	2 
468	2 
469	10 
470	17 
471	17 
472	13 
473	7 
474	20 
475	19 
476	4 
477	4 
478	20 
479	22 
480	23 
481	2 
482	19 
483	12 
484	7 
485	23 
486	17 
487	26 
488	22 
489	17 
490	19 
491	21 
492	23 
493	25 
494	16 
495	3 
496	30 
497	9 
498	24 
499	9 
500	24 
501	25 
502	11 
503	6 
504	3 
505	14 
506	3 
507	27 
508	2 
509	3 
510	3 
511	6 
512	18 
513	8 
514	5 
515	9 
516	9 
517	26 
518	23 
519	27 
520	20 
521	11 
522	17 
523	30 
524	17 
525	18 
526	19 
527	22 
528	4 
529	25 
530	21 
531	15 
532	3 
533	4 
534	7 
535	12 
536	2 
537	24 
538	16 
539	16 
540	14 
541	25 
542	19 
543	18 
544	13 
545	12 
546	20 
547	31 
548	30 
549	9 
550	2 
551	5 
552	2 
553	29 
554	24 
555	24 
556	15 
557	23 
558	15 
559	4 
560	2 
561	6 
562	31 
563	27 
564	3 
565	9 
566	19 
567	22 
568	9 
569	23 
570	13 
571	28 
572	24 
573	9 
574	30 
575	11 
576	30 
577	2 
578	9 
579	24 
580	5 
581	5 
582	3 
583	6 
584	9 
585	11 
586	15 
587	25 
588	9 
589	19 
590	4 
591	29 
592	5 
593	10 
594	25 
595	4 
596	27 
597	25 
598	2 
599	15 
600	12 
601	13 
602	3 
603	14 
604	22 
605	3 
606	14 
607	27 
608	27 
609	24 
610	24 
611	21 
612	27 
613	15 
614	5 
615	27 
616	23 
617	19 
618	26 
619	5 
620	6 
621	12 
622	19 
623	31 
624	31 
625	2 
626	6 
627	9 
628	13 
629	9 
630	26 
631	28 
632	30 
633	26 
634	1 
635	3 
636	9 
637	28 
638	20 
639	1 
640	23 
641	10 
642	8 
643	15 
644	18 
645	31 
646	25 
647	25 
648	3 
649	12 
650	24 
651	16 
652	26 
653	9 
654	27 
655	30 
656	3 
657	26 
658	19 
659	16 
660	19 
661	22 
662	19 
663	31 
664	1 
665	21 
666	5 
667	16 
668	8 
669	28 
670	23 
671	13 
672	19 
673	16 
674	31 
675	28 
676	2 
677	22 
678	27 
679	23 
680	15 
681	7 
682	24 
683	31 
684	15 
685	21 
686	3 
687	15 
688	13 
689	12 
690	1 
691	21 
692	25 
693	7 
694	7 
695	9 
696	2 
697	19 
698	14 
699	23 
700	9 
701	11 
702	11 
703	9 
704	12 
705	26 
706	28 
707	21 
708	7 
709	24 
710	22 
711	13 
712	29 
713	29 
714	13 
715	23 
716	23 
717	28 
718	18 
719	24 
720	22 
721	14 
722	26 
723	11 
724	17 
725	16 
726	23 
727	31 
728	11 
729	25 
730	20 
731	31 
732	24 
733	18 
734	16 
735	7 
736	25 
737	31 
738	31 
739	5 
740	4 
741	1 
742	29 
743	7 
744	30 
745	29 
746	5 
747	13 
748	23 
749	23 
750	20 
751	26 
752	14 
753	26 
754	13 
755	3 
756	30 
757	4 
758	23 
759	7 
760	15 
761	2 
762	18 
763	16 
764	17 
765	4 
766	27 
767	25 
768	23 
769	7 
770	13 
771	24 
772	5 
773	21 
774	14 
775	27 
776	7 
777	19 
778	2 
779	11 
780	27 
781	13 
782	14 
783	26 
784	8 
785	20 
786	1 
787	10 
788	4 
789	28 
790	27 
791	23 
792	21 
793	4 
794	7 
795	6 
796	23 
797	24 
798	24 
799	12 
800	18 
801	6 
802	8 
803	25 
804	25 
805	7 
806	13 
807	11 
808	18 
809	1 
810	22 
811	2 
812	13 
813	19 
814	21 
815	10 
816	9 
817	14 
818	28 
819	24 
820	9 
821	31 
822	27 
823	30 
824	28 
825	21 
826	15 
827	19 
828	21 
829	19 
830	10 
831	4 
832	3 
833	20 
834	30 
835	30 
836	29 
837	26 
838	7 
839	8 
840	12 
841	11 
842	21 
843	21 
844	19 
845	3 
846	20 
847	6 
848	30 
849	16 
850	25 
851	30 
852	19 
853	17 
854	28 
855	6 
856	2 
857	6 
858	30 
859	23 
860	29 
861	12 
862	1 
863	16 
864	6 
865	16 
866	3 
867	23 
868	7 
869	20 
870	21 
871	15 
872	23 
873	14 
874	30 
875	16 
876	6 
877	30 
878	10 
879	2 
880	9 
881	30 
882	12 
883	8 
884	18 
885	27 
886	26 
887	24 
888	19 
889	3 
890	10 
891	19 
892	2 
893	7 
894	4 
895	7 
896	14 
897	21 
898	13 
899	28 
900	9 
901	31 
902	5 
903	21 
904	15 
905	6 
906	25 
907	2 
908	25 
909	13 
910	11 
911	24 
912	13 
913	23 
914	6 
915	20 
916	24 
917	2 
918	25 
919	14 
920	25 
921	14 
922	16 
923	18 
924	27 
925	3 
926	21 
927	6 
928	7 
929	9 
930	26 
931	25 
932	23 
933	7 
934	23 
935	24 
936	20 
937	27 
938	30 
939	24 
940	3 
941	4 
942	4 
943	24 
944	27 
945	22 
946	10 
947	17 
948	20 
949	3 
950	4 
951	11 
952	30 
953	23 
954	18 
955	24 
956	23 
957	16 
958	11 
959	27 
960	31 
961	2 
962	28 
963	2 
964	27 
965	31 
966	23 
967	14 
968	8 
969	9 
970	18 
971	17 
972	27 
973	29 
974	3 
975	15 
976	30 
977	29 
978	16 
979	7 
980	12 
981	30 
982	9 
983	17 
984	23 
985	27 
986	18 
987	11 
988	2 
989	13 
990	31 
991	29 
992	24 
993	29 
994	22 
995	2 
996	26 
997	23 
998	15 
999	3 
1000	16 
1001	26 
1002	5 
1003	24 
1004	14 
1005	5 
1006	31 
1007	23 
1008	25 
1009	28 
1010	30 
1011	12 
1012	24 
1013	30 
1014	7 
1015	6 
1016	19 
1017	4 
1018	18 
1019	11 
1020	10 
1021	7 
1022	27 
1023	31 
1024	21 
1025	20 
1026	24 
1027	7 
1028	19 
1029	29 
1030	23 
1031	25 
1032	8 
1033	17 
1034	18 
1035	17 
1036	11 
1037	25 
1038	13 
1039	31 
1040	31 
1041	21 
1042	4 
1043	29 
1044	14 
1045	3 
1046	12 
1047	16 
1048	23 
1049	18 
1050	24 
1051	28 
1052	18 
1053	7 
1054	7 
1055	20 
1056	15 
1057	30 
1058	24 
1059	8 
1060	20 
1061	17 
1062	29 
1063	25 
1064	7 
1065	9 
1066	30 
1067	17 
1068	5 
1069	8 
1070	29 
1071	31 
1072	8 
1073	21 
1074	21 
1075	23 
1076	30 
1077	25 
1078	11 
1079	4 
1080	24 
1081	13 
1082	21 
1083	20 
1084	22 
1085	17 
1086	7 
1087	15 
1088	27 
1089	18 
1090	28 
1091	20 
1092	19 
1093	11 
1094	30 
1095	3 
1096	16 
1097	3 
1098	11 
1099	15 
1100	15 
1101	23 
1102	29 
1103	29 
1104	29 
1105	5 
1106	17 
1107	21 
1108	24 
1109	22 
1110	29 
1111	21 
1112	6 
1113	21 
1114	21 
1115	6 
1116	1 
1117	15 
1118	18 
1119	30 
1120	29 
1121	19 
1122	19 
1123	21 
1124	9 
1125	13 
1126	10 
1127	30 
1128	6 
1129	24 
1130	1 
1131	23 
1132	31 
1133	8 
1134	11 
1135	27 
1136	5 
1137	7 
1138	7 
1139	23 
1140	16 
1141	28 
1142	3 
1143	21 
1144	30 
1145	20 
1146	3 
1147	23 
1148	21 
1149	7 
1150	23 
1151	22 
1152	20 
1153	5 
1154	29 
1155	25 
1156	24 
1157	21 
1158	2 
1159	23 
1160	17 
1161	13 
1162	28 
1163	9 
1164	20 
1165	25 
1166	21 
1167	13 
1168	11 
1169	11 
1170	20 
1171	30 
1172	31 
1173	2 
1174	28 
1175	3 
1176	18 
1177	22 
1178	21 
1179	28 
1180	20 
1181	4 
1182	23 
1183	31 
1184	19 
1185	28 
1186	11 
1187	12 
1188	13 
1189	5 
1190	7 
1191	29 
1192	9 
1193	28 
1194	9 
1195	13 
1196	19 
1197	21 
1198	23 
1199	24 
1200	19 
1201	11 
1202	24 
1203	14 
1204	26 
1205	24 
1206	21 
1207	12 
1208	3 
1209	13 
1210	31 
1211	15 
1212	16 
1213	5 
1214	29 
1215	9 
1216	2 
1217	28 
1218	24 
1219	20 
1220	2 
1221	8 
1222	29 
1223	23 
1224	7 
1225	22 
1226	28 
1227	28 
1228	27 
1229	10 
1230	1 
1231	9 
1232	12 
1233	19 
1234	9 
1235	20 
1236	4 
1237	12 
1238	8 
1239	26 
1240	13 
1241	31 
1242	28 
1243	12 
1244	20 
1245	2 
1246	18 
1247	20 
1248	26 
1249	8 
1250	17 
1251	11 
1252	23 
1253	13 
1254	22 
1255	21 
1256	29 
1257	28 
1258	31 
1259	21 
1260	19 
1261	21 
1262	1 
1263	5 
1264	19 
1265	19 
1266	2 
1267	30 
1268	19 
1269	1 
1270	27 
1271	10 
1272	6 
1273	22 
1274	4 
1275	10 
1276	14 
1277	21 
1278	31 
1279	28 
1280	19 
1281	30 
1282	20 
1283	27 
1284	22 
1285	10 
1286	22 
1287	19 
1288	23 
1289	13 
1290	31 
1291	14 
1292	1 
1293	9 
1294	20 
1295	11 
1296	29 
1297	25 
1298	8 
1299	4 
1300	25 
1301	21 
1302	30 
1303	21 
1304	23 
1305	20 
1306	1 
1307	19 
1308	27 
1309	30 
1310	16 
1311	22 
1312	23 
1313	19 
1314	19 
1315	23 
1316	16 
1317	2 
1318	17 
1319	31 
1320	3 
1321	11 
1322	14 
1323	2 
1324	28 
1325	14 
1326	22 
1327	14 
1328	8 
1329	25 
1330	17 
1331	23 
1332	16 
1333	7 
1334	9 
1335	12 
1336	29 
1337	27 
1338	25 
1339	3 
1340	7 
1341	14 
1342	27 
1343	15 
1344	24 
1345	8 
1346	15 
1347	10 
1348	30 
1349	24 
1350	13 
1351	8 
1352	20 
1353	4 
1354	8 
1355	2 
1356	7 
1357	20 
1358	13 
1359	9 
1360	13 
1361	8 
1362	26 
1363	23 
1364	23 
1365	8 
1366	31 
1367	9 
1368	8 
1369	6 
1370	12 
1371	6 
1372	15 
1373	10 
1374	20 
1375	20 
1376	30 
1377	25 
1378	6 
1379	5 
1380	28 
1381	23 
1382	29 
1383	2 
1384	20 
1385	17 
1386	30 
1387	3 
1388	20 
1389	6 
1390	10 
1391	4 
1392	27 
1393	21 
1394	22 
1395	10 
1396	24 
1397	2 
1398	11 
1399	29 
1400	26 
1401	20 
1402	30 
1403	31 
1404	28 
1405	15 
1406	5 
1407	17 
1408	27 
1409	7 
1410	1 
1411	12 
1412	6 
1413	14 
1414	15 
1415	12 
1416	21 
1417	9 
1418	3 
1419	23 
1420	6 
1421	3 
1422	8 
1423	14 
1424	14 
1425	1 
1426	10 
1427	2 
1428	22 
1429	27 
1430	19 
1431	19 
1432	8 
1433	17 
1434	27 
1435	27 
1436	26 
1437	4 
1438	3 
1439	2 
1440	28 
1441	2 
1442	7 
1443	30 
1444	27 
1445	20 
1446	2 
1447	27 
1448	4 
1449	4 
1450	14 
1451	11 
1452	21 
1453	28 
1454	18 
1455	25 
1456	18 
1457	14 
1458	14 
1459	21 
1460	28 
1461	17 
1462	7 
1463	24 
1464	28 
1465	8 
1466	23 
1467	22 
1468	23 
1469	17 
1470	29 
1471	2 
1472	16 
1473	23 
1474	8 
1475	27 
1476	25 
1477	2 
1478	2 
1479	7 
1480	11 
1481	31 
1482	19 
1483	21 
1484	15 
1485	20 
1486	21 
1487	29 
1488	22 
1489	25 
1490	10 
1491	30 
1492	15 
1493	18 
1494	31 
1495	10 
1496	13 
1497	29 
1498	31 
1499	24 
1500	28 
1501	19 
1502	4 
1503	3 
1504	3 
1505	23 
1506	18 
1507	15 
1508	7 
1509	23 
1510	29 
1511	8 
1512	26 
1513	3 
1514	21 
1515	29 
1516	16 
1517	20 
1518	6 
1519	7 
1520	21 
1521	20 
1522	27 
1523	31 
1524	2 
1525	30 
1526	25 
1527	6 
1528	7 
1529	25 
1530	9 
1531	18 
1532	8 
1533	28 
1534	24 
1535	13 
1536	22 
1537	2 
1538	29 
1539	2 
1540	31 
1541	31 
1542	21 
1543	1 
1544	14 
1545	3 
1546	7 
1547	25 
1548	20 
1549	28 
1550	31 
1551	17 
1552	9 
1553	13 
1554	20 
1555	21 
1556	29 
1557	3 
1558	16 
1559	23 
1560	2 
1561	2 
1562	25 
1563	25 
1564	23 
1565	2 
1566	31 
1567	24 
1568	24 
1569	27 
1570	14 
1571	17 
1572	19 
1573	12 
1574	20 
1575	16 
1576	31 
1577	12 
1578	19 
1579	6 
1580	14 
1581	24 
1582	20 
1583	17 
1584	8 
1585	3 
1586	14 
1587	29 
1588	25 
1589	4 
1590	2 
1591	11 
1592	2 
1593	26 
1594	18 
1595	14 
1596	4 
1597	2 
1598	22 
1599	21 
1600	31 
1601	13 
1602	28 
1603	2 
1604	3 
1605	21 
1606	3 
1607	29 
1608	15 
1609	4 
1610	22 
1611	21 
1612	21 
1613	7 
1614	19 
1615	29 
1616	18 
1617	14 
1618	4 
1619	16 
1620	14 
1621	29 
1622	28 
1623	1 
1624	22 
1625	12 
1626	29 
1627	8 
1628	27 
1629	25 
1630	14 
1631	25 
1632	21 
1633	21 
1634	27 
1635	7 
1636	23 
1637	23 
1638	17 
1639	2 
1640	22 
1641	14 
1642	20 
1643	7 
1644	18 
1645	3 
1646	15 
1647	30 
1648	2 
1649	30 
1650	7 
1651	17 
1652	7 
1653	15 
1654	21 
1655	2 
1656	20 
1657	5 
1658	30 
1659	14 
1660	8 
1661	14 
1662	27 
1663	27 
1664	27 
1665	2 
1666	23 
1667	2 
1668	29 
1669	24 
1670	18 
1671	23 
1672	14 
1673	5 
1674	11 
1675	18 
1676	16 
1677	5 
1678	21 
1679	4 
1680	2 
1681	21 
1682	27 
1683	11 
1684	24 
1685	30 
1686	2 
1687	27 
1688	30 
1689	19 
1690	6 
1691	21 
1692	30 
1693	24 
1694	18 
1695	30 
1696	21 
1697	16 
1698	9 
1699	19 
1700	27 
1701	13 
1702	25 
1703	28 
1704	21 
1705	8 
1706	30 
1707	22 
1708	12 
1709	2 
1710	6 
1711	17 
1712	27 
1713	23 
1714	5 
1715	12 
1716	6 
1717	23 
1718	24 
1719	19 
1720	23 
1721	1 
1722	17 
1723	10 
1724	19 
1725	26 
1726	25 
1727	2 
1728	19 
1729	2 
1730	27 
1731	21 
1732	22 
1733	20 
1734	7 
1735	3 
1736	13 
1737	18 
1738	23 
1739	30 
1740	9 
1741	7 
1742	8 
1743	9 
1744	12 
1745	22 
1746	24 
1747	4 
1748	28 
1749	25 
1750	15 
1751	25 
1752	28 
1753	15 
1754	24 
1755	2 
1756	26 
1757	24 
1758	24 
1759	27 
1760	17 
1761	2 
1762	17 
1763	24 
1764	2 
1765	30 
1766	2 
1767	20 
1768	28 
1769	19 
1770	28 
1771	6 
1772	17 
1773	8 
1774	2 
1775	17 
1776	21 
1777	28 
1778	31 
1779	8 
1780	24 
1781	20 
1782	9 
1783	12 
1784	16 
1785	25 
1786	27 
1787	29 
1788	16 
1789	29 
1790	30 
1791	23 
1792	31 
1793	9 
1794	4 
1795	19 
1796	9 
1797	24 
1798	3 
1799	2 
1800	17 
1801	29 
1802	30 
1803	2 
1804	5 
1805	5 
1806	18 
1807	16 
1808	20 
1809	23 
1810	8 
1811	31 
1812	30 
1813	18 
1814	20 
1815	19 
1816	16 
1817	1 
1818	9 
1819	19 
1820	21 
1821	22 
1822	12 
1823	25 
1824	19 
1825	31 
1826	12 
1827	2 
1828	24 
1829	16 
1830	8 
1831	23 
1832	21 
1833	31 
1834	9 
1835	11 
1836	17 
1837	18 
1838	5 
1839	25 
1840	24 
1841	10 
1842	15 
1843	20 
1844	27 
1845	2 
1846	1 
1847	12 
1848	26 
1849	21 
1850	30 
1851	8 
1852	16 
1853	2 
1854	8 
1855	25 
1856	30 
1857	17 
1858	5 
1859	6 
1860	29 
1861	13 
1862	18 
1863	23 
1864	24 
1865	10 
1866	1 
1867	26 
1868	5 
1869	9 
1870	3 
1871	18 
1872	22 
1873	5 
1874	23 
1875	5 
1876	26 
1877	14 
1878	29 
1879	7 
1880	21 
1881	14 
1882	29 
1883	3 
1884	15 
1885	25 
1886	25 
1887	11 
1888	8 
1889	25 
1890	14 
1891	26 
1892	10 
1893	7 
1894	5 
1895	8 
1896	4 
1897	25 
1898	22 
1899	22 
1900	3 
1901	6 
1902	7 
1903	13 
1904	20 
1905	29 
1906	26 
1907	12 
1908	18 
1909	27 
1910	15 
1911	4 
1912	17 
1913	4 
1914	21 
1915	12 
1916	16 
1917	28 
1918	20 
1919	7 
1920	5 
1921	9 
1922	12 
1923	24 
1924	26 
1925	15 
1926	3 
1927	17 
1928	24 
1929	13 
1930	24 
1931	26 
1932	28 
1933	4 
1934	10 
1935	10 
1936	5 
1937	11 
1938	28 
1939	18 
1940	1 
1941	6 
1942	9 
1943	25 
1944	31 
1945	10 
1946	30 
1947	2 
1948	20 
1949	15 
1950	19 
1951	19 
1952	11 
1953	1 
1954	16 
1955	4 
1956	30 
1957	1 
1958	15 
1959	10 
1960	23 
1961	18 
1962	20 
1963	15 
1964	31 
1965	20 
1966	11 
1967	8 
1968	16 
1969	30 
1970	6 
1971	7 
1972	20 
1973	30 
1974	26 
1975	24 
1976	12 
1977	22 
1978	26 
1979	14 
1980	15 
1981	20 
1982	29 
1983	7 
1984	11 
1985	8 
1986	13 
1987	14 
1988	21 
1989	29 
1990	24 
1991	30 
1992	12 
1993	13 
1994	7 
1995	21 
1996	5 
1997	23 
1998	29 
1999	10 
2000	17 
2001	20 
2002	30 
2003	15 
2004	14 
2005	21 
2006	2 
2007	30 
2008	27 
2009	28 
2010	3 
2011	9 
2012	9 
2013	9 
2014	30 
2015	24 
2016	11 
2017	18 
2018	2 
2019	30 
2020	29 
2021	5 
2022	29 
2023	6 
2024	30 
2025	11 
2026	24 
2027	18 
2028	28 
2029	6 
2030	24 
2031	20 
2032	13 
2033	9 
2034	22 
2035	21 
2036	3 
2037	31 
2038	3 
2039	4 
2040	23 
2041	16 
2042	31 
2043	2 
2044	30 
2045	16 
2046	13 
2047	24 
2048	4 
2049	28 
2050	7 
2051	23 
2052	21 
2053	6 
2054	8 
2055	3 
2056	10 
2057	24 
2058	21 
2059	16 
2060	21 
2061	5 
2062	25 
2063	17 
2064	6 
2065	12 
2066	28 
2067	2 
2068	5 
2069	10 
2070	2 
2071	19 
2072	20 
2073	31 
2074	29 
2075	13 
2076	26 
2077	29 
2078	4 
2079	6 
2080	15 
2081	28 
2082	17 
2083	15 
2084	1 
2085	15 
2086	9 
2087	8 
2088	30 
2089	28 
2090	20 
2091	5 
2092	18 
2093	26 
2094	19 
2095	11 
2096	13 
2097	21 
2098	5 
2099	24 
2100	12 
2101	23 
2102	9 
2103	27 
2104	25 
2105	1 
2106	8 
2107	13 
2108	13 
2109	5 
2110	16 
2111	2 
2112	11 
2113	19 
2114	27 
2115	19 
2116	26 
2117	20 
2118	7 
2119	11 
2120	1 
2121	19 
2122	22 
2123	19 
2124	1 
2125	11 
2126	20 
2127	15 
2128	2 
2129	14 
2130	13 
2131	24 
2132	3 
2133	11 
2134	15 
2135	11 
2136	18 
2137	7 
2138	29 
2139	30 
2140	11 
2141	6 
2142	3 
2143	7 
2144	20 
2145	1 
2146	30 
2147	20 
2148	8 
2149	2 
2150	14 
2151	1 
2152	26 
2153	14 
2154	23 
2155	7 
2156	31 
2157	2 
2158	23 
2159	5 
2160	24 
2161	16 
2162	27 
2163	10 
2164	2 
2165	24 
2166	13 
2167	5 
2168	17 
2169	23 
2170	11 
2171	15 
2172	15 
2173	11 
2174	31 
2175	12 
2176	8 
2177	13 
2178	4 
2179	6 
2180	25 
2181	7 
2182	13 
2183	29 
2184	15 
2185	3 
2186	25 
2187	24 
2188	20 
2189	1 
2190	20 
2191	24 
2192	12 
2193	5 
2194	21 
2195	31 
2196	7 
2197	22 
2198	8 
2199	17 
2200	18 
2201	20 
2202	24 
2203	29 
2204	5 
2205	30 
2206	1 
2207	5 
2208	28 
2209	3 
2210	19 
2211	8 
2212	17 
2213	31 
2214	22 
2215	31 
2216	24 
2217	2 
2218	6 
2219	1 
2220	5 
2221	21 
2222	22 
2223	7 
2224	8 
2225	15 
2226	3 
2227	31 
2228	3 
2229	26 
2230	20 
2231	24 
2232	30 
2233	14 
2234	10 
2235	2 
2236	1 
2237	21 
2238	26 
2239	17 
2240	24 
2241	31 
2242	5 
2243	5 
2244	13 
2245	14 
2246	29 
2247	9 
2248	5 
2249	20 
2250	1 
2251	14 
2252	26 
2253	31 
2254	11 
2255	27 
2256	21 
2257	10 
2258	25 
2259	27 
2260	15 
2261	2 
2262	30 
2263	25 
2264	5 
2265	3 
2266	3 
2267	19 
2268	6 
2269	24 
2270	29 
2271	24 
2272	30 
2273	24 
2274	31 
2275	14 
2276	22 
2277	27 
2278	19 
2279	30 
2280	8 
2281	13 
2282	12 
2283	23 
2284	3 
2285	6 
2286	12 
2287	13 
2288	18 
2289	6 
2290	21 
2291	31 
2292	26 
2293	23 
2294	10 
2295	6 
2296	1 
2297	20 
2298	13 
2299	31 
2300	2 
2301	21 
2302	22 
2303	18 
2304	6 
2305	13 
2306	25 
2307	27 
2308	13 
2309	10 
2310	28 
2311	25 
2312	31 
2313	23 
2314	18 
2315	26 
2316	11 
2317	9 
2318	21 
2319	11 
2320	13 
2321	7 
2322	19 
2323	30 
2324	8 
2325	11 
2326	16 
2327	22 
2328	24 
2329	13 
2330	25 
2331	7 
2332	15 
2333	1 
2334	5 
2335	18 
2336	2 
2337	3 
2338	27 
2339	13 
2340	19 
2341	25 
2342	17 
2343	3 
2344	11 
2345	25 
2346	4 
2347	3 
2348	31 
2349	22 
2350	11 
2351	12 
2352	9 
2353	5 
2354	30 
2355	27 
2356	28 
2357	2 
2358	24 
2359	20 
2360	23 
2361	9 
2362	24 
2363	29 
2364	20 
2365	10 
2366	5 
2367	25 
2368	27 
2369	15 
2370	28 
2371	17 
2372	30 
2373	13 
2374	22 
2375	20 
2376	9 
2377	6 
2378	22 
2379	29 
2380	12 
2381	20 
2382	5 
2383	24 
2384	22 
2385	25 
2386	7 
2387	19 
2388	28 
2389	9 
2390	14 
2391	23 
2392	24 
2393	7 
2394	29 
2395	18 
2396	26 
2397	17 
2398	3 
2399	21 
2400	13 
2401	31 
2402	13 
2403	31 
2404	5 
2405	14 
2406	22 
2407	4 
2408	30 
2409	19 
2410	24 
2411	2 
2412	5 
2413	28 
2414	6 
2415	17 
2416	20 
2417	31 
2418	11 
2419	3 
2420	23 
2421	28 
2422	21 
2423	19 
2424	8 
2425	19 
2426	13 
2427	21 
2428	3 
2429	25 
2430	22 
2431	11 
2432	27 
2433	31 
2434	27 
2435	25 
2436	12 
2437	22 
2438	3 
2439	25 
2440	18 
2441	18 
2442	12 
2443	10 
2444	12 
2445	26 
2446	5 
2447	27 
2448	10 
2449	3 
2450	29 
2451	11 
2452	7 
2453	1 
2454	1 
2455	5 
2456	9 
2457	26 
2458	21 
2459	3 
2460	22 
2461	6 
2462	20 
2463	23 
2464	1 
2465	4 
2466	9 
2467	21 
2468	11 
2469	19 
2470	31 
2471	7 
2472	12 
2473	20 
2474	10 
2475	6 
2476	2 
2477	18 
2478	28 
2479	3 
2480	28 
2481	18 
2482	14 
2483	3 
2484	30 
2485	31 
2486	3 
2487	19 
2488	9 
2489	24 
2490	23 
2491	15 
2492	3 
2493	16 
2494	17 
2495	29 
2496	7 
2497	24 
2498	25 
2499	13 
2500	7 
2501	17 
2502	7 
2503	3 
2504	11 
2505	26 
2506	31 
2507	6 
2508	5 
2509	6 
2510	29 
2511	6 
2512	3 
2513	17 
2514	21 
2515	4 
2516	4 
2517	2 
2518	19 
2519	30 
2520	20 
2521	9 
2522	15 
2523	11 
2524	21 
2525	17 
2526	3 
2527	5 
2528	18 
2529	30 
2530	28 
2531	23 
2532	30 
2533	23 
2534	30 
2535	31 
2536	16 
2537	8 
2538	19 
2539	26 
2540	7 
2541	6 
2542	19 
2543	14 
2544	1 
2545	29 
2546	21 
2547	12 
2548	24 
2549	30 
2550	18 
2551	14 
2552	3 
2553	3 
2554	31 
2555	10 
2556	23 
2557	17 
2558	24 
2559	13 
2560	2 
2561	27 
2562	19 
2563	30 
2564	30 
2565	19 
2566	5 
2567	3 
2568	14 
2569	10 
2570	19 
2571	19 
2572	23 
2573	25 
2574	29 
2575	12 
2576	28 
2577	18 
2578	17 
2579	19 
2580	2 
2581	9 
2582	11 
2583	18 
2584	9 
2585	29 
2586	23 
2587	8 
2588	10 
2589	4 
2590	9 
2591	29 
2592	24 
2593	6 
2594	21 
2595	3 
2596	18 
2597	7 
2598	7 
2599	20 
2600	21 
2601	10 
2602	9 
2603	22 
2604	3 
2605	6 
2606	19 
2607	23 
2608	5 
2609	3 
2610	7 
2611	11 
2612	12 
2613	9 
2614	3 
2615	30 
2616	3 
2617	19 
2618	1 
2619	25 
2620	24 
2621	8 
2622	7 
2623	13 
2624	8 
2625	25 
2626	29 
2627	13 
2628	7 
2629	29 
2630	23 
2631	19 
2632	2 
2633	20 
2634	13 
2635	19 
2636	28 
2637	21 
2638	9 
2639	31 
2640	9 
2641	9 
2642	3 
2643	3 
2644	23 
2645	22 
2646	4 
2647	17 
2648	31 
2649	11 
2650	18 
2651	7 
2652	3 
2653	27 
2654	20 
2655	9 
2656	29 
2657	24 
2658	3 
2659	11 
2660	3 
2661	22 
2662	20 
2663	25 
2664	21 
2665	21 
2666	23 
2667	27 
2668	26 
2669	29 
2670	3 
2671	23 
2672	23 
2673	9 
2674	2 
2675	1 
2676	13 
2677	22 
2678	25 
2679	30 
2680	27 
2681	27 
2682	27 
2683	30 
2684	18 
2685	6 
2686	14 
2687	29 
2688	13 
2689	5 
2690	7 
2691	9 
2692	2 
2693	19 
2694	29 
2695	31 
2696	30 
2697	30 
2698	28 
2699	25 
2700	20 
2701	28 
2702	6 
2703	4 
2704	24 
2705	30 
2706	24 
2707	31 
2708	7 
2709	28 
2710	20 
2711	5 
2712	20 
2713	9 
2714	30 
2715	10 
2716	24 
2717	5 
2718	10 
2719	16 
2720	19 
2721	11 
2722	20 
2723	30 
2724	22 
2725	3 
2726	6 
2727	20 
2728	24 
2729	13 
2730	28 
2731	12 
2732	5 
2733	12 
2734	12 
2735	19 
2736	27 
2737	4 
2738	11 
2739	3 
2740	12 
2741	8 
2742	21 
2743	30 
2744	27 
2745	6 
2746	1 
2747	31 
2748	16 
2749	16 
2750	20 
2751	14 
2752	7 
2753	22 
2754	12 
2755	27 
2756	19 
2757	5 
2758	31 
2759	24 
2760	27 
2761	17 
2762	11 
2763	31 
2764	27 
2765	9 
2766	26 
2767	27 
2768	8 
2769	15 
2770	19 
2771	24 
2772	15 
2773	6 
2774	14 
2775	10 
2776	24 
2777	28 
2778	4 
2779	29 
2780	13 
2781	19 
2782	10 
2783	30 
2784	8 
2785	30 
2786	5 
2787	5 
2788	11 
2789	7 
2790	16 
2791	3 
2792	9 
2793	20 
2794	14 
2795	22 
2796	22 
2797	2 
2798	23 
2799	2 
2800	27 
2801	8 
2802	24 
2803	29 
2804	25 
2805	27 
2806	24 
2807	21 
2808	29 
2809	13 
2810	6 
2811	30 
2812	8 
2813	2 
2814	3 
2815	22 
2816	24 
2817	17 
2818	5 
2819	24 
2820	17 
2821	18 
2822	24 
2823	12 
2824	5 
2825	9 
2826	19 
2827	2 
2828	1 
2829	8 
2830	24 
2831	18 
2832	11 
2833	31 
2834	31 
2835	29 
2836	2 
2837	12 
2838	9 
2839	20 
2840	4 
2841	19 
2842	28 
2843	1 
2844	24 
2845	27 
2846	8 
2847	29 
2848	1 
2849	17 
2850	23 
2851	1 
2852	24 
2853	5 
2854	21 
2855	8 
2856	22 
2857	17 
2858	10 
2859	19 
2860	12 
2861	27 
2862	14 
2863	31 
2864	31 
2865	31 
2866	29 
2867	31 
2868	7 
2869	17 
2870	23 
2871	28 
2872	14 
2873	13 
2874	18 
2875	1 
2876	31 
2877	30 
2878	15 
2879	27 
2880	11 
2881	15 
2882	31 
2883	3 
2884	5 
2885	17 
2886	24 
2887	21 
2888	23 
2889	23 
2890	4 
2891	9 
2892	31 
2893	1 
2894	11 
2895	27 
2896	9 
2897	30 
2898	10 
2899	5 
2900	25 
2901	26 
2902	4 
2903	15 
2904	5 
2905	8 
2906	24 
2907	30 
2908	15 
2909	4 
2910	21 
2911	26 
2912	12 
2913	3 
2914	28 
2915	13 
2916	10 
2917	26 
2918	25 
2919	2 
2920	5 
2921	13 
2922	28 
2923	5 
2924	5 
2925	18 
2926	30 
2927	22 
2928	16 
2929	10 
2930	26 
2931	22 
2932	1 
2933	22 
2934	23 
2935	5 
2936	19 
2937	23 
2938	12 
2939	4 
2940	29 
2941	31 
2942	20 
2943	2 
2944	11 
2945	28 
2946	27 
2947	16 
2948	9 
2949	24 
2950	16 
2951	27 
2952	13 
2953	27 
2954	26 
2955	3 
2956	21 
2957	13 
2958	10 
2959	30 
2960	4 
2961	22 
2962	2 
2963	27 
2964	21 
2965	1 
2966	2 
2967	3 
2968	21 
2969	20 
2970	31 
2971	2 
2972	19 
2973	6 
2974	19 
2975	4 
2976	9 
2977	25 
2978	15 
2979	3 
2980	2 
2981	30 
2982	6 
2983	29 
2984	22 
2985	7 
2986	27 
2987	18 
2988	7 
2989	21 
2990	25 
2991	23 
2992	12 
2993	31 
2994	14 
2995	12 
2996	6 
2997	31 
2998	5 
2999	2 
3000	3 
3001	30 
3002	23 
3003	25 
3004	6 
3005	27 
3006	23 
3007	27 
3008	6 
3009	31 
3010	28 
3011	28 
3012	24 
3013	18 
3014	1 
3015	24 
3016	5 
3017	14 
3018	14 
3019	27 
3020	20 
3021	23 
3022	9 
3023	10 
3024	9 
3025	17 
3026	31 
3027	25 
3028	27 
3029	9 
3030	12 
3031	11 
3032	6 
3033	2 
3034	13 
3035	15 
3036	18 
3037	22 
3038	22 
3039	10 
3040	11 
3041	29 
3042	11 
3043	2 
3044	24 
3045	5 
3046	2 
3047	3 
3048	21 
3049	12 
3050	28 
3051	23 
3052	4 
3053	20 
3054	16 
3055	29 
3056	25 
3057	28 
3058	30 
3059	3 
3060	9 
3061	3 
3062	23 
3063	3 
3064	12 
3065	12 
3066	11 
3067	23 
3068	7 
3069	27 
3070	24 
3071	30 
3072	13 
3073	8 
3074	14 
3075	23 
3076	17 
3077	24 
3078	4 
3079	10 
3080	15 
3081	28 
3082	21 
3083	29 
3084	29 
3085	20 
3086	6 
3087	23 
3088	20 
3089	4 
3090	27 
3091	23 
3092	27 
3093	12 
3094	24 
3095	7 
3096	24 
3097	17 
3098	11 
3099	9 
3100	9 
3101	30 
3102	23 
3103	23 
3104	15 
3105	23 
3106	26 
3107	8 
3108	21 
3109	30 
3110	23 
3111	21 
3112	31 
3113	26 
3114	25 
3115	21 
3116	20 
3117	27 
3118	11 
3119	10 
3120	31 
3121	20 
3122	23 
3123	14 
3124	6 
3125	16 
3126	3 
3127	19 
3128	8 
3129	15 
3130	28 
3131	6 
3132	29 
3133	3 
3134	22 
3135	21 
3136	30 
3137	31 
3138	8 
3139	21 
3140	31 
3141	10 
3142	31 
3143	20 
3144	6 
3145	14 
3146	8 
3147	28 
3148	3 
3149	30 
3150	2 
3151	28 
3152	30 
3153	7 
3154	21 
3155	23 
3156	11 
3157	15 
3158	23 
3159	10 
3160	7 
3161	2 
3162	13 
3163	16 
3164	12 
3165	16 
3166	13 
3167	3 
3168	17 
3169	26 
3170	18 
3171	30 
3172	24 
3173	5 
3174	17 
3175	28 
3176	24 
3177	22 
3178	13 
3179	11 
3180	6 
3181	5 
3182	14 
3183	21 
3184	31 
3185	20 
3186	2 
3187	2 
3188	15 
3189	10 
3190	12 
3191	14 
3192	11 
3193	31 
3194	14 
3195	4 
3196	5 
3197	3 
3198	22 
3199	1 
3200	22 
3201	2 
3202	19 
3203	1 
3204	4 
3205	28 
3206	27 
3207	4 
3208	3 
3209	24 
3210	2 
3211	17 
3212	22 
3213	2 
3214	2 
3215	31 
3216	6 
3217	31 
3218	24 
3219	23 
3220	9 
3221	15 
3222	31 
3223	20 
3224	13 
3225	13 
3226	14 
3227	13 
3228	29 
3229	25 
3230	19 
3231	13 
3232	23 
3233	3 
3234	28 
3235	17 
3236	21 
3237	27 
3238	22 
3239	30 
3240	26 
3241	19 
3242	17 
3243	14 
3244	6 
3245	28 
3246	1 
3247	8 
3248	29 
3249	9 
3250	13 
3251	16 
3252	2 
3253	10 
3254	4 
3255	25 
3256	12 
3257	9 
3258	16 
3259	20 
3260	14 
3261	12 
3262	31 
3263	28 
3264	2 
3265	27 
3266	24 
3267	23 
3268	25 
3269	20 
3270	30 
3271	20 
3272	19 
3273	19 
3274	1 
3275	3 
3276	8 
3277	20 
3278	12 
3279	20 
3280	20 
3281	2 
3282	4 
3283	26 
3284	3 
3285	25 
3286	26 
3287	24 
3288	28 
3289	27 
3290	2 
3291	29 
3292	24 
3293	26 
3294	3 
3295	21 
3296	7 
3297	15 
3298	23 
3299	19 
3300	29 
3301	18 
3302	22 
3303	3 
3304	16 
3305	23 
3306	23 
3307	20 
3308	11 
3309	13 
3310	25 
3311	29 
3312	14 
3313	23 
3314	23 
3315	31 
3316	27 
3317	26 
3318	9 
3319	22 
3320	19 
3321	23 
3322	21 
3323	2 
3324	30 
3325	4 
3326	25 
3327	5 
3328	29 
3329	2 
3330	20 
3331	15 
3332	3 
3333	11 
3334	31 
3335	15 
3336	1 
3337	10 
3338	28 
3339	19 
3340	5 
3341	24 
3342	26 
3343	30 
3344	19 
3345	31 
3346	10 
3347	7 
3348	10 
3349	21 
3350	17 
3351	3 
3352	3 
3353	30 
3354	21 
3355	15 
3356	1 
3357	18 
3358	29 
3359	9 
3360	12 
3361	28 
3362	24 
3363	3 
3364	22 
3365	20 
3366	17 
3367	10 
3368	6 
3369	31 
3370	20 
3371	20 
3372	17 
3373	4 
3374	4 
3375	19 
3376	7 
3377	3 
3378	11 
3379	28 
3380	17 
3381	24 
3382	16 
3383	9 
3384	16 
3385	17 
3386	5 
3387	17 
3388	11 
3389	17 
3390	27 
3391	27 
3392	18 
3393	3 
3394	22 
3395	19 
3396	3 
3397	19 
3398	10 
3399	18 
3400	12 
3401	12 
3402	27 
3403	9 
3404	29 
3405	16 
3406	2 
3407	31 
3408	7 
3409	14 
3410	24 
3411	10 
3412	5 
3413	13 
3414	17 
3415	12 
3416	3 
3417	11 
3418	2 
3419	14 
3420	14 
3421	11 
3422	11 
3423	23 
3424	31 
3425	28 
3426	9 
3427	28 
3428	29 
3429	11 
3430	12 
3431	31 
3432	26 
3433	21 
3434	7 
3435	3 
3436	19 
3437	14 
3438	25 
3439	25 
3440	22 
3441	21 
3442	13 
3443	28 
3444	25 
3445	29 
3446	27 
3447	17 
3448	24 
3449	22 
3450	25 
3451	21 
3452	28 
3453	23 
3454	19 
3455	29 
3456	27 
3457	8 
3458	8 
3459	15 
3460	23 
3461	4 
3462	31 
3463	9 
3464	1 
3465	25 
3466	28 
3467	17 
3468	28 
3469	19 
3470	30 
3471	23 
3472	24 
3473	6 
3474	16 
3475	14 
3476	13 
3477	11 
3478	19 
3479	12 
3480	27 
3481	21 
3482	19 
3483	6 
3484	3 
3485	27 
3486	31 
3487	30 
3488	29 
3489	17 
3490	16 
3491	30 
3492	15 
3493	20 
3494	5 
3495	13 
3496	22 
3497	20 
3498	6 
3499	15 
3500	2 
3501	20 
3502	5 
3503	6 
3504	19 
3505	17 
3506	9 
3507	7 
3508	20 
3509	6 
3510	6 
3511	7 
3512	4 
3513	7 
3514	13 
3515	26 
3516	19 
3517	30 
3518	18 
3519	12 
3520	13 
3521	19 
3522	10 
3523	6 
3524	3 
3525	10 
3526	16 
3527	14 
3528	19 
3529	24 
3530	17 
3531	24 
3532	8 
3533	11 
3534	24 
3535	13 
3536	13 
3537	2 
3538	2 
3539	23 
3540	5 
3541	31 
3542	18 
3543	10 
3544	21 
3545	18 
3546	24 
3547	3 
3548	19 
3549	31 
3550	9 
3551	18 
3552	13 
3553	24 
3554	15 
3555	17 
3556	24 
3557	7 
3558	15 
3559	5 
3560	6 
3561	9 
3562	22 
3563	24 
3564	4 
3565	12 
3566	17 
3567	21 
3568	31 
3569	2 
3570	19 
3571	19 
3572	16 
3573	19 
3574	9 
3575	23 
3576	2 
3577	4 
3578	6 
3579	2 
3580	6 
3581	25 
3582	19 
3583	5 
3584	20 
3585	30 
3586	26 
3587	23 
3588	19 
3589	20 
3590	31 
3591	3 
3592	1 
3593	11 
3594	21 
3595	14 
3596	24 
3597	1 
3598	31 
3599	1 
3600	8 
3601	20 
3602	9 
3603	18 
3604	8 
3605	31 
3606	19 
3607	15 
3608	17 
3609	11 
3610	31 
3611	1 
3612	20 
3613	30 
3614	31 
3615	23 
3616	8 
3617	8 
3618	5 
3619	20 
3620	18 
3621	13 
3622	6 
3623	21 
3624	25 
3625	31 
3626	30 
3627	28 
3628	23 
3629	25 
3630	31 
3631	4 
3632	19 
3633	17 
3634	3 
3635	10 
3636	31 
3637	20 
3638	5 
3639	9 
3640	16 
3641	31 
3642	4 
3643	21 
3644	27 
3645	2 
3646	25 
3647	24 
3648	2 
3649	19 
3650	30 
3651	25 
3652	26 
3653	1 
3654	17 
3655	27 
3656	2 
3657	9 
3658	2 
3659	13 
3660	31 
3661	22 
3662	27 
3663	3 
3664	3 
3665	10 
3666	7 
3667	30 
3668	24 
3669	27 
3670	31 
3671	30 
3672	7 
3673	25 
3674	24 
3675	3 
3676	9 
3677	23 
3678	9 
3679	27 
3680	7 
3681	4 
3682	1 
3683	23 
3684	29 
3685	14 
3686	14 
3687	2 
3688	23 
3689	29 
3690	29 
3691	30 
3692	6 
3693	31 
3694	18 
3695	10 
3696	5 
3697	16 
3698	14 
3699	13 
3700	7 
3701	9 
3702	29 
3703	31 
3704	7 
3705	8 
3706	11 
3707	2 
3708	20 
3709	26 
3710	21 
3711	28 
3712	27 
3713	17 
3714	27 
3715	27 
3716	6 
3717	3 
3718	30 
3719	31 
3720	11 
3721	29 
3722	30 
3723	30 
3724	31 
3725	20 
3726	25 
3727	12 
3728	11 
3729	29 
3730	3 
3731	1 
3732	3 
3733	20 
3734	7 
3735	4 
3736	21 
3737	26 
3738	2 
3739	10 
3740	20 
3741	22 
3742	30 
3743	11 
3744	13 
3745	19 
3746	29 
3747	28 
3748	17 
3749	17 
3750	28 
3751	9 
3752	13 
3753	4 
3754	19 
3755	29 
3756	20 
3757	24 
3758	14 
3759	21 
3760	28 
3761	28 
3762	1 
3763	26 
3764	10 
3765	17 
3766	7 
3767	3 
3768	3 
3769	25 
3770	24 
3771	23 
3772	27 
3773	15 
3774	31 
3775	12 
3776	23 
3777	1 
3778	9 
3779	15 
3780	21 
3781	16 
3782	7 
3783	22 
3784	20 
3785	31 
3786	2 
3787	24 
3788	19 
3789	13 
3790	26 
3791	12 
3792	26 
3793	31 
3794	5 
3795	23 
3796	22 
3797	31 
3798	27 
3799	6 
3800	9 
3801	19 
3802	22 
3803	15 
3804	26 
3805	8 
3806	30 
3807	15 
3808	22 
3809	19 
3810	10 
3811	27 
3812	7 
3813	24 
3814	10 
3815	19 
3816	21 
3817	18 
3818	7 
3819	4 
3820	16 
3821	22 
3822	19 
3823	8 
3824	30 
3825	4 
3826	16 
3827	4 
3828	18 
3829	7 
3830	2 
3831	7 
3832	22 
3833	25 
3834	2 
3835	31 
3836	1 
3837	13 
3838	8 
3839	21 
3840	15 
3841	29 
3842	22 
3843	17 
3844	6 
3845	19 
3846	30 
3847	23 
3848	26 
3849	24 
3850	25 
3851	12 
3852	17 
3853	5 
3854	29 
3855	19 
3856	27 
3857	31 
3858	25 
3859	3 
3860	19 
3861	29 
3862	7 
3863	2 
3864	9 
3865	10 
3866	5 
3867	20 
3868	15 
3869	21 
3870	5 
3871	7 
3872	7 
3873	6 
3874	15 
3875	1 
3876	16 
3877	30 
3878	24 
3879	9 
3880	25 
3881	21 
3882	6 
3883	27 
3884	13 
3885	14 
3886	13 
3887	3 
3888	21 
3889	8 
3890	3 
3891	13 
3892	25 
3893	10 
3894	1 
3895	27 
3896	16 
3897	18 
3898	8 
3899	20 
3900	25 
3901	21 
3902	24 
3903	3 
3904	28 
3905	3 
3906	19 
3907	6 
3908	21 
3909	27 
3910	13 
3911	19 
3912	7 
3913	19 
3914	17 
3915	19 
3916	8 
3917	23 
3918	3 
3919	23 
3920	20 
3921	20 
3922	19 
3923	22 
3924	23 
3925	31 
3926	8 
3927	30 
3928	9 
3929	3 
3930	2 
3931	5 
3932	11 
3933	23 
3934	23 
3935	27 
3936	22 
3937	12 
3938	9 
3939	24 
3940	25 
3941	5 
3942	17 
3943	16 
3944	24 
3945	27 
3946	27 
3947	23 
3948	27 
3949	3 
3950	31 
3951	15 
3952	19 
3953	9 
3954	16 
3955	7 
3956	3 
3957	10 
3958	29 
3959	12 
3960	3 
3961	7 
3962	28 
3963	20 
3964	5 
3965	3 
3966	27 
3967	27 
3968	28 
3969	23 
3970	4 
3971	27 
3972	4 
3973	3 
3974	22 
3975	26 
3976	23 
3977	21 
3978	17 
3979	8 
3980	13 
3981	19 
3982	27 
3983	24 
3984	19 
3985	7 
3986	3 
3987	19 
3988	5 
3989	9 
3990	14 
3991	11 
3992	30 
3993	28 
3994	25 
3995	2 
3996	21 
3997	28 
3998	4 
3999	5 
4000	5 
4001	1 
4002	22 
4003	3 
4004	22 
4005	25 
4006	21 
4007	13 
4008	6 
4009	15 
4010	19 
4011	22 
4012	23 
4013	9 
4014	2 
4015	27 
4016	31 
4017	19 
4018	1 
4019	5 
4020	8 
4021	14 
4022	24 
4023	23 
4024	28 
4025	25 
4026	5 
4027	1 
4028	12 
4029	6 
4030	25 
4031	19 
4032	19 
4033	1 
4034	28 
4035	12 
4036	19 
4037	24 
4038	24 
4039	30 
4040	29 
4041	7 
4042	14 
4043	26 
4044	10 
4045	23 
4046	19 
4047	15 
4048	20 
4049	25 
4050	2 
4051	1 
4052	15 
4053	4 
4054	22 
4055	8 
4056	24 
4057	23 
4058	25 
4059	8 
4060	18 
4061	25 
4062	17 
4063	8 
4064	7 
4065	3 
4066	23 
4067	21 
4068	5 
4069	2 
4070	3 
4071	25 
4072	13 
4073	13 
4074	10 
4075	19 
4076	14 
4077	17 
4078	31 
4079	8 
4080	13 
4081	13 
4082	19 
4083	22 
4084	31 
4085	3 
4086	4 
4087	23 
4088	4 
4089	27 
4090	22 
4091	12 
4092	19 
4093	26 
4094	1 
4095	30 
4096	30 
4097	18 
4098	29 
4099	2 
4100	12 
4101	28 
4102	17 
4103	8 
4104	23 
4105	2 
4106	6 
4107	25 
4108	7 
4109	21 
4110	5 
4111	22 
4112	19 
4113	21 
4114	1 
4115	4 
4116	10 
4117	19 
4118	29 
4119	22 
4120	19 
4121	30 
4122	7 
4123	30 
4124	19 
4125	2 
4126	25 
4127	25 
4128	24 
4129	30 
4130	8 
4131	27 
4132	2 
4133	27 
4134	28 
4135	9 
4136	6 
4137	19 
4138	30 
4139	15 
4140	2 
4141	7 
4142	28 
4143	20 
4144	31 
4145	25 
4146	7 
4147	11 
4148	21 
4149	30 
4150	20 
4151	3 
4152	3 
4153	23 
4154	3 
4155	5 
4156	25 
4157	29 
4158	13 
4159	7 
4160	30 
4161	19 
4162	22 
4163	15 
4164	9 
4165	9 
4166	6 
4167	22 
4168	21 
4169	5 
4170	9 
4171	31 
4172	21 
4173	16 
4174	4 
4175	14 
4176	11 
4177	2 
4178	13 
4179	2 
4180	11 
4181	23 
4182	21 
4183	17 
4184	26 
4185	26 
4186	26 
4187	29 
4188	3 
4189	28 
4190	15 
4191	14 
4192	2 
4193	16 
4194	25 
4195	11 
4196	24 
4197	20 
4198	21 
4199	14 
4200	19 
4201	2 
4202	4 
4203	1 
4204	13 
4205	3 
4206	22 
4207	20 
4208	15 
4209	20 
4210	29 
4211	4 
4212	20 
4213	31 
4214	6 
4215	31 
4216	26 
4217	23 
4218	3 
4219	18 
4220	14 
4221	5 
4222	9 
4223	8 
4224	17 
4225	22 
4226	17 
4227	28 
4228	12 
4229	26 
4230	13 
4231	10 
4232	30 
4233	5 
4234	20 
4235	19 
4236	19 
4237	21 
4238	1 
4239	5 
4240	27 
4241	30 
4242	20 
4243	24 
4244	20 
4245	23 
4246	23 
4247	14 
4248	2 
4249	18 
4250	3 
4251	13 
4252	28 
4253	7 
4254	11 
4255	22 
4256	12 
4257	5 
4258	13 
4259	8 
4260	19 
4261	24 
4262	11 
4263	8 
4264	17 
4265	6 
4266	25 
4267	30 
4268	21 
4269	12 
4270	9 
4271	6 
4272	5 
4273	30 
4274	20 
4275	25 
4276	12 
4277	3 
4278	18 
4279	13 
4280	19 
4281	18 
4282	27 
4283	20 
4284	8 
4285	4 
4286	1 
4287	1 
4288	14 
4289	31 
4290	21 
4291	27 
4292	5 
4293	19 
4294	29 
4295	23 
4296	17 
4297	2 
4298	25 
4299	27 
4300	3 
4301	11 
4302	16 
4303	28 
4304	28 
4305	22 
4306	29 
4307	7 
4308	19 
4309	21 
4310	31 
4311	12 
4312	20 
4313	28 
4314	15 
4315	13 
4316	18 
4317	11 
4318	27 
4319	8 
4320	21 
4321	8 
4322	14 
4323	12 
4324	8 
4325	29 
4326	9 
4327	28 
4328	14 
4329	5 
4330	21 
4331	2 
4332	2 
4333	1 
4334	17 
4335	17 
4336	3 
4337	3 
4338	19 
4339	2 
4340	9 
4341	3 
4342	11 
4343	4 
4344	2 
4345	19 
4346	27 
4347	16 
4348	24 
4349	26 
4350	27 
4351	30 
4352	24 
4353	24 
4354	21 
4355	24 
4356	28 
4357	19 
4358	24 
4359	3 
4360	2 
4361	21 
4362	22 
4363	19 
4364	15 
4365	5 
4366	1 
4367	27 
4368	2 
4369	4 
4370	20 
4371	21 
4372	14 
4373	29 
4374	14 
4375	2 
4376	20 
4377	17 
4378	5 
4379	24 
4380	19 
4381	28 
4382	5 
4383	13 
4384	2 
4385	21 
4386	28 
4387	7 
4388	28 
4389	18 
4390	19 
4391	17 
4392	17 
4393	29 
4394	13 
4395	15 
4396	22 
4397	29 
4398	3 
4399	29 
4400	13 
4401	3 
4402	5 
4403	13 
4404	6 
4405	11 
4406	1 
4407	12 
4408	8 
4409	6 
4410	15 
4411	20 
4412	19 
4413	5 
4414	28 
4415	13 
4416	29 
4417	9 
4418	18 
4419	1 
4420	11 
4421	3 
4422	23 
4423	2 
4424	14 
4425	29 
4426	21 
4427	2 
4428	31 
4429	23 
4430	21 
4431	8 
4432	27 
4433	24 
4434	30 
4435	28 
4436	12 
4437	7 
4438	27 
4439	6 
4440	20 
4441	30 
4442	21 
4443	26 
4444	18 
4445	4 
4446	19 
4447	29 
4448	23 
4449	20 
4450	15 
4451	30 
4452	26 
4453	29 
4454	20 
4455	3 
4456	23 
4457	25 
4458	5 
4459	10 
4460	21 
4461	6 
4462	25 
4463	4 
4464	20 
4465	23 
4466	17 
4467	21 
4468	4 
4469	20 
4470	2 
4471	3 
4472	27 
4473	20 
4474	24 
4475	31 
4476	18 
4477	2 
4478	23 
4479	10 
4480	17 
4481	25 
4482	29 
4483	25 
4484	25 
4485	4 
4486	14 
4487	17 
4488	1 
4489	10 
4490	3 
4491	9 
4492	27 
4493	21 
4494	3 
4495	28 
4496	15 
4497	12 
4498	13 
4499	20 
4500	10 
4501	30 
4502	9 
4503	31 
4504	15 
4505	2 
4506	14 
4507	21 
4508	30 
4509	22 
4510	19 
4511	3 
4512	21 
4513	19 
4514	4 
4515	26 
4516	7 
4517	18 
4518	6 
4519	25 
4520	10 
4521	30 
4522	15 
4523	13 
4524	6 
4525	19 
4526	18 
4527	14 
4528	5 
4529	21 
4530	26 
4531	30 
4532	6 
4533	3 
4534	17 
4535	23 
4536	18 
4537	2 
4538	19 
4539	4 
4540	20 
4541	29 
4542	9 
4543	2 
4544	12 
4545	26 
4546	13 
4547	6 
4548	20 
4549	18 
4550	29 
4551	19 
4552	4 
4553	12 
4554	24 
4555	19 
4556	8 
4557	4 
4558	21 
4559	26 
4560	12 
4561	6 
4562	20 
4563	9 
4564	9 
4565	21 
4566	28 
4567	20 
4568	10 
4569	10 
4570	12 
4571	20 
4572	17 
4573	29 
4574	17 
4575	30 
4576	5 
4577	1 
4578	28 
4579	14 
4580	12 
4581	28 
4582	24 
4583	13 
4584	19 
4585	23 
4586	7 
4587	26 
4588	17 
4589	25 
4590	31 
4591	8 
4592	3 
4593	25 
4594	23 
4595	30 
4596	30 
4597	15 
4598	20 
4599	8 
4600	13 
4601	9 
4602	1 
4603	26 
4604	30 
4605	16 
4606	21 
4607	8 
4608	31 
4609	9 
4610	3 
4611	23 
4612	13 
4613	25 
4614	27 
4615	22 
4616	31 
4617	19 
4618	21 
4619	21 
4620	25 
4621	2 
4622	7 
4623	14 
4624	3 
4625	14 
4626	31 
4627	21 
4628	28 
4629	23 
4630	23 
4631	24 
4632	11 
4633	22 
4634	26 
4635	20 
4636	11 
4637	26 
4638	24 
4639	12 
4640	22 
4641	2 
4642	9 
4643	31 
4644	11 
4645	29 
4646	8 
4647	2 
4648	31 
4649	7 
4650	10 
4651	27 
4652	31 
4653	19 
4654	3 
4655	29 
4656	4 
4657	29 
4658	22 
4659	3 
4660	3 
4661	11 
4662	19 
4663	29 
4664	26 
4665	13 
4666	13 
4667	27 
4668	23 
4669	30 
4670	3 
4671	22 
4672	16 
4673	11 
4674	6 
4675	7 
4676	22 
4677	3 
4678	11 
4679	2 
4680	3 
4681	20 
4682	15 
4683	30 
4684	12 
4685	9 
4686	25 
4687	26 
4688	3 
4689	9 
4690	13 
4691	7 
4692	3 
4693	28 
4694	23 
4695	13 
4696	3 
4697	14 
4698	28 
4699	27 
4700	21 
4701	3 
4702	19 
4703	25 
4704	19 
4705	14 
4706	19 
4707	27 
4708	16 
4709	1 
4710	19 
4711	19 
4712	9 
4713	4 
4714	31 
4715	28 
4716	30 
4717	7 
4718	7 
4719	10 
4720	17 
4721	3 
4722	24 
4723	2 
4724	7 
4725	31 
4726	12 
4727	9 
4728	23 
4729	28 
4730	25 
4731	18 
4732	28 
4733	10 
4734	27 
4735	25 
4736	19 
4737	8 
4738	9 
4739	2 
4740	8 
4741	11 
4742	27 
4743	6 
4744	2 
4745	11 
4746	7 
4747	24 
4748	27 
4749	23 
4750	19 
4751	4 
4752	13 
4753	26 
4754	17 
4755	26 
4756	1 
4757	29 
4758	20 
4759	12 
4760	7 
4761	9 
4762	24 
4763	21 
4764	3 
4765	11 
4766	5 
4767	20 
4768	7 
4769	2 
4770	21 
4771	13 
4772	13 
4773	4 
4774	18 
4775	17 
4776	7 
4777	20 
4778	20 
4779	20 
4780	16 
4781	14 
4782	25 
4783	3 
4784	20 
4785	12 
4786	19 
4787	18 
4788	27 
4789	27 
4790	20 
4791	24 
4792	24 
4793	16 
4794	13 
4795	18 
4796	7 
4797	9 
4798	10 
4799	14 
4800	1 
4801	30 
4802	2 
4803	13 
4804	11 
4805	31 
4806	31 
4807	17 
4808	21 
4809	15 
4810	19 
4811	27 
4812	14 
4813	29 
4814	4 
4815	14 
4816	20 
4817	9 
4818	2 
4819	27 
4820	12 
4821	12 
4822	7 
4823	6 
4824	17 
4825	2 
4826	28 
4827	20 
4828	31 
4829	7 
4830	3 
4831	2 
4832	5 
4833	3 
4834	30 
4835	11 
4836	8 
4837	20 
4838	15 
4839	20 
4840	27 
4841	3 
4842	9 
4843	5 
4844	26 
4845	17 
4846	21 
4847	7 
4848	12 
4849	3 
4850	17 
4851	24 
4852	3 
4853	12 
4854	24 
4855	14 
4856	30 
4857	7 
4858	13 
4859	29 
4860	28 
4861	24 
4862	5 
4863	14 
4864	31 
4865	20 
4866	5 
4867	16 
4868	24 
4869	21 
4870	30 
4871	29 
4872	13 
4873	27 
4874	14 
4875	9 
4876	12 
4877	27 
4878	31 
4879	19 
4880	6 
4881	22 
4882	26 
4883	31 
4884	17 
4885	29 
4886	16 
4887	30 
4888	20 
4889	3 
4890	19 
4891	2 
4892	28 
4893	17 
4894	14 
4895	23 
4896	26 
4897	1 
4898	29 
4899	9 
4900	10 
4901	24 
4902	19 
4903	2 
4904	19 
4905	10 
4906	29 
4907	25 
4908	11 
4909	17 
4910	12 
4911	13 
4912	27 
4913	3 
4914	13 
4915	7 
4916	3 
4917	23 
4918	6 
4919	3 
4920	7 
4921	22 
4922	25 
4923	13 
4924	3 
4925	22 
4926	24 
4927	13 
4928	7 
4929	20 
4930	22 
4931	26 
4932	17 
4933	16 
4934	20 
4935	23 
4936	23 
4937	3 
4938	25 
4939	9 
4940	11 
4941	16 
4942	20 
4943	17 
4944	1 
4945	30 
4946	9 
4947	30 
4948	16 
4949	31 
4950	30 
4951	5 
4952	24 
4953	5 
4954	30 
4955	15 
4956	24 
4957	17 
4958	30 
4959	17 
4960	22 
4961	18 
4962	17 
4963	26 
4964	18 
4965	7 
4966	10 
4967	17 
4968	26 
4969	24 
4970	2 
4971	20 
4972	28 
4973	19 
4974	21 
4975	21 
4976	27 
4977	30 
4978	21 
4979	9 
4980	15 
4981	20 
4982	20 
4983	17 
4984	22 
4985	8 
4986	27 
4987	14 
4988	27 
4989	13 
4990	4 
4991	14 
4992	14 
4993	14 
4994	7 
4995	25 
4996	26 
4997	24 
4998	28 
4999	14 
5000	21 
5001	19 
5002	24 
5003	9 
5004	15 
5005	15 
5006	25 
5007	20 
5008	31 
5009	23 
5010	14 
5011	22 
5012	28 
5013	21 
5014	25 
5015	4 
5016	1 
5017	12 
5018	29 
5019	13 
5020	1 
5021	21 
5022	16 
5023	8 
5024	21 
5025	6 
5026	23 
5027	18 
5028	13 
5029	16 
5030	29 
5031	15 
5032	11 
5033	25 
5034	19 
5035	20 
5036	29 
5037	3 
5038	21 
5039	12 
5040	8 
5041	7 
5042	9 
5043	13 
5044	19 
5045	30 
5046	30 
5047	20 
5048	8 
5049	22 
5050	25 
5051	15 
5052	11 
5053	21 
5054	19 
5055	20 
5056	8 
5057	11 
5058	13 
5059	13 
5060	11 
5061	6 
5062	19 
5063	12 
5064	17 
5065	14 
5066	24 
5067	20 
5068	2 
5069	12 
5070	9 
5071	4 
5072	2 
5073	3 
5074	3 
5075	19 
5076	21 
5077	30 
5078	30 
5079	26 
5080	10 
5081	31 
5082	19 
5083	25 
5084	25 
5085	2 
5086	12 
5087	12 
5088	30 
5089	18 
5090	20 
5091	22 
5092	18 
5093	19 
5094	27 
5095	6 
5096	25 
5097	18 
5098	12 
5099	26 
5100	17 
5101	23 
5102	4 
5103	23 
5104	18 
5105	1 
5106	30 
5107	24 
5108	13 
5109	15 
5110	28 
5111	20 
5112	14 
5113	19 
5114	23 
5115	23 
5116	2 
5117	21 
5118	22 
5119	27 
5120	5 
5121	2 
5122	3 
5123	22 
5124	23 
5125	28 
5126	13 
5127	28 
5128	23 
5129	31 
5130	23 
5131	31 
5132	23 
5133	13 
5134	14 
5135	12 
5136	31 
5137	24 
5138	31 
5139	26 
5140	3 
5141	13 
5142	4 
5143	10 
5144	30 
5145	17 
5146	21 
5147	3 
5148	8 
5149	2 
5150	15 
5151	23 
5152	19 
5153	1 
5154	7 
5155	23 
5156	9 
5157	22 
5158	28 
5159	10 
5160	16 
5161	9 
5162	3 
5163	11 
5164	4 
5165	5 
5166	30 
5167	11 
5168	1 
5169	15 
5170	21 
5171	17 
5172	11 
5173	14 
5174	19 
5175	28 
5176	13 
5177	21 
5178	6 
5179	9 
5180	25 
5181	17 
5182	21 
5183	10 
5184	10 
5185	22 
5186	25 
5187	19 
5188	27 
5189	14 
5190	24 
5191	20 
5192	3 
5193	19 
5194	10 
5195	30 
5196	21 
5197	27 
5198	11 
5199	31 
5200	17 
5201	27 
5202	3 
5203	20 
5204	31 
5205	11 
5206	12 
5207	16 
5208	19 
5209	27 
5210	21 
5211	17 
5212	18 
5213	9 
5214	13 
5215	10 
5216	21 
5217	13 
5218	22 
5219	18 
5220	19 
5221	17 
5222	23 
5223	26 
5224	26 
5225	20 
5226	19 
5227	26 
5228	13 
5229	8 
5230	19 
5231	23 
5232	6 
5233	6 
5234	9 
5235	2 
5236	23 
5237	31 
5238	24 
5239	19 
5240	5 
5241	22 
5242	21 
5243	10 
5244	11 
5245	5 
5246	9 
5247	31 
5248	26 
5249	3 
5250	4 
5251	17 
5252	23 
5253	30 
5254	2 
5255	28 
5256	19 
5257	29 
5258	30 
5259	8 
5260	6 
5261	20 
5262	5 
5263	7 
5264	6 
5265	16 
5266	21 
5267	27 
5268	3 
5269	26 
5270	30 
5271	9 
5272	30 
5273	21 
5274	8 
5275	5 
5276	1 
5277	17 
5278	5 
5279	3 
5280	27 
5281	6 
5282	8 
5283	11 
5284	27 
5285	3 
5286	11 
5287	2 
5288	24 
5289	23 
5290	24 
5291	6 
5292	5 
5293	30 
5294	1 
5295	8 
5296	11 
5297	25 
5298	27 
5299	27 
5300	21 
5301	7 
5302	22 
5303	13 
5304	22 
5305	13 
5306	28 
5307	7 
5308	24 
5309	9 
5310	9 
5311	3 
5312	7 
5313	7 
5314	7 
5315	23 
5316	30 
5317	31 
5318	20 
5319	22 
5320	13 
5321	23 
5322	18 
5323	30 
5324	5 
5325	20 
5326	30 
5327	4 
5328	25 
5329	31 
5330	23 
5331	9 
5332	25 
5333	24 
5334	25 
5335	27 
5336	26 
5337	30 
5338	17 
5339	30 
5340	31 
5341	20 
5342	25 
5343	4 
5344	9 
5345	17 
5346	5 
5347	24 
5348	14 
5349	20 
5350	13 
5351	22 
5352	19 
5353	18 
5354	24 
5355	19 
5356	13 
5357	15 
5358	25 
5359	7 
5360	28 
5361	26 
5362	29 
5363	15 
5364	2 
5365	24 
5366	23 
5367	2 
5368	26 
5369	24 
5370	2 
5371	20 
5372	31 
5373	29 
5374	23 
5375	5 
5376	25 
5377	16 
5378	27 
5379	8 
5380	31 
5381	3 
5382	28 
5383	1 
5384	25 
5385	3 
5386	21 
5387	2 
5388	9 
5389	27 
5390	20 
5391	28 
5392	23 
5393	12 
5394	17 
5395	9 
5396	7 
5397	19 
5398	12 
5399	4 
5400	18 
5401	25 
5402	9 
5403	20 
5404	19 
5405	24 
5406	27 
5407	25 
5408	30 
5409	20 
5410	28 
5411	3 
5412	22 
5413	20 
5414	26 
5415	31 
5416	21 
5417	10 
5418	9 
5419	20 
5420	10 
5421	8 
5422	13 
5423	23 
5424	24 
5425	21 
5426	31 
5427	20 
5428	8 
5429	1 
5430	30 
5431	28 
5432	19 
5433	24 
5434	30 
5435	8 
5436	2 
5437	31 
5438	30 
5439	20 
5440	11 
5441	16 
5442	13 
5443	2 
5444	11 
5445	5 
5446	21 
5447	11 
5448	20 
5449	22 
5450	14 
5451	15 
5452	5 
5453	29 
5454	31 
5455	28 
5456	2 
5457	3 
5458	26 
5459	25 
5460	20 
5461	17 
5462	26 
5463	30 
5464	18 
5465	28 
5466	26 
5467	19 
5468	24 
5469	14 
5470	6 
5471	2 
5472	27 
5473	23 
5474	5 
5475	14 
5476	27 
5477	3 
5478	25 
5479	8 
5480	18 
5481	6 
5482	25 
5483	20 
5484	29 
5485	23 
5486	23 
5487	21 
5488	4 
5489	22 
5490	18 
5491	14 
5492	20 
5493	22 
5494	3 
5495	1 
5496	7 
5497	14 
5498	17 
5499	19 
5500	14 
5501	4 
5502	26 
5503	3 
5504	14 
5505	12 
5506	4 
5507	14 
5508	7 
5509	3 
5510	20 
5511	10 
5512	19 
5513	7 
5514	5 
5515	30 
5516	19 
5517	20 
5518	10 
5519	28 
5520	5 
5521	24 
5522	6 
5523	1 
5524	6 
5525	19 
5526	16 
5527	30 
5528	6 
5529	17 
5530	5 
5531	20 
5532	1 
5533	14 
5534	31 
5535	29 
5536	24 
5537	3 
5538	20 
5539	13 
5540	21 
5541	12 
5542	31 
5543	19 
5544	25 
5545	15 
5546	15 
5547	17 
5548	26 
5549	9 
5550	9 
5551	19 
5552	28 
5553	4 
5554	28 
5555	21 
5556	8 
5557	13 
5558	30 
5559	19 
5560	27 
5561	28 
5562	10 
5563	23 
5564	22 
5565	20 
5566	21 
5567	31 
5568	11 
5569	9 
5570	30 
5571	20 
5572	24 
5573	1 
5574	26 
5575	27 
5576	19 
5577	26 
5578	1 
5579	21 
5580	14 
5581	1 
5582	27 
5583	3 
5584	24 
5585	21 
5586	2 
5587	9 
5588	3 
5589	17 
5590	14 
5591	28 
5592	19 
5593	16 
5594	31 
5595	10 
5596	31 
5597	6 
5598	3 
5599	22 
5600	25 
5601	23 
5602	16 
5603	11 
5604	14 
5605	14 
5606	31 
5607	29 
5608	4 
5609	27 
5610	11 
5611	9 
5612	25 
5613	26 
5614	28 
5615	20 
5616	23 
5617	27 
5618	20 
5619	24 
5620	1 
5621	4 
5622	7 
5623	7 
5624	3 
5625	1 
5626	23 
5627	21 
5628	22 
5629	11 
5630	20 
5631	19 
5632	19 
5633	4 
5634	28 
5635	1 
5636	28 
5637	13 
5638	10 
5639	30 
5640	26 
5641	4 
5642	21 
5643	25 
5644	19 
5645	6 
5646	7 
5647	28 
5648	23 
5649	13 
5650	1 
5651	31 
5652	11 
5653	6 
5654	23 
5655	17 
5656	4 
5657	27 
5658	20 
5659	25 
5660	5 
5661	29 
5662	9 
5663	15 
5664	17 
5665	3 
5666	6 
5667	27 
5668	2 
5669	10 
5670	3 
5671	25 
5672	20 
5673	31 
5674	3 
5675	3 
5676	27 
5677	26 
5678	9 
5679	24 
5680	12 
5681	21 
5682	27 
5683	11 
5684	28 
5685	28 
5686	11 
5687	19 
5688	19 
5689	19 
5690	27 
5691	28 
5692	21 
5693	17 
5694	30 
5695	22 
5696	3 
5697	24 
5698	20 
5699	20 
5700	5 
5701	19 
5702	21 
5703	4 
5704	24 
5705	7 
5706	2 
5707	30 
5708	30 
5709	2 
5710	22 
5711	31 
5712	10 
5713	3 
5714	23 
5715	28 
5716	3 
5717	26 
5718	22 
5719	6 
5720	26 
5721	9 
5722	25 
5723	18 
5724	2 
5725	4 
5726	3 
5727	19 
5728	23 
5729	3 
5730	3 
5731	9 
5732	18 
5733	20 
5734	26 
5735	9 
5736	29 
5737	11 
5738	30 
5739	13 
5740	27 
5741	14 
5742	29 
5743	26 
5744	14 
5745	19 
5746	14 
5747	3 
5748	10 
5749	28 
5750	18 
5751	30 
5752	28 
5753	30 
5754	21 
5755	19 
5756	9 
5757	24 
5758	20 
5759	15 
5760	22 
5761	2 
5762	19 
5763	4 
5764	25 
5765	23 
5766	27 
5767	7 
5768	1 
5769	16 
5770	9 
5771	1 
5772	10 
5773	23 
5774	21 
5775	12 
5776	24 
5777	21 
5778	31 
5779	4 
5780	9 
5781	2 
5782	27 
5783	6 
5784	20 
5785	14 
5786	26 
5787	17 
5788	11 
5789	18 
5790	19 
5791	10 
5792	23 
5793	6 
5794	12 
5795	28 
5796	20 
5797	21 
5798	16 
5799	30 
5800	17 
5801	20 
5802	2 
5803	20 
5804	25 
5805	28 
5806	21 
5807	12 
5808	27 
5809	5 
5810	10 
5811	25 
5812	18 
5813	27 
5814	1 
5815	10 
5816	24 
5817	11 
5818	6 
5819	2 
5820	26 
5821	30 
5822	21 
5823	17 
5824	19 
5825	31 
5826	3 
5827	7 
5828	29 
5829	27 
5830	2 
5831	31 
5832	21 
5833	20 
5834	12 
5835	24 
5836	31 
5837	6 
5838	22 
5839	13 
5840	18 
5841	21 
5842	14 
5843	20 
5844	7 
5845	26 
5846	23 
5847	15 
5848	9 
5849	23 
5850	29 
5851	19 
5852	12 
5853	25 
5854	18 
5855	7 
5856	20 
5857	21 
5858	22 
5859	7 
5860	25 
5861	20 
5862	24 
5863	15 
5864	12 
5865	21 
5866	14 
5867	2 
5868	20 
5869	29 
5870	27 
5871	9 
5872	1 
5873	28 
5874	23 
5875	8 
5876	15 
5877	1 
5878	27 
5879	7 
5880	24 
5881	14 
5882	2 
5883	25 
5884	12 
5885	9 
5886	6 
5887	12 
5888	29 
5889	13 
5890	23 
5891	21 
5892	3 
5893	31 
5894	5 
5895	9 
5896	2 
5897	6 
5898	17 
5899	24 
5900	5 
5901	25 
5902	24 
5903	11 
5904	13 
5905	1 
5906	5 
5907	23 
5908	1 
5909	24 
5910	3 
5911	9 
5912	12 
5913	11 
5914	29 
5915	13 
5916	29 
5917	31 
5918	23 
5919	11 
5920	6 
5921	14 
5922	30 
5923	9 
5924	25 
5925	23 
5926	5 
5927	2 
5928	22 
5929	20 
5930	15 
5931	31 
5932	16 
5933	25 
5934	17 
5935	21 
5936	29 
5937	17 
5938	2 
5939	2 
5940	21 
5941	27 
5942	7 
5943	28 
5944	13 
5945	31 
5946	19 
5947	14 
5948	30 
5949	8 
5950	29 
5951	30 
5952	24 
5953	17 
5954	5 
5955	8 
5956	22 
5957	21 
5958	9 
5959	26 
5960	28 
5961	23 
5962	15 
5963	14 
5964	9 
5965	27 
5966	4 
5967	21 
5968	30 
5969	17 
5970	17 
5971	12 
5972	13 
5973	5 
5974	6 
5975	13 
5976	29 
5977	25 
5978	17 
5979	29 
5980	31 
5981	27 
5982	9 
5983	27 
5984	9 
5985	10 
5986	8 
5987	4 
5988	4 
5989	2 
5990	23 
5991	10 
5992	31 
5993	15 
5994	25 
5995	24 
5996	31 
5997	30 
5998	1 
5999	21 
6000	11 
6001	16 
6002	24 
6003	9 
6004	14 
6005	9 
6006	17 
6007	14 
6008	24 
6009	5 
6010	30 
6011	3 
6012	19 
6013	13 
6014	19 
6015	21 
6016	20 
6017	12 
6018	26 
6019	9 
6020	28 
6021	28 
6022	16 
6023	2 
6024	20 
6025	12 
6026	28 
6027	8 
6028	29 
6029	15 
6030	19 
6031	20 
6032	29 
6033	11 
6034	28 
6035	30 
6036	7 
6037	13 
6038	9 
6039	26 
6040	3 
6041	26 
6042	31 
6043	31 
6044	11 
6045	17 
6046	29 
6047	23 
6048	10 
6049	22 
6050	17 
6051	30 
6052	3 
6053	7 
6054	8 
6055	24 
6056	20 
6057	19 
6058	28 
6059	5 
6060	14 
6061	11 
6062	29 
6063	25 
6064	2 
6065	5 
6066	6 
6067	8 
6068	14 
6069	12 
6070	17 
6071	9 
6072	30 
6073	10 
6074	7 
6075	23 
6076	28 
6077	19 
6078	19 
6079	9 
6080	18 
6081	17 
6082	15 
6083	20 
6084	23 
6085	25 
6086	3 
6087	30 
6088	10 
6089	27 
6090	25 
6091	27 
6092	13 
6093	16 
6094	25 
6095	4 
6096	7 
6097	17 
6098	24 
6099	8 
6100	21 
6101	20 
6102	28 
6103	22 
6104	4 
6105	27 
6106	10 
6107	12 
6108	17 
6109	23 
6110	19 
6111	21 
6112	24 
6113	4 
6114	31 
6115	8 
6116	31 
6117	31 
6118	31 
6119	19 
6120	31 
6121	9 
6122	3 
6123	13 
6124	31 
6125	29 
6126	30 
6127	3 
6128	21 
6129	15 
6130	29 
6131	22 
6132	6 
6133	5 
6134	27 
6135	19 
6136	20 
6137	19 
6138	11 
6139	27 
6140	13 
6141	11 
6142	8 
6143	5 
6144	11 
6145	25 
6146	11 
6147	1 
6148	5 
6149	26 
6150	16 
6151	17 
6152	19 
6153	15 
6154	3 
6155	1 
6156	19 
6157	4 
6158	11 
6159	31 
6160	17 
6161	5 
6162	18 
6163	30 
6164	28 
6165	22 
6166	14 
6167	11 
6168	30 
6169	13 
6170	14 
6171	23 
6172	6 
6173	9 
6174	29 
6175	12 
6176	27 
6177	8 
6178	31 
6179	28 
6180	27 
6181	14 
6182	20 
6183	2 
6184	2 
6185	24 
6186	27 
6187	23 
6188	19 
6189	2 
6190	13 
6191	21 
6192	27 
6193	29 
6194	23 
6195	2 
6196	18 
6197	5 
6198	21 
6199	29 
6200	20 
6201	15 
6202	25 
6203	23 
6204	26 
6205	13 
6206	5 
6207	30 
6208	30 
6209	30 
6210	13 
6211	29 
6212	13 
6213	7 
6214	27 
6215	26 
6216	2 
6217	21 
6218	21 
6219	9 
6220	11 
6221	27 
6222	12 
6223	20 
6224	3 
6225	20 
6226	28 
6227	8 
6228	19 
6229	21 
6230	21 
6231	22 
6232	24 
6233	2 
6234	21 
6235	14 
6236	27 
6237	16 
6238	27 
6239	17 
6240	10 
6241	30 
6242	20 
6243	22 
6244	5 
6245	9 
6246	22 
6247	22 
6248	3 
6249	26 
6250	21 
6251	6 
6252	17 
6253	15 
6254	3 
6255	9 
6256	9 
6257	5 
6258	12 
6259	13 
6260	26 
6261	16 
6262	19 
6263	27 
6264	9 
6265	4 
6266	27 
6267	15 
6268	24 
6269	3 
6270	13 
6271	9 
6272	9 
6273	21 
6274	31 
6275	27 
6276	30 
6277	21 
6278	3 
6279	23 
6280	13 
6281	2 
6282	30 
6283	7 
6284	15 
6285	17 
6286	6 
6287	23 
6288	17 
6289	27 
6290	16 
6291	6 
6292	10 
6293	29 
6294	3 
6295	28 
6296	16 
6297	27 
6298	2 
6299	23 
6300	22 
6301	30 
6302	10 
6303	5 
6304	1 
6305	2 
6306	24 
6307	12 
6308	18 
6309	3 
6310	7 
6311	3 
6312	23 
6313	7 
6314	23 
6315	13 
6316	3 
6317	14 
6318	14 
6319	2 
6320	27 
6321	11 
6322	28 
6323	3 
6324	24 
6325	7 
6326	19 
6327	30 
6328	4 
6329	31 
6330	28 
6331	19 
6332	6 
6333	27 
6334	14 
6335	21 
6336	11 
6337	8 
6338	19 
6339	12 
6340	12 
6341	17 
6342	2 
6343	21 
6344	1 
6345	4 
6346	2 
6347	3 
6348	18 
6349	30 
6350	3 
6351	13 
6352	30 
6353	26 
6354	3 
6355	28 
6356	5 
6357	29 
6358	9 
6359	10 
6360	29 
6361	3 
6362	22 
6363	17 
6364	2 
6365	10 
6366	23 
6367	28 
6368	31 
6369	5 
6370	20 
6371	11 
6372	31 
6373	1 
6374	23 
6375	9 
6376	9 
6377	16 
6378	2 
6379	4 
6380	3 
6381	29 
6382	20 
6383	17 
6384	5 
6385	23 
6386	20 
6387	17 
6388	17 
6389	6 
6390	22 
6391	2 
6392	31 
6393	3 
6394	23 
6395	22 
6396	20 
6397	6 
6398	13 
6399	21 
6400	11 
6401	30 
6402	19 
6403	7 
6404	1 
6405	13 
6406	12 
6407	28 
6408	2 
6409	25 
6410	18 
6411	9 
6412	5 
6413	30 
6414	27 
6415	20 
6416	31 
6417	6 
6418	1 
6419	31 
6420	5 
6421	17 
6422	9 
6423	13 
6424	3 
6425	17 
6426	23 
6427	7 
6428	29 
6429	21 
6430	20 
6431	26 
6432	4 
6433	31 
6434	2 
6435	3 
6436	3 
6437	13 
6438	15 
6439	31 
6440	14 
6441	2 
6442	11 
6443	8 
6444	2 
6445	30 
6446	14 
6447	27 
6448	13 
6449	28 
6450	20 
6451	2 
6452	6 
6453	26 
6454	24 
6455	28 
6456	12 
6457	2 
6458	21 
6459	21 
6460	10 
6461	2 
6462	30 
6463	27 
6464	19 
6465	13 
6466	9 
6467	15 
6468	19 
6469	6 
6470	20 
6471	26 
6472	31 
6473	10 
6474	13 
6475	25 
6476	3 
6477	29 
6478	27 
6479	23 
6480	15 
6481	20 
6482	22 
6483	5 
6484	7 
6485	22 
6486	29 
6487	19 
6488	21 
6489	14 
6490	7 
6491	24 
6492	3 
6493	3 
6494	26 
6495	5 
6496	12 
6497	16 
6498	5 
6499	19 
6500	16 
6501	20 
6502	17 
6503	14 
6504	15 
6505	26 
6506	6 
6507	6 
6508	27 
6509	7 
6510	3 
6511	3 
6512	28 
6513	28 
6514	14 
6515	24 
6516	7 
6517	25 
6518	18 
6519	26 
6520	27 
6521	16 
6522	22 
6523	13 
6524	27 
6525	3 
6526	26 
6527	13 
6528	27 
6529	25 
6530	19 
6531	16 
6532	11 
6533	23 
6534	9 
6535	2 
6536	19 
6537	5 
6538	6 
6539	14 
6540	9 
6541	19 
6542	4 
6543	11 
6544	5 
6545	24 
6546	22 
6547	15 
6548	28 
6549	30 
6550	30 
6551	4 
6552	19 
6553	24 
6554	27 
6555	11 
6556	31 
6557	13 
6558	27 
6559	31 
6560	16 
6561	23 
6562	17 
6563	27 
6564	25 
6565	12 
6566	23 
6567	31 
6568	19 
6569	14 
6570	20 
6571	2 
6572	17 
6573	13 
6574	30 
6575	8 
6576	30 
6577	8 
6578	8 
6579	14 
6580	23 
6581	19 
6582	17 
6583	21 
6584	5 
6585	21 
6586	20 
6587	4 
6588	21 
6589	14 
6590	18 
6591	20 
6592	4 
6593	16 
6594	31 
6595	10 
6596	16 
6597	23 
6598	11 
6599	28 
6600	31 
6601	15 
6602	25 
6603	10 
6604	17 
6605	11 
6606	15 
6607	23 
6608	9 
6609	20 
6610	31 
6611	28 
6612	30 
6613	7 
6614	17 
6615	3 
6616	31 
6617	30 
6618	20 
6619	27 
6620	29 
6621	8 
6622	27 
6623	9 
6624	26 
6625	22 
6626	18 
6627	20 
6628	31 
6629	20 
6630	10 
6631	2 
6632	4 
6633	16 
6634	17 
6635	3 
6636	14 
6637	24 
6638	15 
6639	22 
6640	11 
6641	14 
6642	12 
6643	17 
6644	3 
6645	24 
6646	21 
6647	19 
6648	30 
6649	7 
6650	1 
6651	23 
6652	31 
6653	26 
6654	30 
6655	28 
6656	1 
6657	13 
6658	21 
6659	11 
6660	21 
6661	4 
6662	13 
6663	23 
6664	25 
6665	30 
6666	25 
6667	14 
6668	2 
6669	5 
6670	11 
6671	16 
6672	21 
6673	2 
6674	20 
6675	2 
6676	1 
6677	30 
6678	9 
6679	18 
6680	11 
6681	5 
6682	19 
6683	2 
6684	7 
6685	9 
6686	2 
6687	12 
6688	13 
6689	19 
6690	27 
6691	27 
6692	4 
6693	23 
6694	17 
6695	2 
6696	4 
6697	18 
6698	20 
6699	6 
6700	7 
6701	6 
6702	2 
6703	20 
6704	18 
6705	21 
6706	11 
6707	9 
6708	21 
6709	22 
6710	27 
6711	19 
6712	17 
6713	27 
6714	12 
6715	12 
6716	5 
6717	21 
6718	11 
6719	14 
6720	31 
6721	17 
6722	1 
6723	26 
6724	31 
6725	9 
6726	25 
6727	31 
6728	2 
6729	22 
6730	9 
6731	29 
6732	11 
6733	30 
6734	30 
6735	8 
6736	29 
6737	29 
6738	20 
6739	4 
6740	23 
6741	23 
6742	27 
6743	13 
6744	7 
6745	20 
6746	16 
6747	16 
6748	31 
6749	29 
6750	5 
6751	19 
6752	26 
6753	31 
6754	10 
6755	23 
6756	2 
6757	9 
6758	21 
6759	22 
6760	27 
6761	13 
6762	6 
6763	8 
6764	10 
6765	1 
6766	7 
6767	6 
6768	28 
6769	26 
6770	2 
6771	20 
6772	1 
6773	3 
6774	22 
6775	27 
6776	20 
6777	2 
6778	4 
6779	2 
6780	8 
6781	29 
6782	21 
6783	31 
6784	19 
6785	17 
6786	20 
6787	15 
6788	20 
6789	30 
6790	23 
6791	20 
6792	12 
6793	13 
6794	29 
6795	4 
6796	18 
6797	14 
6798	12 
6799	10 
6800	20 
6801	12 
6802	28 
6803	12 
6804	20 
6805	2 
6806	5 
6807	20 
6808	23 
6809	10 
6810	23 
6811	23 
6812	13 
6813	26 
6814	6 
6815	1 
6816	10 
6817	31 
6818	11 
6819	28 
6820	28 
6821	19 
6822	30 
6823	19 
6824	25 
6825	27 
6826	27 
6827	2 
6828	24 
6829	28 
6830	23 
6831	19 
6832	19 
6833	1 
6834	27 
6835	20 
6836	27 
6837	4 
6838	2 
6839	31 
6840	20 
6841	2 
6842	28 
6843	16 
6844	18 
6845	6 
6846	23 
6847	28 
6848	18 
6849	5 
6850	16 
6851	27 
6852	13 
6853	4 
6854	24 
6855	30 
6856	22 
6857	6 
6858	7 
6859	21 
6860	13 
6861	31 
6862	19 
6863	11 
6864	25 
6865	16 
6866	30 
6867	20 
6868	30 
6869	30 
6870	14 
6871	8 
6872	13 
6873	14 
6874	1 
6875	23 
6876	3 
6877	2 
6878	25 
6879	21 
6880	24 
6881	23 
6882	26 
6883	10 
6884	5 
6885	12 
6886	23 
6887	19 
6888	19 
6889	12 
6890	30 
6891	16 
6892	15 
6893	16 
6894	22 
6895	2 
6896	21 
6897	17 
6898	13 
6899	26 
6900	10 
6901	11 
6902	15 
6903	20 
6904	2 
6905	21 
6906	17 
6907	21 
6908	23 
6909	28 
6910	26 
6911	14 
6912	31 
6913	19 
6914	31 
6915	10 
6916	28 
6917	14 
6918	21 
6919	30 
6920	17 
6921	6 
6922	7 
6923	8 
6924	12 
6925	28 
6926	7 
6927	31 
6928	27 
6929	7 
6930	14 
6931	15 
6932	21 
6933	16 
6934	28 
6935	7 
6936	10 
6937	13 
6938	13 
6939	20 
6940	26 
6941	30 
6942	19 
6943	19 
6944	9 
6945	25 
6946	27 
6947	11 
6948	2 
6949	30 
6950	12 
6951	1 
6952	24 
6953	24 
6954	24 
6955	12 
6956	25 
6957	30 
6958	12 
6959	12 
6960	30 
6961	5 
6962	12 
6963	28 
6964	31 
6965	28 
6966	27 
6967	13 
6968	21 
6969	6 
6970	11 
6971	9 
6972	27 
6973	14 
6974	3 
6975	19 
6976	29 
6977	6 
6978	7 
6979	17 
6980	17 
6981	3 
6982	3 
6983	7 
6984	27 
6985	5 
6986	27 
6987	29 
6988	21 
6989	25 
6990	19 
6991	20 
6992	27 
6993	27 
6994	17 
6995	8 
6996	27 
6997	22 
6998	30 
6999	20 
7000	11 
7001	25 
7002	31 
7003	19 
7004	25 
7005	10 
7006	21 
7007	8 
7008	17 
7009	17 
7010	12 
7011	13 
7012	18 
7013	27 
7014	12 
7015	6 
7016	24 
7017	25 
7018	2 
7019	14 
7020	2 
7021	23 
7022	21 
7023	8 
7024	10 
7025	2 
7026	11 
7027	20 
7028	3 
7029	26 
7030	2 
7031	4 
7032	5 
7033	14 
7034	2 
7035	24 
7036	2 
7037	18 
7038	23 
7039	12 
7040	18 
7041	3 
7042	20 
7043	27 
7044	2 
7045	29 
7046	6 
7047	8 
7048	3 
7049	13 
7050	16 
7051	23 
7052	13 
7053	31 
7054	11 
7055	28 
7056	13 
7057	12 
7058	11 
7059	7 
7060	23 
7061	4 
7062	15 
7063	20 
7064	28 
7065	6 
7066	23 
7067	3 
7068	28 
7069	15 
7070	29 
7071	13 
7072	24 
7073	19 
7074	2 
7075	29 
7076	17 
7077	19 
7078	26 
7079	5 
7080	31 
7081	9 
7082	2 
7083	3 
7084	20 
7085	1 
7086	18 
7087	25 
7088	21 
7089	24 
7090	20 
7091	6 
7092	23 
7093	7 
7094	22 
7095	19 
7096	16 
7097	23 
7098	24 
7099	9 
7100	27 
7101	2 
7102	4 
7103	25 
7104	15 
7105	21 
7106	26 
7107	14 
7108	12 
7109	26 
7110	28 
7111	20 
7112	27 
7113	31 
7114	20 
7115	5 
7116	21 
7117	13 
7118	29 
7119	13 
7120	6 
7121	19 
7122	27 
7123	9 
7124	22 
7125	11 
7126	19 
7127	22 
7128	30 
7129	13 
7130	3 
7131	18 
7132	1 
7133	25 
7134	4 
7135	24 
7136	22 
7137	30 
7138	24 
7139	22 
7140	27 
7141	27 
7142	5 
7143	30 
7144	7 
7145	4 
7146	24 
7147	20 
7148	25 
7149	28 
7150	17 
7151	17 
7152	31 
7153	21 
7154	3 
7155	30 
7156	18 
7157	31 
7158	11 
7159	13 
7160	3 
7161	21 
7162	21 
7163	19 
7164	11 
7165	21 
7166	14 
7167	2 
7168	23 
7169	25 
7170	31 
7171	22 
7172	20 
7173	5 
7174	5 
7175	21 
7176	23 
7177	21 
7178	3 
7179	27 
7180	19 
7181	28 
7182	23 
7183	24 
7184	31 
7185	23 
7186	19 
7187	1 
7188	27 
7189	24 
7190	11 
7191	29 
7192	16 
7193	3 
7194	16 
7195	8 
7196	14 
7197	6 
7198	22 
7199	17 
7200	9 
7201	2 
7202	13 
7203	15 
7204	1 
7205	2 
7206	21 
7207	12 
7208	21 
7209	26 
7210	25 
7211	21 
7212	3 
7213	8 
7214	19 
7215	20 
7216	27 
7217	6 
7218	9 
7219	25 
7220	24 
7221	7 
7222	22 
7223	11 
7224	4 
7225	26 
7226	22 
7227	27 
7228	28 
7229	24 
7230	3 
7231	4 
7232	3 
7233	27 
7234	15 
7235	15 
7236	9 
7237	20 
7238	17 
7239	21 
7240	16 
7241	10 
7242	24 
7243	9 
7244	12 
7245	27 
7246	2 
7247	3 
7248	5 
7249	21 
7250	25 
7251	9 
7252	3 
7253	21 
7254	27 
7255	27 
7256	22 
7257	20 
7258	10 
7259	25 
7260	17 
7261	26 
7262	10 
7263	27 
7264	17 
7265	9 
7266	17 
7267	27 
7268	22 
7269	4 
7270	2 
7271	22 
7272	16 
7273	7 
7274	23 
7275	13 
7276	28 
7277	2 
7278	8 
7279	11 
7280	1 
7281	28 
7282	13 
7283	25 
7284	21 
7285	9 
7286	15 
7287	25 
7288	13 
7289	28 
7290	19 
7291	4 
7292	26 
7293	10 
7294	26 
7295	31 
7296	27 
7297	3 
7298	8 
7299	22 
7300	24 
7301	30 
7302	5 
7303	13 
7304	3 
7305	31 
7306	14 
7307	22 
7308	27 
7309	9 
7310	5 
7311	7 
7312	30 
7313	20 
7314	21 
7315	26 
7316	13 
7317	26 
7318	21 
7319	17 
7320	3 
7321	16 
7322	5 
7323	11 
7324	9 
7325	24 
7326	23 
7327	8 
7328	8 
7329	11 
7330	22 
7331	9 
7332	17 
7333	29 
7334	27 
7335	24 
7336	26 
7337	11 
7338	30 
7339	22 
7340	4 
7341	21 
7342	16 
7343	7 
7344	14 
7345	2 
7346	2 
7347	8 
7348	31 
7349	25 
7350	9 
7351	12 
7352	13 
7353	13 
7354	18 
7355	21 
7356	29 
7357	28 
7358	7 
7359	6 
7360	17 
7361	23 
7362	5 
7363	28 
7364	12 
7365	27 
7366	15 
7367	27 
7368	21 
7369	7 
7370	30 
7371	11 
7372	14 
7373	14 
7374	27 
7375	9 
7376	26 
7377	20 
7378	22 
7379	12 
7380	18 
7381	8 
7382	23 
7383	8 
7384	11 
7385	30 
7386	8 
7387	20 
7388	1 
7389	5 
7390	25 
7391	22 
7392	19 
7393	29 
7394	15 
7395	2 
7396	12 
7397	7 
7398	16 
7399	27 
7400	1 
7401	18 
7402	7 
7403	16 
7404	21 
7405	24 
7406	19 
7407	22 
7408	3 
7409	9 
7410	26 
7411	8 
7412	29 
7413	7 
7414	28 
7415	26 
7416	20 
7417	13 
7418	17 
7419	18 
7420	2 
7421	23 
7422	1 
7423	29 
7424	20 
7425	2 
7426	7 
7427	11 
7428	14 
7429	9 
7430	23 
7431	28 
7432	30 
7433	27 
7434	28 
7435	9 
7436	8 
7437	17 
7438	19 
7439	14 
7440	9 
7441	20 
7442	25 
7443	14 
7444	14 
7445	2 
7446	29 
7447	31 
7448	23 
7449	28 
7450	19 
7451	14 
7452	14 
7453	19 
7454	22 
7455	7 
7456	6 
7457	8 
7458	7 
7459	6 
7460	14 
7461	2 
7462	22 
7463	12 
7464	30 
7465	16 
7466	9 
7467	25 
7468	29 
7469	3 
7470	9 
7471	19 
7472	25 
7473	25 
7474	24 
7475	1 
7476	10 
7477	10 
7478	25 
7479	20 
7480	20 
7481	12 
7482	12 
7483	22 
7484	23 
7485	5 
7486	15 
7487	27 
7488	2 
7489	28 
7490	29 
7491	19 
7492	9 
7493	3 
7494	8 
7495	26 
7496	1 
7497	26 
7498	9 
7499	19 
7500	9 
7501	30 
7502	2 
7503	1 
7504	3 
7505	15 
7506	2 
7507	11 
7508	24 
7509	24 
7510	22 
7511	3 
7512	31 
7513	3 
7514	16 
7515	20 
7516	2 
7517	23 
7518	28 
7519	5 
7520	15 
7521	27 
7522	20 
7523	30 
7524	8 
7525	11 
7526	2 
7527	2 
7528	23 
7529	13 
7530	25 
7531	17 
7532	9 
7533	22 
7534	2 
7535	14 
7536	19 
7537	11 
7538	19 
7539	5 
7540	13 
7541	15 
7542	29 
7543	4 
7544	28 
7545	1 
7546	29 
7547	23 
7548	10 
7549	15 
7550	22 
7551	8 
7552	26 
7553	28 
7554	31 
7555	19 
7556	23 
7557	1 
7558	8 
7559	1 
7560	6 
7561	23 
7562	1 
7563	12 
7564	3 
7565	11 
7566	24 
7567	6 
7568	4 
7569	12 
7570	14 
7571	24 
7572	20 
7573	18 
7574	8 
7575	2 
7576	9 
7577	6 
7578	29 
7579	3 
7580	2 
7581	13 
7582	8 
7583	31 
7584	30 
7585	7 
7586	21 
7587	25 
7588	30 
7589	27 
7590	8 
7591	31 
7592	9 
7593	21 
7594	24 
7595	22 
7596	17 
7597	17 
7598	1 
7599	30 
7600	20 
7601	29 
7602	13 
7603	16 
7604	20 
7605	29 
7606	28 
7607	31 
7608	18 
7609	24 
7610	8 
7611	13 
7612	11 
7613	8 
7614	30 
7615	2 
7616	20 
7617	10 
7618	20 
7619	8 
7620	5 
7621	22 
7622	7 
7623	31 
7624	25 
7625	9 
7626	27 
7627	4 
7628	19 
7629	4 
7630	19 
7631	18 
7632	12 
7633	14 
7634	24 
7635	11 
7636	4 
7637	16 
7638	6 
7639	6 
7640	3 
7641	28 
7642	21 
7643	31 
7644	3 
7645	16 
7646	6 
7647	26 
7648	20 
7649	4 
7650	3 
7651	30 
7652	20 
7653	20 
7654	31 
7655	8 
7656	9 
7657	9 
7658	28 
7659	6 
7660	8 
7661	10 
7662	9 
7663	25 
7664	12 
7665	20 
7666	3 
7667	24 
7668	1 
7669	3 
7670	11 
7671	17 
7672	2 
7673	10 
7674	29 
7675	8 
7676	2 
7677	26 
7678	3 
7679	3 
7680	30 
7681	14 
7682	14 
7683	26 
7684	18 
7685	31 
7686	24 
7687	27 
7688	18 
7689	5 
7690	12 
7691	1 
7692	25 
7693	28 
7694	5 
7695	24 
7696	30 
7697	29 
7698	19 
7699	27 
7700	5 
7701	5 
7702	10 
7703	7 
7704	24 
7705	20 
7706	12 
7707	3 
7708	17 
7709	29 
7710	2 
7711	18 
7712	10 
7713	20 
7714	27 
7715	22 
7716	15 
7717	11 
7718	27 
7719	13 
7720	18 
7721	18 
7722	12 
7723	27 
7724	29 
7725	21 
7726	13 
7727	8 
7728	25 
7729	27 
7730	21 
7731	23 
7732	30 
7733	10 
7734	14 
7735	14 
7736	29 
7737	8 
7738	2 
7739	2 
7740	8 
7741	19 
7742	8 
7743	27 
7744	6 
7745	21 
7746	24 
7747	5 
7748	6 
7749	15 
7750	2 
7751	2 
7752	3 
7753	14 
7754	8 
7755	23 
7756	19 
7757	15 
7758	14 
7759	28 
7760	2 
7761	19 
7762	8 
7763	23 
7764	4 
7765	2 
7766	4 
7767	15 
7768	16 
7769	20 
7770	2 
7771	8 
7772	19 
7773	10 
7774	28 
7775	1 
7776	8 
7777	4 
7778	24 
7779	7 
7780	28 
7781	22 
7782	12 
7783	31 
7784	2 
7785	26 
7786	23 
7787	21 
7788	17 
7789	19 
7790	24 
7791	29 
7792	1 
7793	17 
7794	2 
7795	17 
7796	14 
7797	25 
7798	2 
7799	4 
7800	24 
7801	15 
7802	27 
7803	25 
7804	28 
7805	1 
7806	15 
7807	19 
7808	13 
7809	14 
7810	25 
7811	8 
7812	19 
7813	1 
7814	25 
7815	1 
7816	28 
7817	15 
7818	23 
7819	26 
7820	15 
7821	16 
7822	31 
7823	13 
7824	11 
7825	29 
7826	2 
7827	20 
7828	5 
7829	2 
7830	1 
7831	31 
7832	8 
7833	2 
7834	1 
7835	8 
7836	4 
7837	9 
7838	7 
7839	20 
7840	27 
7841	28 
7842	2 
7843	24 
7844	29 
7845	28 
7846	25 
7847	19 
7848	19 
7849	29 
7850	2 
7851	7 
7852	22 
7853	3 
7854	8 
7855	2 
7856	25 
7857	19 
7858	19 
7859	21 
7860	22 
7861	31 
7862	19 
7863	14 
7864	31 
7865	27 
7866	7 
7867	11 
7868	8 
7869	9 
7870	11 
7871	29 
7872	3 
7873	12 
7874	25 
7875	14 
7876	29 
7877	24 
7878	24 
7879	11 
7880	30 
7881	8 
7882	2 
7883	24 
7884	22 
7885	13 
7886	3 
7887	1 
7888	1 
7889	13 
7890	4 
7891	9 
7892	10 
7893	9 
7894	26 
7895	23 
7896	29 
7897	11 
7898	30 
7899	17 
7900	17 
7901	26 
7902	17 
7903	3 
7904	16 
7905	12 
7906	28 
7907	23 
7908	7 
7909	27 
7910	1 
7911	20 
7912	15 
7913	31 
7914	23 
7915	15 
7916	14 
7917	21 
7918	30 
7919	28 
7920	3 
7921	25 
7922	16 
7923	21 
7924	17 
7925	18 
7926	8 
7927	23 
7928	23 
7929	15 
7930	8 
7931	7 
7932	20 
7933	30 
7934	20 
7935	2 
7936	19 
7937	11 
7938	18 
7939	12 
7940	20 
7941	30 
7942	29 
7943	11 
7944	4 
7945	28 
7946	23 
7947	4 
7948	18 
7949	29 
7950	9 
7951	23 
7952	30 
7953	24 
7954	20 
7955	3 
7956	29 
7957	28 
7958	8 
7959	19 
7960	16 
7961	19 
7962	10 
7963	7 
7964	22 
7965	18 
7966	14 
7967	16 
7968	16 
7969	9 
7970	11 
7971	19 
7972	27 
7973	3 
7974	27 
7975	23 
7976	3 
7977	1 
7978	19 
7979	29 
7980	29 
7981	15 
7982	19 
7983	22 
7984	17 
7985	12 
7986	27 
7987	29 
7988	24 
7989	3 
7990	7 
7991	7 
7992	14 
7993	24 
7994	19 
7995	30 
7996	6 
7997	29 
7998	17 
7999	13 
8000	22 
8001	17 
8002	24 
8003	2 
8004	23 
8005	26 
8006	11 
8007	21 
8008	23 
8009	15 
8010	29 
8011	23 
8012	29 
8013	23 
8014	14 
8015	25 
8016	7 
8017	10 
8018	31 
8019	27 
8020	23 
8021	12 
8022	8 
8023	11 
8024	7 
8025	15 
8026	22 
8027	6 
8028	30 
8029	3 
8030	26 
8031	26 
8032	8 
8033	18 
8034	2 
8035	2 
8036	13 
8037	2 
8038	31 
8039	26 
8040	31 
8041	28 
8042	27 
8043	20 
8044	15 
8045	31 
8046	19 
8047	30 
8048	5 
8049	1 
8050	25 
8051	21 
8052	31 
8053	21 
8054	25 
8055	14 
8056	22 
8057	11 
8058	29 
8059	15 
8060	8 
8061	29 
8062	23 
8063	19 
8064	5 
8065	11 
8066	7 
8067	5 
8068	23 
8069	7 
8070	19 
8071	20 
8072	3 
8073	23 
8074	16 
8075	27 
8076	23 
8077	20 
8078	27 
8079	28 
8080	20 
8081	23 
8082	14 
8083	14 
8084	7 
8085	9 
8086	13 
8087	10 
8088	11 
8089	19 
8090	23 
8091	15 
8092	19 
8093	16 
8094	19 
8095	27 
8096	6 
8097	3 
8098	9 
8099	15 
8100	30 
8101	5 
8102	13 
8103	23 
8104	19 
8105	17 
8106	4 
8107	24 
8108	19 
8109	20 
8110	29 
8111	20 
8112	28 
8113	11 
8114	3 
8115	25 
8116	26 
8117	23 
8118	29 
8119	26 
8120	11 
8121	16 
8122	4 
8123	12 
8124	19 
8125	12 
8126	27 
8127	3 
8128	31 
8129	4 
8130	23 
8131	14 
8132	12 
8133	19 
8134	5 
8135	2 
8136	12 
8137	19 
8138	13 
8139	13 
8140	14 
8141	23 
8142	24 
8143	25 
8144	29 
8145	9 
8146	12 
8147	3 
8148	24 
8149	24 
8150	21 
8151	12 
8152	24 
8153	21 
8154	5 
8155	24 
8156	30 
8157	19 
8158	30 
8159	25 
8160	30 
8161	19 
8162	6 
8163	28 
8164	1 
8165	3 
8166	25 
8167	12 
8168	27 
8169	18 
8170	13 
8171	15 
8172	7 
8173	23 
8174	27 
8175	11 
8176	2 
8177	8 
8178	3 
8179	27 
8180	2 
8181	13 
8182	28 
8183	15 
8184	26 
8185	10 
8186	20 
8187	9 
8188	24 
8189	27 
8190	12 
8191	7 
8192	2 
8193	27 
8194	13 
8195	9 
8196	1 
8197	29 
8198	3 
8199	4 
8200	31 
8201	3 
8202	4 
8203	3 
8204	15 
8205	18 
8206	24 
8207	5 
8208	29 
8209	17 
8210	6 
8211	15 
8212	17 
8213	30 
8214	25 
8215	8 
8216	12 
8217	3 
8218	3 
8219	30 
8220	1 
8221	30 
8222	14 
8223	3 
8224	7 
8225	2 
8226	1 
8227	28 
8228	20 
8229	23 
8230	27 
8231	8 
8232	30 
8233	6 
8234	15 
8235	17 
8236	13 
8237	11 
8238	10 
8239	3 
8240	29 
8241	10 
8242	10 
8243	21 
8244	29 
8245	19 
8246	24 
8247	6 
8248	31 
8249	28 
8250	14 
8251	28 
8252	24 
8253	1 
8254	17 
8255	17 
8256	13 
8257	21 
8258	16 
8259	23 
8260	27 
8261	21 
8262	9 
8263	19 
8264	27 
8265	8 
8266	25 
8267	14 
8268	31 
8269	7 
8270	24 
8271	18 
8272	23 
8273	30 
8274	14 
8275	3 
8276	21 
8277	15 
8278	20 
8279	11 
8280	30 
8281	9 
8282	7 
8283	24 
8284	22 
8285	5 
8286	9 
8287	21 
8288	23 
8289	20 
8290	3 
8291	12 
8292	26 
8293	19 
8294	2 
8295	21 
8296	7 
8297	19 
8298	1 
8299	27 
8300	14 
8301	23 
8302	28 
8303	3 
8304	21 
8305	15 
8306	13 
8307	24 
8308	25 
8309	7 
8310	14 
8311	31 
8312	13 
8313	9 
8314	2 
8315	17 
8316	15 
8317	27 
8318	27 
8319	17 
8320	2 
8321	27 
8322	2 
8323	16 
8324	9 
8325	25 
8326	4 
8327	16 
8328	12 
8329	25 
8330	23 
8331	21 
8332	27 
8333	7 
8334	2 
8335	25 
8336	17 
8337	17 
8338	23 
8339	17 
8340	11 
8341	17 
8342	20 
8343	1 
8344	26 
8345	2 
8346	22 
8347	2 
8348	20 
8349	20 
8350	12 
8351	19 
8352	30 
8353	15 
8354	30 
8355	26 
8356	9 
8357	19 
8358	26 
8359	24 
8360	8 
8361	8 
8362	27 
8363	9 
8364	21 
8365	24 
8366	26 
8367	27 
8368	2 
8369	9 
8370	25 
8371	24 
8372	6 
8373	3 
8374	18 
8375	1 
8376	19 
8377	13 
8378	10 
8379	23 
8380	25 
8381	31 
8382	10 
8383	27 
8384	31 
8385	29 
8386	14 
8387	10 
8388	14 
8389	14 
8390	13 
8391	27 
8392	15 
8393	7 
8394	7 
8395	11 
8396	21 
8397	19 
8398	6 
8399	3 
8400	10 
8401	1 
8402	17 
8403	19 
8404	18 
8405	28 
8406	11 
8407	5 
8408	12 
8409	21 
8410	3 
8411	10 
8412	4 
8413	20 
8414	3 
8415	11 
8416	28 
8417	8 
8418	15 
8419	6 
8420	9 
8421	19 
8422	20 
8423	30 
8424	5 
8425	20 
8426	21 
8427	27 
8428	5 
8429	14 
8430	18 
8431	8 
8432	12 
8433	13 
8434	1 
8435	25 
8436	20 
8437	25 
8438	24 
8439	4 
8440	28 
8441	14 
8442	13 
8443	23 
8444	27 
8445	14 
8446	25 
8447	24 
8448	29 
8449	13 
8450	13 
8451	2 
8452	28 
8453	10 
8454	25 
8455	11 
8456	2 
8457	20 
8458	13 
8459	24 
8460	3 
8461	20 
8462	20 
8463	9 
8464	19 
8465	9 
8466	13 
8467	28 
8468	27 
8469	19 
8470	16 
8471	26 
8472	23 
8473	27 
8474	3 
8475	31 
8476	3 
8477	16 
8478	17 
8479	14 
8480	15 
8481	15 
8482	27 
8483	29 
8484	28 
8485	2 
8486	13 
8487	24 
8488	11 
8489	25 
8490	7 
8491	17 
8492	8 
8493	20 
8494	2 
8495	3 
8496	27 
8497	5 
8498	3 
8499	22 
8500	1 
8501	30 
8502	5 
8503	28 
8504	27 
8505	21 
8506	29 
8507	27 
8508	5 
8509	22 
8510	31 
8511	23 
8512	10 
8513	27 
8514	30 
8515	19 
8516	17 
8517	22 
8518	28 
8519	11 
8520	29 
8521	27 
8522	5 
8523	28 
8524	13 
8525	24 
8526	11 
8527	24 
8528	9 
8529	28 
8530	8 
8531	17 
8532	12 
8533	20 
8534	25 
8535	1 
8536	30 
8537	2 
8538	16 
8539	29 
8540	9 
8541	5 
8542	20 
8543	9 
8544	12 
8545	28 
8546	7 
8547	21 
8548	10 
8549	3 
8550	8 
8551	2 
8552	3 
8553	31 
8554	16 
8555	11 
8556	29 
8557	26 
8558	28 
8559	14 
8560	30 
8561	22 
8562	15 
8563	2 
8564	8 
8565	2 
8566	17 
8567	13 
8568	21 
8569	25 
8570	20 
8571	28 
8572	3 
8573	24 
8574	8 
8575	23 
8576	23 
8577	29 
8578	30 
8579	6 
8580	6 
8581	14 
8582	26 
8583	30 
8584	21 
8585	6 
8586	5 
8587	20 
8588	26 
8589	25 
8590	30 
8591	27 
8592	26 
8593	11 
8594	20 
8595	13 
8596	29 
8597	21 
8598	1 
8599	24 
8600	6 
8601	3 
8602	19 
8603	11 
8604	27 
8605	27 
8606	29 
8607	5 
8608	13 
8609	7 
8610	21 
8611	31 
8612	6 
8613	28 
8614	25 
8615	29 
8616	30 
8617	28 
8618	23 
8619	29 
8620	29 
8621	16 
8622	24 
8623	23 
8624	28 
8625	3 
8626	15 
8627	7 
8628	20 
8629	7 
8630	8 
8631	31 
8632	14 
8633	13 
8634	13 
8635	6 
8636	13 
8637	19 
8638	7 
8639	23 
8640	15 
8641	11 
8642	13 
8643	3 
8644	6 
8645	31 
8646	7 
8647	22 
8648	13 
8649	4 
8650	22 
8651	6 
8652	11 
8653	14 
8654	24 
8655	3 
8656	8 
8657	25 
8658	14 
8659	27 
8660	27 
8661	22 
8662	25 
8663	15 
8664	3 
8665	15 
8666	26 
8667	24 
8668	23 
8669	6 
8670	25 
8671	26 
8672	13 
8673	19 
8674	24 
8675	6 
8676	23 
8677	7 
8678	18 
8679	2 
8680	29 
8681	22 
8682	30 
8683	14 
8684	9 
8685	12 
8686	1 
8687	11 
8688	18 
8689	20 
8690	11 
8691	15 
8692	17 
8693	21 
8694	30 
8695	17 
8696	31 
8697	28 
8698	3 
8699	3 
8700	19 
8701	17 
8702	24 
8703	9 
8704	9 
8705	15 
8706	26 
8707	20 
8708	4 
8709	3 
8710	22 
8711	25 
8712	19 
8713	1 
8714	19 
8715	17 
8716	21 
8717	20 
8718	6 
8719	14 
8720	27 
8721	20 
8722	17 
8723	30 
8724	19 
8725	16 
8726	12 
8727	11 
8728	27 
8729	20 
8730	14 
8731	28 
8732	17 
8733	5 
8734	19 
8735	22 
8736	22 
8737	21 
8738	29 
8739	27 
8740	26 
8741	14 
8742	21 
8743	1 
8744	14 
8745	21 
8746	23 
8747	24 
8748	28 
8749	3 
8750	20 
8751	9 
8752	15 
8753	10 
8754	31 
8755	25 
8756	4 
8757	2 
8758	11 
8759	30 
8760	23 
8761	5 
8762	6 
8763	3 
8764	31 
8765	17 
8766	7 
8767	13 
8768	22 
8769	6 
8770	24 
8771	27 
8772	14 
8773	9 
8774	29 
8775	1 
8776	2 
8777	20 
8778	19 
8779	14 
8780	3 
8781	9 
8782	13 
8783	9 
8784	17 
8785	2 
8786	30 
8787	24 
8788	13 
8789	19 
8790	29 
8791	7 
8792	25 
8793	4 
8794	24 
8795	28 
8796	14 
8797	10 
8798	15 
8799	24 
8800	31 
8801	14 
8802	24 
8803	15 
8804	29 
8805	5 
8806	5 
8807	16 
8808	14 
8809	8 
8810	18 
8811	24 
8812	26 
8813	19 
8814	19 
8815	21 
8816	14 
8817	15 
8818	28 
8819	9 
8820	21 
8821	9 
8822	20 
8823	2 
8824	31 
8825	7 
8826	3 
8827	18 
8828	29 
8829	21 
8830	12 
8831	15 
8832	5 
8833	25 
8834	15 
8835	23 
8836	20 
8837	22 
8838	27 
8839	22 
8840	13 
8841	31 
8842	21 
8843	12 
8844	16 
8845	20 
8846	13 
8847	4 
8848	4 
8849	3 
8850	22 
8851	7 
8852	7 
8853	19 
8854	29 
8855	20 
8856	9 
8857	6 
8858	13 
8859	21 
8860	29 
8861	21 
8862	19 
8863	19 
8864	20 
8865	11 
8866	18 
8867	20 
8868	20 
8869	16 
8870	12 
8871	8 
8872	19 
8873	20 
8874	2 
8875	9 
8876	17 
8877	15 
8878	2 
8879	17 
8880	24 
8881	10 
8882	2 
8883	25 
8884	16 
8885	15 
8886	14 
8887	10 
8888	12 
8889	7 
8890	8 
8891	1 
8892	24 
8893	22 
8894	6 
8895	2 
8896	10 
8897	20 
8898	12 
8899	20 
8900	10 
8901	22 
8902	25 
8903	4 
8904	2 
8905	3 
8906	29 
8907	15 
8908	26 
8909	17 
8910	21 
8911	23 
8912	21 
8913	26 
8914	27 
8915	21 
8916	29 
8917	13 
8918	14 
8919	16 
8920	21 
8921	27 
8922	31 
8923	13 
8924	31 
8925	13 
8926	16 
8927	7 
8928	31 
8929	4 
8930	30 
8931	19 
8932	20 
8933	14 
8934	20 
8935	27 
8936	5 
8937	14 
8938	31 
8939	21 
8940	22 
8941	2 
8942	7 
8943	9 
8944	31 
8945	16 
8946	25 
8947	3 
8948	20 
8949	23 
8950	28 
8951	15 
8952	27 
8953	16 
8954	29 
8955	2 
8956	25 
8957	26 
8958	20 
8959	11 
8960	23 
8961	14 
8962	2 
8963	27 
8964	24 
8965	2 
8966	21 
8967	15 
8968	19 
8969	3 
8970	13 
8971	5 
8972	19 
8973	17 
8974	10 
8975	11 
8976	28 
8977	27 
8978	20 
8979	19 
8980	25 
8981	7 
8982	29 
8983	30 
8984	4 
8985	23 
8986	17 
8987	14 
8988	1 
8989	24 
8990	6 
8991	24 
8992	26 
8993	2 
8994	29 
8995	17 
8996	22 
8997	21 
8998	22 
8999	30 
9000	12 
9001	13 
9002	18 
9003	6 
9004	3 
9005	13 
9006	27 
9007	20 
9008	14 
9009	9 
9010	16 
9011	28 
9012	13 
9013	8 
9014	23 
9015	6 
9016	17 
9017	25 
9018	24 
9019	6 
9020	9 
9021	14 
9022	27 
9023	31 
9024	21 
9025	25 
9026	31 
9027	8 
9028	22 
9029	19 
9030	23 
9031	24 
9032	9 
9033	22 
9034	31 
9035	12 
9036	26 
9037	3 
9038	7 
9039	16 
9040	21 
9041	5 
9042	14 
9043	14 
9044	9 
9045	12 
9046	25 
9047	17 
9048	21 
9049	4 
9050	12 
9051	13 
9052	11 
9053	23 
9054	30 
9055	11 
9056	30 
9057	21 
9058	15 
9059	14 
9060	27 
9061	15 
9062	27 
9063	30 
9064	10 
9065	23 
9066	20 
9067	15 
9068	6 
9069	27 
9070	10 
9071	7 
9072	25 
9073	25 
9074	29 
9075	31 
9076	14 
9077	3 
9078	7 
9079	25 
9080	15 
9081	23 
9082	31 
9083	30 
9084	15 
9085	5 
9086	25 
9087	7 
9088	28 
9089	14 
9090	18 
9091	11 
9092	29 
9093	14 
9094	12 
9095	2 
9096	10 
9097	19 
9098	12 
9099	17 
9100	25 
9101	17 
9102	31 
9103	11 
9104	20 
9105	21 
9106	17 
9107	28 
9108	23 
9109	20 
9110	17 
9111	21 
9112	13 
9113	31 
9114	2 
9115	12 
9116	1 
9117	8 
9118	24 
9119	21 
9120	2 
9121	26 
9122	22 
9123	11 
9124	2 
9125	30 
9126	15 
9127	11 
9128	27 
9129	10 
9130	1 
9131	22 
9132	1 
9133	13 
9134	17 
9135	19 
9136	25 
9137	11 
9138	9 
9139	11 
9140	6 
9141	1 
9142	29 
9143	27 
9144	31 
9145	27 
9146	28 
9147	13 
9148	17 
9149	22 
9150	7 
9151	23 
9152	26 
9153	4 
9154	19 
9155	17 
9156	7 
9157	25 
9158	26 
9159	7 
9160	11 
9161	9 
9162	9 
9163	28 
9164	19 
9165	30 
9166	18 
9167	28 
9168	19 
9169	28 
9170	31 
9171	24 
9172	19 
9173	13 
9174	30 
9175	11 
9176	21 
9177	9 
9178	21 
9179	6 
9180	25 
9181	24 
9182	11 
9183	31 
9184	6 
9185	13 
9186	19 
9187	27 
9188	24 
9189	20 
9190	10 
9191	3 
9192	8 
9193	28 
9194	27 
9195	1 
9196	23 
9197	10 
9198	28 
9199	10 
9200	13 
9201	21 
9202	25 
9203	14 
9204	3 
9205	1 
9206	17 
9207	11 
9208	4 
9209	10 
9210	20 
9211	13 
9212	22 
9213	12 
9214	22 
9215	2 
9216	30 
9217	9 
9218	21 
9219	7 
9220	8 
9221	10 
9222	8 
9223	20 
9224	23 
9225	27 
9226	20 
9227	15 
9228	13 
9229	2 
9230	30 
9231	30 
9232	3 
9233	5 
9234	31 
9235	3 
9236	9 
9237	13 
9238	27 
9239	23 
9240	20 
9241	1 
9242	19 
9243	25 
9244	3 
9245	29 
9246	28 
9247	1 
9248	31 
9249	29 
9250	29 
9251	30 
9252	23 
9253	24 
9254	11 
9255	28 
9256	5 
9257	8 
9258	10 
9259	15 
9260	23 
9261	12 
9262	4 
9263	24 
9264	28 
9265	21 
9266	19 
9267	3 
9268	7 
9269	12 
9270	17 
9271	3 
9272	21 
9273	14 
9274	11 
9275	4 
9276	27 
9277	5 
9278	7 
9279	11 
9280	29 
9281	5 
9282	17 
9283	18 
9284	21 
9285	18 
9286	8 
9287	7 
9288	19 
9289	4 
9290	17 
9291	10 
9292	17 
9293	23 
9294	13 
9295	20 
9296	15 
9297	6 
9298	14 
9299	14 
9300	20 
9301	27 
9302	15 
9303	4 
9304	13 
9305	23 
9306	16 
9307	8 
9308	30 
9309	4 
9310	25 
9311	6 
9312	24 
9313	25 
9314	27 
9315	22 
9316	3 
9317	17 
9318	11 
9319	3 
9320	27 
9321	13 
9322	19 
9323	19 
9324	26 
9325	19 
9326	15 
9327	14 
9328	24 
9329	16 
9330	14 
9331	8 
9332	30 
9333	25 
9334	3 
9335	26 
9336	3 
9337	17 
9338	26 
9339	17 
9340	2 
9341	14 
9342	9 
9343	25 
9344	11 
9345	23 
9346	11 
9347	2 
9348	5 
9349	12 
9350	14 
9351	23 
9352	30 
9353	20 
9354	14 
9355	19 
9356	18 
9357	3 
9358	4 
9359	10 
9360	13 
9361	31 
9362	17 
9363	5 
9364	2 
9365	21 
9366	19 
9367	14 
9368	19 
9369	24 
9370	30 
9371	15 
9372	26 
9373	17 
9374	1 
9375	11 
9376	2 
9377	15 
9378	21 
9379	25 
9380	19 
9381	20 
9382	27 
9383	30 
9384	21 
9385	1 
9386	1 
9387	12 
9388	2 
9389	21 
9390	2 
9391	29 
9392	19 
9393	2 
9394	10 
9395	22 
9396	17 
9397	28 
9398	27 
9399	3 
9400	27 
9401	21 
9402	2 
9403	25 
9404	15 
9405	14 
9406	27 
9407	21 
9408	27 
9409	8 
9410	13 
9411	20 
9412	8 
9413	12 
9414	1 
9415	3 
9416	15 
9417	19 
9418	26 
9419	25 
9420	20 
9421	2 
9422	10 
9423	28 
9424	2 
9425	25 
9426	4 
9427	22 
9428	25 
9429	7 
9430	20 
9431	17 
9432	22 
9433	21 
9434	23 
9435	11 
9436	28 
9437	26 
9438	27 
9439	27 
9440	8 
9441	13 
9442	3 
9443	27 
9444	2 
9445	3 
9446	7 
9447	17 
9448	30 
9449	12 
9450	13 
9451	17 
9452	8 
9453	11 
9454	28 
9455	3 
9456	5 
9457	3 
9458	9 
9459	4 
9460	26 
9461	16 
9462	15 
9463	23 
9464	30 
9465	19 
9466	12 
9467	9 
9468	20 
9469	25 
9470	5 
9471	29 
9472	29 
9473	10 
9474	20 
9475	19 
9476	3 
9477	4 
9478	24 
9479	19 
9480	11 
9481	26 
9482	12 
9483	21 
9484	20 
9485	9 
9486	26 
9487	2 
9488	16 
9489	25 
9490	26 
9491	23 
9492	31 
9493	22 
9494	21 
9495	29 
9496	27 
9497	9 
9498	2 
9499	1 
9500	16 
9501	3 
9502	13 
9503	9 
9504	12 
9505	17 
9506	15 
9507	23 
9508	19 
9509	12 
9510	17 
9511	6 
9512	4 
9513	22 
9514	24 
9515	16 
9516	10 
9517	27 
9518	18 
9519	19 
9520	21 
9521	8 
9522	20 
9523	9 
9524	11 
9525	28 
9526	6 
9527	3 
9528	23 
9529	22 
9530	13 
9531	3 
9532	10 
9533	2 
9534	27 
9535	23 
9536	5 
9537	20 
9538	25 
9539	3 
9540	14 
9541	29 
9542	15 
9543	24 
9544	16 
9545	25 
9546	19 
9547	21 
9548	17 
9549	6 
9550	8 
9551	5 
9552	11 
9553	17 
9554	14 
9555	28 
9556	29 
9557	17 
9558	2 
9559	5 
9560	15 
9561	12 
9562	16 
9563	3 
9564	9 
9565	12 
9566	22 
9567	27 
9568	16 
9569	30 
9570	23 
9571	3 
9572	31 
9573	31 
9574	8 
9575	22 
9576	4 
9577	27 
9578	29 
9579	18 
9580	3 
9581	9 
9582	9 
9583	3 
9584	15 
9585	18 
9586	21 
9587	22 
9588	24 
9589	15 
9590	9 
9591	1 
9592	11 
9593	3 
9594	28 
9595	23 
9596	19 
9597	10 
9598	28 
9599	21 
9600	14 
9601	15 
9602	27 
9603	31 
9604	8 
9605	13 
9606	5 
9607	16 
9608	5 
9609	12 
9610	10 
9611	30 
9612	30 
9613	7 
9614	20 
9615	28 
9616	9 
9617	25 
9618	3 
9619	21 
9620	30 
9621	13 
9622	20 
9623	23 
9624	9 
9625	28 
9626	30 
9627	27 
9628	24 
9629	4 
9630	15 
9631	7 
9632	31 
9633	14 
9634	27 
9635	30 
9636	13 
9637	8 
9638	19 
9639	5 
9640	29 
9641	11 
9642	17 
9643	5 
9644	30 
9645	31 
9646	9 
9647	7 
9648	10 
9649	30 
9650	7 
9651	21 
9652	23 
9653	7 
9654	19 
9655	2 
9656	25 
9657	27 
9658	3 
9659	15 
9660	29 
9661	5 
9662	16 
9663	14 
9664	1 
9665	23 
9666	31 
9667	15 
9668	3 
9669	23 
9670	4 
9671	27 
9672	16 
9673	1 
9674	7 
9675	2 
9676	8 
9677	28 
9678	13 
9679	2 
9680	25 
9681	16 
9682	26 
9683	3 
9684	20 
9685	25 
9686	22 
9687	3 
9688	18 
9689	24 
9690	5 
9691	3 
9692	17 
9693	2 
9694	29 
9695	30 
9696	21 
9697	19 
9698	20 
9699	1 
9700	28 
9701	19 
9702	23 
9703	3 
9704	3 
9705	14 
9706	5 
9707	21 
9708	6 
9709	14 
9710	11 
9711	11 
9712	18 
9713	3 
9714	24 
9715	30 
9716	19 
9717	29 
9718	23 
9719	2 
9720	28 
9721	11 
9722	12 
9723	10 
9724	6 
9725	6 
9726	31 
9727	16 
9728	13 
9729	20 
9730	6 
9731	5 
9732	8 
9733	7 
9734	31 
9735	29 
9736	27 
9737	4 
9738	2 
9739	20 
9740	17 
9741	18 
9742	26 
9743	10 
9744	18 
9745	12 
9746	25 
9747	13 
9748	31 
9749	21 
9750	19 
9751	2 
9752	3 
9753	20 
9754	30 
9755	12 
9756	13 
9757	29 
9758	19 
9759	17 
9760	19 
9761	19 
9762	15 
9763	21 
9764	27 
9765	8 
9766	3 
9767	10 
9768	21 
9769	19 
9770	3 
9771	20 
9772	11 
9773	27 
9774	2 
9775	23 
9776	28 
9777	25 
9778	2 
9779	26 
9780	27 
9781	15 
9782	3 
9783	31 
9784	7 
9785	27 
9786	15 
9787	9 
9788	21 
9789	1 
9790	26 
9791	3 
9792	4 
9793	6 
9794	9 
9795	14 
9796	12 
9797	5 
9798	14 
9799	3 
9800	25 
9801	2 
9802	28 
9803	17 
9804	21 
9805	13 
9806	30 
9807	23 
9808	23 
9809	24 
9810	14 
9811	27 
9812	21 
9813	14 
9814	29 
9815	7 
9816	28 
9817	23 
9818	13 
9819	4 
9820	18 
9821	31 
9822	27 
9823	29 
9824	24 
9825	18 
9826	18 
9827	27 
9828	4 
9829	24 
9830	27 
9831	14 
9832	25 
9833	14 
9834	20 
9835	19 
9836	3 
9837	21 
9838	23 
9839	13 
9840	7 
9841	16 
9842	23 
9843	8 
9844	29 
9845	23 
9846	9 
9847	30 
9848	2 
9849	8 
9850	30 
9851	21 
9852	26 
9853	31 
9854	30 
9855	4 
9856	14 
9857	3 
9858	13 
9859	31 
9860	18 
9861	25 
9862	4 
9863	20 
9864	1 
9865	21 
9866	4 
9867	17 
9868	30 
9869	5 
9870	29 
9871	29 
9872	7 
9873	12 
9874	8 
9875	12 
9876	15 
9877	19 
9878	24 
9879	18 
9880	3 
9881	27 
9882	21 
9883	2 
9884	25 
9885	14 
9886	10 
9887	22 
9888	21 
9889	14 
9890	2 
9891	14 
9892	24 
9893	7 
9894	24 
9895	31 
9896	2 
9897	27 
9898	4 
9899	3 
9900	29 
9901	27 
9902	22 
9903	8 
9904	15 
9905	4 
9906	19 
9907	19 
9908	1 
9909	12 
9910	13 
9911	15 
9912	5 
9913	2 
9914	30 
9915	28 
9916	2 
9917	29 
9918	3 
9919	2 
9920	3 
9921	27 
9922	19 
9923	3 
9924	31 
9925	21 
9926	26 
9927	17 
9928	27 
9929	20 
9930	30 
9931	30 
9932	9 
9933	7 
9934	20 
9935	30 
9936	6 
9937	29 
9938	7 
9939	27 
9940	9 
9941	7 
9942	14 
9943	27 
9944	7 
9945	2 
9946	11 
9947	15 
9948	7 
9949	17 
9950	22 
9951	14 
9952	8 
9953	18 
9954	24 
9955	1 
9956	26 
9957	9 
9958	5 
9959	5 
9960	4 
9961	25 
9962	22 
9963	30 
9964	9 
9965	20 
9966	9 
9967	29 
9968	21 
9969	26 
9970	18 
9971	19 
9972	26 
9973	28 
9974	3 
9975	22 
9976	3 
9977	17 
9978	16 
9979	9 
9980	4 
9981	5 
9982	1 
9983	16 
9984	16 
9985	5 
9986	23 
9987	8 
9988	16 
9989	7 
9990	16 
9991	7 
9992	29 
9993	19 
9994	20 
9995	31 
9996	29 
9997	19 
9998	19 
9999	28 
10000	6 
