1, 2795, 9971, 27, 3949, 531, 7667, 5934, 5689, 7394, 4270, 1510, 8707, 9689, 8020, 7263, 332, 8185, 8380, 2609, 9766, 7004, 5465, 4843, 7264, 2341, 9059, 9623, 6625, 8337, 4499, 2238, 7133, 1053, 4075, 3593, 3864, 8663, 7155, 6227, 2226, 6723
3266, 1462, 8223, 9545, 6939, 9453, 8354, 5408, 9374, 5457, 6036, 1305, 6077
3431
5242, 12, 9462, 5094, 108, 6827, 7429, 5932, 5721, 6643, 6321, 7154, 9946, 9431, 7721, 5480, 5722, 1265, 8148, 8375, 8324, 8901, 1785, 6040, 2917, 5431, 5929, 6249, 3830, 5005, 1850, 7674, 1160, 1198, 8972, 4986, 6766, 5390, 2074, 6353
6029, 9704, 6856, 5925, 254, 4039, 9612, 8644, 4707, 3384, 1418, 1863, 4885, 5795, 4826, 5914, 2201, 5150
6588, 8849, 109, 3485, 7242, 8620, 245, 9936, 493, 8774, 8889, 3588, 3065, 7657, 5740, 5364, 5497, 5688, 3539, 7716, 2067, 3773
6998, 8690, 6681, 8941, 4842, 9823, 5295, 2541, 6329, 5977, 5961, 9367, 3570, 3328, 7941, 1397, 761, 9282, 7779, 4192, 962, 3417, 4063, 1981
8757, 9390, 9293, 58, 9495, 8904, 6968, 6559, 284, 8650, 8947, 6185, 6041, 5567, 1756, 5918, 1302, 6868, 8850, 6556, 7649, 2693, 7637, 8562, 4669, 3195, 2724, 1746, 6773, 3732, 1071, 1183, 9630, 5110, 6748, 2098, 7282, 6262, 6718
9338, 8741, 7128, 3928, 8881, 4118, 4013, 5742, 8750, 9673, 9158, 1755, 2129
9789, 5414, 9007, 8622, 9354, 8640, 2049, 7382, 6445, 6417, 6920, 2730, 5942, 5545, 8802, 2278, 8900, 6487, 7089, 1241, 6244, 1778, 2805, 5966, 2471, 3799, 4637
9825, 4961, 5315, 6628, 8001, 1659, 2077, 3808, 2124
9969, 6312, 6023, 6048, 8323, 4752, 9322, 1949, 3152, 9968, 9582, 6145, 8028, 3022, 1417, 3740, 6134, 7769, 7812, 8673, 385, 7620, 8714, 813, 6498, 7254, 3798, 7625, 6881, 5409, 6117, 5234, 9717, 2855, 8771, 8250, 2657, 5975, 7371, 1884, 9142, 4494, 9147, 2780, 955, 1436, 6761, 4449, 1316, 7574, 1325, 5905, 1358, 7384, 4630, 3680, 6407, 1958, 1604, 1656, 2475, 1745, 8339, 1886, 5768, 4224, 2544, 5879
2
1585
1997
3504, 4104, 6031, 7042, 9832, 152, 7780, 1257, 5128, 8386, 1500, 9511, 3273, 9913, 6473, 3141, 7580, 9111, 752, 769, 5751, 2396, 6383, 4513, 1924, 4317, 2456, 5037
3842, 4541, 7943, 7660, 2418, 8075, 8119, 9060, 2438, 2330, 7436, 9597, 4366, 138, 8994, 9417, 9080, 9490, 1372, 6993, 2647, 431, 6869, 3879, 9977, 5226, 2699, 9409, 1845, 3104, 392, 2367, 8661, 5963, 9863, 1410, 4901, 6963, 7754, 6113, 7773, 7813, 8815, 1984, 1566, 1416, 8466, 2972, 1931, 7216, 4631, 5449, 2133, 7777, 440, 6003, 7433, 8096, 2644, 6363, 6509, 7784, 2101, 7802, 594, 9826, 613, 9815, 2632, 7791, 3339, 8172, 7249, 7175, 7073, 7166, 4357, 8173, 1112, 3156, 4539, 2032, 1193, 1345, 2309, 1432, 3037, 9620, 1487, 2673, 8395, 1548, 1560, 4947, 6232, 5976, 4908, 2121, 7737, 6948, 2861, 2447, 4853, 2529, 5494, 3764, 5651, 5146
4937, 9471, 2548, 2679, 7018, 5272, 7157, 1811, 9194, 9629, 9553, 4862, 8839, 2040, 3801, 9016, 6211, 6489, 973, 6007, 1350, 1091, 6350, 3957, 4503
5519, 8382, 8838, 7804, 9958, 7390, 8471, 7900, 1330, 4984, 5063, 2225, 7899, 4296, 3745, 4331, 6791, 8484, 3326, 4070, 5715, 8632, 2566, 8725, 1838, 7927, 9539, 4810, 6054, 6778, 6287, 9886, 308, 5639, 7274, 8140, 3377, 3611, 334, 9546, 6864, 3292, 404, 1339, 9193, 2557, 6912, 2696, 2621, 5240, 8037, 8098, 5113, 4926, 4802, 6668, 9945, 6608, 8787, 9685, 670, 2570, 3426, 4674, 799, 7999, 6665, 2974, 3893, 4434, 875, 8566, 5732, 7067, 1272, 1677, 8831, 7013, 1104, 1831, 2967, 5544, 4676, 7014, 7237, 6254, 5136, 2182, 3915, 1319, 6644, 3946, 6477, 1484, 2779, 6447, 7038, 2470, 2938, 1829, 3993, 4464, 7964, 4261, 4392, 2314, 7270, 6053, 2564
7479, 6038, 42, 7007, 9973, 5869, 1780, 4137, 9345, 8377, 8510, 135, 8987, 4384, 9702, 570, 4913, 223, 8857, 8876, 2928, 8300, 8064, 280, 7303, 9908, 3763, 8664, 5902, 3557, 7588, 3577, 6384, 8112, 9643, 3742, 3269, 2692, 7619, 4930, 5509, 6788, 1011, 7874, 5968, 5317, 7575, 9287, 1125, 6421, 6282, 4272, 8583, 4627, 5676, 3278, 4394, 8260, 2010, 5506, 7741, 2667, 3952
9118, 2727, 8187, 9956, 3976, 614, 6017, 4912, 9062, 7985, 9368, 9784, 8547, 4326, 8492, 9316, 8214, 1222, 7553, 4414, 1227, 321, 9798, 7983, 6242, 6728, 4209, 5710, 6867, 6862, 2459, 6756, 5773, 4823, 5843, 7331, 1336, 1556, 4593, 763, 9125, 4332, 3639, 6360, 7607, 5959, 4153, 2796, 5460, 5571, 5882, 2728, 3871, 3980, 1263, 9009, 2336, 7335, 9295, 6480, 6670, 1959, 4353, 5555, 2678, 8155, 3082, 2577, 2719, 5268, 5875
9131, 1162, 9893, 6675, 5280, 3514, 9899, 7449, 2731, 8423, 9950, 8381, 7977, 6411, 8508, 6811, 6389, 6387, 8722, 5508, 192, 9280, 3439, 5017, 3678, 3453, 7786, 267, 5565, 7484, 9858, 337, 2221, 9048, 9350, 4934, 7801, 384, 5859, 8293, 6931, 5031, 6818, 5668, 8669, 4508, 1565, 5062, 9141, 4500, 6494, 4569, 6082, 4259, 5564, 974, 5405, 5915, 4954, 2944, 4061, 4655, 6217, 7518, 3605, 8946, 3353, 2110, 9150, 8049, 6598, 6651, 4229, 4117, 4526, 3687, 7662, 5756, 4779, 8018, 3774, 2413, 5510, 7798, 3008, 5334
9236, 9517, 7169, 6763, 4863, 5116, 8596, 5324, 6839, 7606, 7931, 5428, 2909, 5129, 8763, 910, 5010, 4001, 7975, 9177, 7198, 10000, 7669, 4824, 8522, 7098, 2576, 6669, 5053, 7051, 492, 6132, 9987, 522, 3648, 4889, 4418, 2344, 9077, 9698, 3590, 8546, 3634, 776, 7581, 4334, 6218, 7492, 1000, 3140, 6335, 5841, 8874, 8432, 3340, 4442, 3735, 1347, 1411, 5837, 1539, 4680, 1858, 3200, 4338, 6366, 3701, 2383, 4688, 3693, 4241, 7340
9467, 7785, 7923, 4347, 3821, 1936
3, 9861, 9104, 8021, 9300, 85, 7062, 8551, 7973, 7172, 6394, 9532, 9486, 2729, 8749, 9063, 7740, 197, 9907, 4581, 8403, 7864, 6994, 6235, 9461, 5413, 9195, 4544, 7694, 8657, 6503, 8479, 5602, 4748, 9174, 8070, 410, 9616, 6075, 8258, 7621, 465, 9344, 7334, 541, 592, 9903, 7063, 4221, 7520, 731, 8863, 2375, 2926, 7517, 807, 7793, 6093, 1879, 940, 4977, 8279, 1049, 6918, 3153, 3743, 2343, 1505, 4963, 1373, 6266, 4286, 4579, 4964, 4023, 2354, 1993, 4138, 3681, 3437, 2372, 2421, 6947
1768, 8207, 7668, 5232, 8967, 7524, 7908, 5662, 9866, 9631, 8997, 9549, 4058, 335, 3105, 9751, 2631, 4562, 7403, 7551, 6819, 578, 9152, 4417, 2620, 3778, 6371, 5542, 9154, 5244, 8817, 2350, 6159, 3705, 5032, 5818, 2144, 4657, 4078, 4895
4087, 8886, 5952, 5045, 9189, 6542, 5346, 3861, 9606, 5919, 8086, 930, 7655, 2963, 8227, 7645
5720, 6574, 9843, 1737, 9398, 6201, 51, 9785, 3870, 9139, 7732, 9488, 6997, 133, 7562, 8983, 3594, 576, 9920, 8783, 4960, 7472, 8446, 7329, 3894, 9466, 3817, 1929, 8181, 7212, 9101, 247, 8331, 6181, 276, 6025, 6649, 5453, 5279, 4639, 9721, 3543, 7949, 8489, 1524, 5429, 3055, 4809, 2784, 2382, 5001, 3442, 3610, 2702, 2914, 859, 8548, 5649, 5462, 3572, 3932, 2690, 5118, 7222, 3556, 5498, 1441, 7103, 6742, 1401, 5119, 2223, 5776, 8132, 3184, 1630, 4973, 4904, 5393, 6202, 4580, 3360, 4558, 3239, 4424
7205, 8062, 3111, 8406, 6949, 9745, 2395, 1883, 6233, 7532, 1736, 9326, 9638, 147, 7177, 8209, 8628, 9963, 161, 9522, 3165, 6557, 9801, 7278, 4633, 7714, 4925, 7972, 3953, 9898, 1202, 366, 3071, 4450, 5485, 408, 3506, 9272, 5235, 7066, 1652, 5603, 2910, 8893, 7699, 5039, 7171, 6740, 4641, 7531, 600, 8170, 8011, 6176, 4492, 8464, 4632, 4611, 4806, 2369, 3936, 1144, 4743, 6771, 4114, 870, 7149, 5316, 4706, 4219, 4767, 5540, 7246, 4698, 2851, 2843, 1557, 6495, 3645, 1650, 2284, 7168, 2184, 6043, 1715, 5632, 3584, 2533, 1947, 1989, 2217, 2894, 2174, 2189, 2313, 3248, 5782, 3616
7361, 9667, 9458, 9940, 8758, 3479, 6712, 160, 329, 9756, 7094, 5477, 6654, 8050, 361, 3194, 9008, 3913, 6983, 425, 8180, 1782, 9833, 5990, 5306, 5296, 7675, 6890, 7452, 4038, 5633, 5123, 3144, 774, 5501, 8472, 7568, 9049, 4206, 1412, 5055, 1519, 8350, 8469, 5965, 6144
8341, 9569, 6820, 1101, 7081, 3595, 7293, 6462, 8449, 8396, 9822, 2837, 7086, 1588, 3015, 4134, 9558, 7420, 9964, 8136, 8784, 5292, 6514, 4396, 995, 4603, 283, 3553, 9978, 3630, 8512, 4785, 7650, 6684, 4448, 9003, 459, 9173, 7247, 7827, 2306, 2431, 9857, 2962, 1013, 7203, 3768, 1711, 5523, 1698, 8056, 3765, 5412, 668, 8646, 733, 9444, 7234, 9371, 7446, 2281, 4177, 1206, 1228, 2735, 1369, 8601, 4649, 8911, 4781, 4247, 2249, 2347, 2664, 4092, 5576, 3119
9403, 6927, 8256
9501, 5936, 5264, 7266, 8828, 7028, 3902, 8285, 4765, 9869, 378, 181, 7032, 7757, 6348, 1836, 9931, 2982, 3862, 3079, 5476, 8615, 6673, 5263, 7388, 3829, 1219, 8239, 7165, 2818, 4694, 5225, 7220, 3356, 7538, 8677, 1205, 8174, 4169, 5079, 6297, 5008, 2759, 4994
9593, 9996, 9299, 9430, 2397, 9321, 8431, 5481, 3130, 3565, 1512, 8312, 7573, 9812, 8006, 8133, 9349, 7557, 194, 6377, 9485, 9647, 7458, 1304, 1888, 6521, 7093, 241, 9850, 473, 4402, 8315, 8504, 2359, 9267, 362, 386, 1680, 9220, 8808, 6153, 5670, 3151, 844, 3704, 2812, 9520, 7673, 8027, 6464, 1042, 7742, 6253, 4065, 5400, 1869, 1961, 5727, 4928, 3500, 8374, 4666, 9115, 3644, 4425, 3492, 915, 5461, 3214, 9148, 6575, 6314, 4819, 7867, 1434, 5399, 1605, 1466, 3463, 5644, 7704, 5371, 1583, 1611, 1971, 6452, 6152, 1772, 6554, 3887, 4755, 3249, 8126, 5145, 2409, 4297, 2804, 2927, 6137, 4661, 5407
9599, 6988, 66, 7860, 3695, 9818, 9648, 8246, 6074, 7272, 4435, 7376, 5134, 7724, 6849, 6267, 7835, 6011, 7241, 1570, 3550, 2081, 2567, 1807, 5690, 3080
4, 5956, 9448, 9944, 8611, 8465, 8995, 6613, 63, 8314, 9110, 9807, 7083, 3478, 7287, 5434, 2573, 418, 8864, 5233, 4212, 5054, 3465, 827, 6069, 6843, 3629, 342, 3626, 380, 8392, 4495, 8652, 9205, 2128, 5109, 865, 3078, 2723, 8561, 659, 5518, 4983, 6088, 6339, 8497, 7423, 3874, 6008, 7753, 7845, 2320, 5047, 749, 4122, 9386, 4034, 5577, 6327, 4643, 2219, 7125, 1907, 1445, 6156, 1770, 4006, 2574, 3758, 6505
771, 3951, 9138, 9670, 7992, 4891, 8556, 9536, 114, 9387, 6878, 377, 6122, 8779, 6058, 219, 7069, 9800, 1921, 1892, 278, 7590, 7761, 5753, 8055, 8421, 9256, 7354, 9797, 6828, 9741, 7613, 8294, 4314, 3068, 9288, 5357, 5502, 3859, 3697, 582, 1646, 3796, 5948, 5878, 3602, 6089, 7457, 7849, 6757, 2408, 1296, 926, 5071, 6039, 6885, 985, 3316, 4370, 6852, 3375, 1074, 4689, 2016, 7615, 4183, 8698, 4711, 3457, 1223, 4176, 2508, 1332, 2607, 3878, 1443, 4684, 8798, 7693, 1538, 5380, 7308, 6319, 6470, 8658, 5615, 5845, 7709, 7105, 2839, 3873
5016
7537, 9813, 7708, 8135, 2831, 7495, 9468, 9952, 6224, 88, 5445, 8728, 8592, 8146, 9614, 5980, 4438, 1303, 7788, 2113, 3097, 6736, 4546, 9451, 303, 2945, 8761, 6032, 8906, 6004, 400, 6729, 4430, 450, 8197, 3176, 3631, 1446, 7700, 8521, 2916, 8686, 2943, 1116, 3844, 3728, 6776, 6237, 3039, 2157, 4020, 4381, 3406, 3752, 5834
7937, 6492, 9675, 9764, 9494, 4865, 5300, 6969, 8427, 4243, 8005, 5554, 294, 3392, 7136, 1628, 7227, 6087, 7111, 3707, 7121, 5214, 640, 9651, 7806, 1103, 3123, 6429, 4213, 1114, 1172, 6875, 1760, 6124, 3603, 4330
9025, 8513, 9953, 3965, 8467, 8004, 7654, 7102, 8985, 8745, 9086, 2901, 5616, 4130, 8822, 7535, 5750, 5814, 3816, 3723, 5345, 3716, 8144, 4362, 4262, 605, 6338, 7646, 9151, 6166, 4399, 5574, 7713, 4102, 4548, 2777, 4502, 8299, 7297, 2266, 6903, 5787, 4906, 4053, 6536
9423, 2173, 9416, 5398, 6206, 6303, 8045, 7378, 9589, 8105, 2460, 7315, 5020, 3133, 9757, 8073, 9799, 6236, 4126, 7512, 5255, 3158, 7370, 2062, 9568, 3250, 2149, 6406, 3934, 3676
9724, 7932, 9897, 7851, 82, 9045, 7736, 9633, 6940, 9783, 1844, 9627, 2403, 7438, 8623, 5996, 5985, 7380, 4754, 1333, 8151, 8269, 9817, 9286, 2560, 3259, 624, 693, 694, 7341, 9310, 2783, 3460, 1482, 5861, 5391, 2361, 7100, 2500, 5389, 1837, 6425, 4506, 7319, 4667, 5863, 1368, 3307, 4470, 3073, 5074, 1558, 4878, 1713, 1779, 3305, 1868, 3489, 2140, 3352, 8588, 6190, 6618, 6247, 6455
5, 8166, 9320, 8912, 6745, 8407, 6995, 4043, 3568, 5909, 2084, 3341
1943, 9905, 7353, 9862, 9294, 4158, 7799, 2919, 9370, 3010, 4654, 8394, 906, 5052, 2834, 3365, 5247, 1549, 1393, 2522, 7259, 4845, 3509, 3809
2245, 3854, 4166, 7201, 4052, 8192, 9851, 2599, 6055, 1409, 5185, 8675, 1117, 6526, 2308, 6277, 7273, 3347, 2907, 4085, 5423, 2197, 4660, 4561
3805
4432, 64, 9192, 9776, 7733, 9561, 7844, 4335, 8660, 7235, 2402, 8709, 1703, 8161, 3482, 6396, 1392, 7480, 4555, 5000
5474
5482, 5216, 8582, 8165, 3164, 4354, 1822, 9767, 7954, 6300, 8228, 1344, 1975, 6744, 1135, 2761, 6734, 1262, 3387, 1503, 5041, 7161
8585, 5870, 8786, 8529, 3718, 9276, 4197, 3458, 7496, 2448, 9828, 8193, 1382, 7099, 2689, 9053, 5043, 1498, 3219, 8674, 4956, 7515, 7481, 6637, 5211, 5850, 5637, 7080, 6674
8789, 6731, 9126, 8297, 4606, 8107, 3270, 144, 9935, 8100, 3883, 1027, 2639, 8251, 3800, 5643, 7528, 4232, 7681, 1896, 7304, 8145, 7868, 367, 8772, 9559, 390, 9476, 8584, 7594, 8378, 6502, 3050, 9202, 2299, 7605, 4943, 6216, 5194, 7352, 1571, 6532, 1627, 992, 6121, 6822, 7728, 4189, 6126, 3738, 1718, 4106, 3633
9047, 9884, 3823, 9749, 6027, 8267, 7369, 8067, 9731, 7604, 8739, 2637, 6283, 7214, 5971, 6104, 5962, 4081, 8268, 6671, 9703, 7224, 4211, 7614, 4714, 1857, 2384, 3468, 9480, 4233, 7744, 5862, 9200, 2433, 9278, 4056, 4228, 1963, 8927, 6858, 6274, 6737, 1081, 3410, 5250, 4867, 1297, 7953, 5369, 6442, 8040, 4563, 4525, 4933, 8095, 4844, 1990, 6612, 2517, 4931, 6958
6
629
4042, 9284, 289, 4520, 9562, 9735, 8853, 7463, 3777, 2340, 8633, 3961, 3027, 7939, 5899, 9557, 1877, 9602, 6507, 6679, 4008, 9157, 6987, 5883, 8199, 727, 4280, 5831, 4851, 4445, 3002, 1493, 2000, 4389, 2484, 6118, 5029
6097
6204, 6865, 2961, 8635, 7611, 107, 7327, 9010, 839, 9988, 7439, 153, 6571, 9070, 8890, 6209, 8310, 1400, 9129, 8284, 3343, 310, 9493, 4027, 4415, 406, 4265, 1988, 3836, 6683, 3526, 3490, 4057, 3618, 7558, 3669, 7444, 5411, 1061, 1658, 1269, 5901, 6529, 2713, 3413, 2156, 3024, 2708, 2775, 2858, 3999
6510, 7719, 3866, 6662, 7952, 9720, 3573, 8534, 1274, 8089, 421, 6610, 3020, 1866, 4647, 7871, 9684, 9503, 6785, 8059, 8134, 8754, 9017, 7470, 9312, 7809, 7455, 5314, 305, 9499, 9870, 4607, 9122, 7807, 8077, 5178, 2428, 5897, 7542, 9040, 9279, 1726, 4882, 4236, 3107, 6928, 5254, 9504, 3183, 6964, 7122, 8357, 9904, 2884, 8744, 4488, 1966, 4101, 7924, 8127, 3620, 2268, 9575, 7054, 2685, 705, 4167, 2083, 8494, 3238, 3363, 842, 9537, 7497, 884, 7095, 5630, 6063, 8965, 5906, 1285, 6116, 8616, 4462, 7672, 8715, 1289, 6416, 3508, 6735, 3600, 7092, 7152, 2103, 3522, 1801, 2514, 6250, 1930, 2048, 2125, 2210, 3075, 3741
6516, 8617, 8454, 6566, 8845, 8820, 9472, 5475, 9427, 8178, 5076, 8287, 5172, 1587, 9093, 7493, 7593, 8503, 4557, 5339, 3126, 1288, 8575, 4141, 3982, 1119, 7298, 8870, 4540, 1815, 5375, 4940, 5266, 3369
7368, 4651, 5511, 8931, 6172, 9036, 9605, 8458, 2208, 4111, 8120, 4342, 402, 4178, 7624, 2492, 5291, 658, 9816, 2565, 4282, 2485, 5065, 6436, 4833, 1634, 1371, 3791, 1852, 4271, 4398, 4284
8488, 3938, 9853, 8083, 5323, 7587, 3089, 1532, 4831, 2342, 1934, 5761, 1759, 8264, 5601, 888, 8699, 3679, 8667, 2497, 2846
9199, 3912, 6641, 8959, 6280, 106, 9258, 1044, 9878, 285, 7391, 3511, 9640, 7936, 7467, 8066, 5325, 5931, 7431, 9806, 8000, 5771, 8022, 5126, 8626, 595, 4736, 6049, 6068, 7202, 3923, 6052, 2449, 4300, 2766, 1531, 1568, 2873, 6138, 4344, 4360
9867, 892, 7706, 4626, 8518, 8034, 3427, 6733, 8703, 619, 8057
9874, 9254, 9285, 9069, 7691, 9985, 9051, 996, 9540, 3518, 8063, 9162, 4951, 1521, 5865, 7350, 7878, 8919, 3302, 6774, 5354, 7265, 1473, 5557, 3833, 7347, 2006, 6195, 3513, 5967, 7522, 2930, 1229, 6650, 4782, 8317, 7516, 2985, 6426
9939, 5617, 8966, 8398, 3070, 9775, 7509, 260, 9678, 9846, 8852, 9570, 9991, 9578, 7393, 4740, 6702, 6180, 8573, 8902, 7987, 9042, 5595, 143, 6544, 9516, 9407, 5106, 8753, 8200, 7049, 9075, 7441, 2167, 3586, 7534, 4856, 6895, 7186, 3120, 5288, 3708, 6114, 6603, 5348, 8782, 8429, 8695, 3918, 2019, 4935, 6945, 441, 8486, 7082, 1208, 6437, 3090, 7869, 8711, 3251, 9412, 7513, 6302, 8481, 7995, 6953, 3310, 8292, 8569, 7749, 2932, 5222, 8390, 8048, 6629, 7118, 3803, 3574, 1129, 8051, 6970, 5377, 8655, 9357, 5522, 5276, 6170, 9567, 8229, 8322, 1496, 5270, 6018, 2027, 2810, 2043, 7720, 3919, 3487, 3114, 1064, 3749, 1365, 9447, 4250, 1293, 4672, 6914, 6513, 4966, 4927, 6099, 5486, 9831, 1455, 9439, 6711, 6823, 3076, 7634, 1720, 5344, 2809, 4553, 6491, 2785, 2214, 6504, 3181, 2583, 4294, 5548, 5422, 4217
7, 8371, 9872, 9890, 3516, 9215, 9087, 5550, 6128, 3034, 8751, 9429, 5286, 6488, 7507, 9264, 424, 5622, 489, 6810, 604, 2199, 677, 7252, 2322, 6428, 7146, 901, 6552, 8270, 8708, 3483, 7245, 3025, 2615, 2977
4456, 3345, 8687, 60, 2912, 7544, 8647, 811, 2949, 5606, 9089, 9249, 4168, 7727, 1667, 146, 5383, 9707, 8926, 6838, 2774, 8346, 8411, 9324, 6415, 9604, 252, 8473, 9261, 266, 6648, 4377, 8338, 5799, 4498, 3727, 326, 5780, 9127, 9277, 1851, 4055, 6482, 7599, 5650, 9190, 9515, 6284, 9379, 3767, 9424, 1972, 7767, 1507, 950, 951, 9957, 8796, 1253, 6059, 8899, 5866, 7469, 8590, 9849, 1522, 1040, 5648, 2356, 7942, 8079, 690, 6632, 9454, 4591, 5426, 873, 3581, 4682, 923, 8781, 4915, 1039, 2741, 6345, 6293, 1132, 1478, 6688, 4888, 1618, 6806, 2012, 1463, 2181, 2835, 1543, 6636, 2316, 5201, 5312, 3205, 2535, 2826, 5058, 3288, 4159, 6246
6306, 6541, 9124, 67, 9765, 6397, 8114, 9081, 9694, 3981, 8230, 6427, 2747, 4472, 5353, 6622, 6801, 4237, 621, 5366, 4220, 4547, 3960, 1765, 5394, 7230, 4375, 6369, 6666, 3632, 6200, 4457, 1444, 4352, 6991, 4151, 2668, 2905
7442, 3498, 2611, 8682, 2366, 2162
8302, 2099, 7549, 9163, 2044
8681, 4849, 3213, 8704, 6252, 8137
8718, 5207
9481, 832, 8921, 8960, 9924, 8318, 5186, 1056, 5425, 8613, 8198, 9105, 123, 6468, 7944, 8993, 8639, 7140, 2528, 8905, 4727, 6079, 8578, 3454, 8281, 9012, 537, 7260, 9668, 210, 9928, 635, 4871, 6984, 446, 8506, 6672, 6715, 4703, 3927, 5198, 8434, 5487, 710, 9634, 2498, 8092, 2180, 1146, 5024, 8961, 8035, 7208, 9396, 2717, 7774, 7187, 4838, 7506, 7478, 7064, 4524, 1533, 1395, 5342, 6973, 3559, 5085, 1707, 2862, 4586, 3029, 4719, 4405, 2887, 2407, 2568, 5543, 3420
9590, 8895, 190, 8732, 855, 6978, 8154, 7427, 1743, 4834
9896, 6538, 7367, 4825, 9554, 4164, 201, 7194, 2031, 7418, 989, 9482, 9976, 8654, 8914, 7482, 5621, 7734, 8389, 2387, 6661, 660, 3667, 2617, 7511, 5819, 2107, 4921, 6033, 5248, 6085, 6046, 4543
9906, 5671, 1992, 5155, 9376, 2493, 4677, 4433, 6453, 5011, 2339, 3209
8
5322, 3446, 4671, 4096, 7179, 1169, 5157, 9951, 5825, 8740, 2762, 9733, 3054, 6110, 8936, 4095, 4009, 8093, 3276, 1803, 5849, 5473, 8099, 6368, 6094, 6908, 9755, 9037, 7885, 8219, 4758, 1031, 3924, 7188, 6177, 4269, 8316, 7219, 8837, 5707, 4373, 4982, 5158, 7213, 7717, 5854, 7221, 1041, 8989, 4019, 6391, 1632, 372, 8368, 9145, 9747, 375, 9919, 3674, 3235, 6060, 2135, 2954, 3826, 5610, 9133, 7916, 7072, 1105, 5809, 9524, 8602, 5287, 4794, 1818, 7114, 9574, 2196, 5538, 7666, 8176, 7372, 787, 6193, 1075, 9695, 744, 8194, 7151, 7301, 9586, 8177, 1431, 6379, 5741, 5893, 5120, 941, 9674, 4436, 5336, 5887, 1060, 8869, 1084, 8163, 1097, 3412, 4147, 8705, 1552, 3216, 4014, 9974, 1904, 6092, 4594, 4612, 5763, 7271, 2790, 3684, 2439, 7633, 3540, 4864, 3422, 2207, 3212, 2246, 8735, 3198, 2327, 3795, 3700, 2756, 7036, 2895, 4077
6830, 6694, 9852, 8974, 7307, 1256, 6789, 3824, 528, 5430, 9346, 8949, 4406, 5828, 9443, 5857, 8015, 6657, 1567, 8182, 7991, 3964, 3622, 5638
8002, 8968, 9584, 8255, 3349, 9372, 8452, 7926, 7671, 7837, 8415, 8768, 9176, 7016, 8171, 8029, 9203, 4836, 9845, 1853, 6909, 1180, 7450, 7218, 1941, 4622, 8785, 6422, 9772, 8413, 6076, 6372, 3647, 6551, 2899, 5672, 5549, 2749, 2622, 2600, 4374, 4145, 5705, 9693, 1218, 5730, 3062, 3865, 6261, 3416, 5108, 3984, 4869
9207, 9925, 9792, 6646, 2848, 9210, 8487, 5164, 9405, 2287, 2286, 6560, 1232, 2464, 7915, 7971, 4068, 4875, 8336, 6517, 4030, 1867, 7306, 5495, 4017
9230, 9061, 538, 8409, 8648, 9414, 1394, 1370, 7314, 9885, 7087, 2520, 4840, 1754, 5822, 4709, 9179, 5807, 3397, 2947
9506, 5015, 8425, 8231, 6286, 9302, 7933, 4218, 6619, 7919, 9636, 9564, 7323, 8335, 7184, 7097, 7318, 4549, 3921, 3125, 2400, 3810, 6714, 4238, 9962, 9001, 6722, 6359, 2991, 2212, 7690, 9182, 2628, 6111, 4652, 8493, 6777, 4816, 9748, 5516, 730, 3858, 909, 1973, 4152, 4410, 6879, 6568, 7959, 9103, 3177, 5252, 4797, 5356, 6596, 3074, 3193, 5105, 4484, 3185
9652, 4216, 5723, 6228, 3722, 8878, 8608, 8257, 8365, 7501, 2085, 8054, 9786, 9130, 3396, 5221, 5684, 6154, 475, 5330, 6892, 9777, 714, 8713, 2233, 6577, 5826, 2751, 4049, 4985, 6307, 3244, 1152, 1283, 1937, 4609, 5078, 5896, 1616, 6746, 4939, 1769, 4987
9, 9585, 9692, 6647, 7464, 6012, 4941, 4870, 6781, 7527, 6375, 3225, 8956, 7847, 8752, 343, 8630, 4537, 6519, 7239, 9291, 6527, 583, 5251, 8829, 3606, 2902, 9542, 7502, 6749, 6221, 6245, 7820, 3449, 6698, 4673, 2282, 4181
423, 7811, 7752, 7200, 2596, 140, 157, 9980, 5451, 7215, 2592, 9484, 8476, 3494, 9360, 3940, 8712, 5049, 3102, 6972, 8939, 1273, 7342, 2151, 3944
2355, 9209, 4701, 9992, 986, 5547, 1504, 8500, 3769, 7961, 2739
2378, 9566, 2650, 3797, 9337, 6934, 7561, 822, 7541, 7112, 3087, 5698
2591, 1749, 6109, 3997, 9708, 7003, 6584, 4244, 5871
2750
9305, 9649, 961, 4894, 6861, 7256, 7582, 7296, 101, 6285, 7389, 9737, 8221, 8202, 6921, 8502, 1752, 8329, 9915, 7610, 5904, 469, 8499, 1536, 2312, 618, 7596, 6474, 4705, 5786, 975, 1025, 3115, 4718, 7766, 1864, 8014, 5611, 5083, 1389, 6518, 6313, 5903, 3756, 3091
9997, 1248, 7629, 9697, 9911, 6829, 7462, 6098, 2526, 6374, 7037, 5718, 5418, 5970, 9252, 9397, 7998, 4762, 6136, 886, 4726, 3474, 7312, 8384, 7126, 7085, 9769, 8719, 6148, 9224, 1833, 2641, 1107, 8517, 7096, 6194, 1545, 9035, 8854, 5813, 6356, 5051, 4302, 3222, 5125, 7386, 779, 4753, 8581, 5653, 7925, 3986, 3019, 9364, 4223, 4687, 1335, 1788, 1470, 3895, 2824, 2022, 5820, 6721, 5703, 3428, 2127, 2794, 2863, 2680, 5694, 2881, 4016, 2911
10, 8046, 739, 8074, 5635, 2971, 9856, 6037, 7577, 9270, 5140, 4309, 240, 1188, 3806, 9607, 2271, 448, 4538, 9317, 6589, 3254, 2582, 4995, 7984, 9218, 5326, 8283, 1002, 7207, 1282, 6549, 3662, 3804, 3047, 4441, 8122, 5587, 2146, 2734, 2351, 5556, 4576
536, 8879, 8121, 4188, 7822, 5382, 6713, 4793, 9762, 762, 6009, 1235, 5338, 4129, 6275, 3759, 4518
2913, 9658, 9617, 2817, 8496, 5358, 5435, 4751, 6255, 4032, 7300, 5479, 8065, 7731, 3414, 9989, 7631, 1375, 4214, 9942, 264, 9932, 674, 7821, 3245, 9095, 608, 6980, 9362, 9216, 8444, 8775, 1913, 7663, 560, 3113, 3510, 1647, 9222, 1475, 745, 7476, 5470, 780, 5986, 4572, 4883, 1349, 5535, 4737, 1028, 6907, 6331, 7659, 2050, 6904, 4187, 4409, 5898, 6855, 6747, 7729
3682, 4881, 4336, 9637, 4968, 3391, 4575, 5170, 4918, 5018, 2523, 7055, 9146, 7698, 9796, 8362, 4086, 6847, 6325, 7758, 6772, 7356, 9975, 7840, 924, 7896, 685, 1979, 8629, 5762, 5916, 1562, 2137, 1019, 2473, 2658, 6139, 1823, 5921, 7435, 2941, 8379, 3136
3719, 6388, 5699, 9478, 9303, 8996, 6119, 7174, 506, 3660, 3867, 4683, 9456, 7595, 792, 3582, 2745, 1290, 8659, 5174, 2017, 5529
7021, 2072, 8030, 5373, 1682, 8460, 4459, 3579, 9933, 7946, 5796, 8814, 3739, 7833, 6000, 2458, 3083, 8175, 4644, 5437, 7545, 1494
7363, 9761, 9705, 9841, 8131, 2707, 7084, 6241, 4959, 2880, 3138, 291, 9619, 2585, 1098, 438, 3100, 4199, 5196, 8485, 616, 8598, 584, 9714, 5517, 667, 4827, 6035, 7101, 2815, 4112, 3012, 5609, 3733, 4829, 6450, 7917, 8693, 4517, 3390, 1052, 6726, 1089, 5463, 1287, 5086, 1306, 7504, 1812, 5852, 5759, 8938, 4407, 2720, 2983
7898, 9865, 8308, 8855, 8609, 7893, 8369, 3869, 4390, 6833, 9043, 9401, 8564, 6705, 6627, 695, 5827, 6497, 9155, 2466, 953, 6471, 9937, 2270, 3242, 7311, 3286, 2013, 3207, 2827, 3757
9419, 6585, 8081, 6689, 8201, 3754, 515, 3956, 4133, 5152
11
3046
4267
7185, 9611, 8453, 7142, 5657, 2429
7485, 6937, 5224, 4713, 4634, 8634, 7963, 2866, 6956, 186, 8025, 9868, 225, 9441, 228, 2333, 7144, 6754, 1860, 2888, 6760, 5808, 8618, 6960, 4246, 3182, 6631, 9094, 5073, 991, 3486, 6633, 6304, 5033, 3335, 3077, 3910, 4879
7697, 9529, 7763, 9834, 6842, 8306, 3129, 6259, 8017, 8756, 9910, 4264, 8672, 6680, 9527, 4203, 6802, 6759, 6005, 7077, 7648, 8474, 3585, 3770, 7711, 3260, 6458, 3525, 6311, 2603, 6765, 571, 8032, 1402, 6169, 5626, 7903, 5823, 3535, 8125, 4069, 7692, 9435, 7366, 7726, 7415, 7020, 8532, 935, 6376, 990, 3959, 1978, 4100, 9921, 5304, 1276, 3041, 2903, 4037, 1641, 2200, 3174, 3354, 3044, 2261, 8461
8330, 9680, 6882, 4311, 9474, 8205, 5984, 7905, 215, 4291, 7039, 9848, 3493, 535, 7789, 6392, 7920, 5700, 6414, 5269, 9413, 698, 3434, 7782, 6322, 7825, 2849, 1020, 5987, 6019, 9072, 7447, 8115, 7195, 4372, 5267, 3309
8791, 7955, 29, 9746, 9304, 5798, 8090, 7006, 1645, 8327, 1671, 3657, 9563, 6975, 4693, 1540, 1834, 7884, 7164, 7337, 5281
638
755, 8662, 4035, 9677, 7861, 627, 9006, 8918, 1424, 513, 8844, 9445, 8943, 7858, 6465, 5200, 8383, 6155, 4290, 6160, 8393, 1593, 2138, 7491, 3281, 3311
2154, 1704, 5381, 1324, 470, 6699, 1651, 7576, 9926, 9137, 8103, 302, 4854, 6061, 9231, 360, 9882, 7688, 7555, 7696, 9984, 7930, 9085, 8340, 4773, 2272, 3713, 7677, 7718, 5378, 7902, 3558, 7124, 8550, 1095, 4846, 999, 1388, 5840, 8922, 5597, 785, 7872, 4771, 7800, 1106, 7022, 1167, 1550, 6626, 3855, 7424, 6260, 8557, 5239, 3162, 1734, 6340, 4208, 5483, 3890, 5215, 4391
5386, 945, 4427, 8247, 9420, 1450, 9491, 7405, 8553, 6188, 3744, 8872, 9339, 2058, 3061, 7805, 9728, 509, 7269, 3533, 5983, 3122, 6961, 4776, 882, 3537, 2424, 1173, 3031, 1309, 5559, 4446, 5367, 3473, 2625
6344, 9197, 3228, 9265, 5832, 2020, 9079, 4316, 6863
6466, 8877, 47, 7940, 9556, 9656, 8824, 5860, 237, 7519, 3036, 4514, 8147, 5864, 6751, 5581, 8984, 9509, 2958, 4048, 1596, 4421
7437, 9891, 6565, 8769, 978, 8696, 1465, 5920, 4263, 7876, 630, 6922, 1260, 1186, 933, 2598
7945, 9082, 4185, 6784, 9583, 7345, 8793, 904, 2118, 8274, 9440, 6941, 216, 7715, 8068, 358, 8641, 5560, 9809, 5661, 5999, 2896, 9759, 6899, 7921, 8033, 1015, 4307, 1354, 6419, 4003, 3243, 4339, 7113, 4136
13, 2555, 6014, 7686, 8653, 7647, 8307, 8856, 4135, 5131, 3659, 9391, 4898, 1761, 3790, 9918, 8679, 5374, 9814, 8150, 300, 328, 6006, 6640, 5613, 6767, 422, 8023, 8012, 3049, 934, 7127, 9601, 8235, 3655, 7563, 6343, 2806, 6460, 9381, 1280, 2503, 5973, 2682, 7365, 1808, 5392, 2656, 2277, 7040
6131
6481, 2483, 8243, 4094, 4590, 6905, 265, 9251, 9929, 9489, 7832, 5069, 1890, 7048, 8567, 7739, 3393, 4962, 1880, 1908, 3472
7070, 8437, 9547, 53, 545, 9837, 2921, 485, 6086, 7901, 8195, 8071, 8928, 8232, 8276, 5448, 6659, 5572, 6382, 439, 464, 9665, 5184, 7305, 3189, 2120, 4919, 4877, 5303, 8570, 3237, 8538, 3941, 5305, 1155, 5191, 2325, 6933, 5387, 4273, 2231, 3368, 6386
7160, 46, 9022, 9552, 8619, 9306, 9156, 5708, 5432, 3868, 849, 2132, 6028, 2504, 5691, 9982, 5183, 5660, 4731, 2060, 6443, 5092, 631, 9213, 8272, 7638, 984, 6797, 8397, 3954, 7525, 7643, 6617, 4281, 7747, 1249, 2776, 3423, 3592, 1995, 3380, 2304, 2109, 2171
7783, 5245, 5935, 2742, 4349, 9726, 8348, 9341, 5958, 6860, 263, 9743, 327, 6537, 333, 4533, 8702, 796, 3837, 1201, 2169, 1261, 3698, 9710, 9229, 903, 907, 8589, 1004, 7135, 3106, 6485, 4044, 4724, 2652, 5130, 2059, 2274, 4759
8843, 8624, 2068, 8848, 7679, 128, 9938, 8762, 4999, 1810, 3159, 5874, 6456, 6024, 7047, 6877, 5900, 1676, 6291, 3394
8882, 8244, 2524, 9894, 4841, 9091, 9725, 7033, 5160, 296, 7451, 412, 1614, 8898, 8088, 5890, 5877, 8289, 2700, 6279, 2416, 2394, 6182, 8929, 4638, 840, 4454, 4180, 5946, 4588, 8443, 3886, 4469, 5028, 2042, 2638, 8280, 7377, 5778, 3445
14
2235
2633
5788, 6664, 9892, 6258, 5490, 5760, 2588, 7030, 8945, 5139, 1673
5939, 3294
7426, 9170, 7044, 43, 5582, 9927, 8128, 6431, 8007, 4440, 5283, 7251, 4900, 9895, 8519, 1069, 5179, 8806, 8587, 9046, 7958, 9596, 435, 7046, 2177, 2501, 7132, 6440, 9632, 3580, 5758, 777, 3523, 6278, 4072, 988, 5363, 5257, 5583, 3787, 2368, 6184, 4064, 4245, 4485, 6020, 5205, 6385, 7379, 4887
7775, 9248, 7243, 3685, 8505, 2191, 3916, 5147, 9135, 6475, 2206, 261, 9770, 4957, 7566, 8061, 9292, 4312, 8106, 548, 1294, 6572, 9382, 7559, 6420, 4880, 6703, 1009, 7280, 4804, 5230, 7170, 3807, 6974, 4783, 4170, 5701, 3547
15
2192
4780, 6597, 8832, 6367, 5767, 8069, 9470, 7684, 9000, 4527, 6103, 5955, 5880, 7178, 6897, 7886, 9981, 268, 2300, 9512, 8277, 2430, 9088, 3715, 5237, 3881, 488, 6222, 805, 5812, 6191, 4175, 7980, 2788, 894, 5404, 5022, 3149, 7687, 6837, 7947, 7639, 3112, 3411, 3896, 3761
6826, 26, 9366, 6911, 32, 9132, 9753, 6522, 6645, 4813, 8117, 9211, 6164, 6143, 9820, 9644, 1686, 1403, 1939, 312, 8343, 8952, 8724, 6142, 7412, 5833, 7772, 6816, 6129, 7068, 2968, 4486, 7950, 6352, 4483, 6814, 8226, 4195, 1267, 5979, 1363, 5217, 5352, 1905, 6691, 2252, 1819
7440, 4665, 25, 70, 8031, 8958, 533, 1576, 9955, 2080, 8891, 4577, 7602, 9483, 7828, 3658, 449, 518, 7533, 9064, 5154, 8770, 2461, 4675, 3621, 2399, 7460, 7192, 4025, 8597, 1246, 4379, 5403, 4936, 4811, 2326, 2357, 5161, 3419
7814, 7584, 20, 9535, 9879, 6599, 2891, 9459, 9887, 8042, 7852, 8604, 8191, 6602, 9780, 1881, 5884, 7284, 6034, 8152, 9469, 9949, 5142, 6461, 2552, 9023, 1887, 172, 9331, 2530, 8697, 9876, 7771, 555, 229, 7474, 4685, 4991, 5332, 6692, 6762, 309, 5666, 9790, 7065, 4045, 8333, 6943, 5438, 6741, 1843, 429, 8871, 2538, 5779, 9660, 4952, 3280, 5456, 6123, 7079, 7167, 8301, 2763, 6894, 1968, 5889, 9100, 5026, 4319, 5258, 7153, 7986, 1435, 5949, 3920, 4461, 8139, 8404, 4018, 8456, 1175, 8320, 4062, 8841, 5236, 7461, 8094, 8234, 1398, 1404, 5038, 6678, 2594, 5396, 7206, 5309, 2209, 5578, 3148, 2491, 5095, 2725, 2946, 4847
7997, 48, 8800, 9844, 9208, 8356, 5645, 174, 8405, 5663, 2283, 5337, 7324, 3962, 5067, 9514, 2195, 6021, 8080, 2984, 1901, 2353, 2041, 8353, 1793, 3014
8748, 9116, 9914, 5764, 8804, 6430, 6695, 5829, 7877, 9392, 8019, 5804, 8684, 6531, 566, 2495, 3282, 5091, 7583, 6084, 3327, 8305, 1926, 8344, 2401, 4463, 6107, 4497, 2023, 3818, 3067, 2746, 4146, 2086, 6936, 4704
16
1035, 2965, 7982, 7626, 59, 6439, 9979, 5943, 7210, 9591, 9943, 7027, 4923, 7002, 9377, 8671, 5591, 231, 9521, 3623, 7850, 5355, 8241, 8600, 8447, 6496, 5117, 8554, 5099, 7316, 9183, 6167, 7250, 5040, 9342, 401, 9773, 4397, 4047, 4482, 554, 8507, 8868, 4428, 8700, 8544, 8861, 6534, 2987, 722, 5137, 8009, 8164, 2436, 4531, 7598, 5770, 2900, 6070, 2665, 4371, 4361, 6493, 9332, 5824, 4222, 1124, 5202, 8169, 4504, 1178, 4695, 4327, 1268, 2321, 8986, 1980, 3828, 8736, 2876, 5060, 8013, 1633, 5590, 2329, 4850, 5654, 2063, 5553, 6022, 3357
3289
4679
7571, 6951, 8266, 1621, 1415, 6545, 891, 211, 8560, 9986, 8934, 6273, 9808, 9613, 2722, 3689, 6408, 399, 2365, 7465, 5737, 7346, 7395, 7120, 8039, 5302, 5605, 9084, 9452, 880, 3531, 3308, 968, 1374, 3192, 1090, 7406, 7570, 7600, 7291, 3696, 4059, 6677, 6804, 1830, 3971, 6844, 3131, 4645, 4587, 2519, 5271
9744, 8442, 3409, 7661
9804, 5440, 5507, 6512, 9510, 8424, 2509, 4532, 7459, 3978, 5416, 7310, 2328, 652, 6923, 8224, 6758, 5937, 4364, 3429, 6432, 3656
9883, 6081, 8159, 5469, 8819, 8716, 7025, 6815, 206, 7589, 3086, 9269, 4182, 8887, 1758, 9050, 9228, 8743, 3692, 8254, 8809, 1827, 7968, 7141, 532, 8816, 9140, 2152, 6782, 7286, 3208, 2215, 1520, 5209, 6234, 3717, 4699, 7759, 4658
17, 8826, 9795, 9661, 4015, 8807, 3169, 7750, 540, 416, 3668, 2772, 2539, 646, 4642, 6794, 3275, 7276
1624, 1047, 1792, 164, 7892, 115, 2960, 8621, 8559, 5066, 9600, 5468, 208, 2791, 7922, 8102, 5588, 9948, 8141, 8591, 5811, 9718, 8742, 2931, 505, 6454, 5646, 606, 8666, 2782, 5282, 7652, 2474, 8801, 2056, 5166, 4601, 2674, 9781, 3730, 3021, 3161, 1210, 1437, 7552, 3444, 2786
4010
8545, 8925, 9021, 8685, 1062, 2477, 2643
9864, 28, 9030, 9180, 7471, 6301, 5856, 8683, 5802, 5238, 2832, 7843, 7359, 6413, 5739, 9032, 5149, 7134, 5419, 644, 6582, 8858, 4774, 773, 7466, 4186, 6133, 3265, 2082, 6016, 5420
18
1999
5599, 4725, 9015, 8614, 2008, 5096, 3725, 6183, 7712, 4268, 9615, 214, 9691, 251, 4602, 8897, 5321, 6296, 8462, 4458, 3779, 7402, 5206, 3849, 3017, 9999, 5188, 1133, 7546, 4276, 9340, 615, 525, 7123, 3093, 2242, 7162, 3970, 4545, 8915, 2302, 8676, 8777, 6986, 4110, 8439, 908, 4757, 4184, 952, 6318, 8612, 982, 9625, 3321, 9513, 7279, 7881, 5573, 2709, 5319, 6857, 4235, 3607, 1631, 2230, 5397, 3958
7180, 6609, 6002, 9551, 9881, 8328, 7330, 4227, 8420, 8295, 6750, 5821, 5019, 6600, 5754, 1727, 6334, 8109, 7288, 5805, 3253
9257, 9492, 7445, 5726, 9073, 41, 9290, 4295, 2525, 2754, 6955, 6634, 9260, 9275, 5794, 6508, 8729, 7385, 8846, 323, 5114, 9859, 1998, 9385, 7703, 526, 6792, 597, 4460, 2610, 8242, 2259, 3898, 1529, 1029, 2869, 7373, 6957, 2604, 4143, 6893, 5050, 7019, 2859, 5075, 4076
9289, 8543, 4812, 8475, 9281, 7017, 4266, 7957, 2871, 1247, 2053, 7052
9711, 7275, 6316, 6977, 7781, 6743, 8730, 3843
19
118, 8296, 9373, 7815, 516, 2814, 9654, 751, 6700, 4367, 1212
737
1242
2222
3988, 7578, 8865, 5659, 8963, 5223, 8113, 5678, 7683, 4298
4132, 8977, 5855, 4552, 8813, 5294
7468, 7976, 9020, 5734, 7325, 7748, 8298, 3617, 4422, 9136, 1497, 6026, 6355, 5384, 829, 397, 3418, 4205, 7529, 8291, 478, 8894, 8759, 7794, 6883, 8563, 5310, 6381, 3315, 9838, 1802, 4659, 6732, 6707, 4479, 4857, 2852
8263, 8158, 9175, 8873, 7569, 9541, 6196, 4215, 7277, 6805, 3507, 7514, 7267, 3614, 8917, 4730, 8780, 9947, 7979, 6604, 4872, 6399, 6913, 7091, 9758, 2648, 5143, 4910, 8576, 5077, 1841, 5669, 4897, 3672, 6346, 6716, 5631, 4142, 4821, 2303, 4174, 2889
8605, 461, 1919, 8978, 1024, 6141, 5156
436, 5969, 5220, 5148, 3333, 6623, 8710, 9528, 5446, 3628, 7349, 6499, 9581, 3552, 3786, 4989, 4723, 1861, 3686
1033
2898, 4501, 8514, 9713, 8058, 2934, 6251, 4744, 9058, 6506, 6178, 4207, 2482, 2166, 1102, 6269, 4301, 7989, 9389, 5173, 890, 2422, 3567, 3440
4420, 5464, 9204, 68, 7338, 9888, 7722, 7818, 2163, 5195, 5171, 8526, 9325, 8790, 9178, 9829, 8888, 517, 7344, 7948, 5433, 9404, 9384, 6272, 8416, 3753, 9738, 5379, 7824, 9065, 6999, 8204, 5192, 713, 7494, 5806, 1637, 5415, 2990, 2651, 1799, 1010, 1026, 7399, 7762, 6448, 8737, 7702, 1292, 7045, 4564, 4874, 5702, 4858, 4074, 4277, 4988
5876
7904, 4210, 9074, 4808, 6579, 6290, 9187, 8642, 9565, 3175, 719, 246, 8143, 9408, 9930, 5872, 282, 2248, 2545, 7360, 6478, 8196, 6207, 9253, 6676, 7996, 6809, 3461, 9106, 9889, 601, 9877, 7015, 612, 5774, 4992, 9706, 2878, 8097, 708, 3231, 735, 8138, 2828, 5546, 3464, 6595, 7873, 4171, 9393, 8670, 2188, 5926, 5733, 7735, 1359, 7129, 6917, 2237, 3297, 6438, 4198, 2057, 3613, 2904, 4139, 3549, 3899, 3366, 6821
7990, 8920, 3424, 7768, 4239, 5444, 4924, 7889, 8220, 6342, 4480, 7938, 8651, 5259, 9778, 7050, 1143, 5284, 7428, 2703, 5835, 1728, 3143, 4530
9029, 9296, 9628, 7139, 8078, 8321, 8948, 8435, 8766, 9679, 9134, 434, 7960, 8213, 7238, 4629, 4920, 6091, 3180, 1668, 7285, 6824, 5697, 7290, 5561, 5558, 1775, 3372, 4911
9181, 5452, 6271, 4554, 6752, 6768, 6398, 1147, 9690, 8387, 9740, 3750, 6358, 6500, 8827, 8981, 9739, 9167, 5335, 5950, 9699, 9972, 3906, 2148, 753, 4248, 5652, 7994, 5735, 6979, 9143, 5619, 7130, 7190, 7076, 645, 7321, 8400, 8084, 5328, 3451, 2897, 8610, 8367, 2986, 5151, 4190, 8142, 4099, 3255, 1329, 1575, 5059, 5427, 6288, 4293, 7053, 5570, 7090, 2981, 5945
21
2755, 34, 9794, 5421, 5084, 7974, 6564, 9734, 2655, 8720, 8954, 2920, 7846, 313, 9700, 4663, 9191, 7770, 3092, 3709, 9107, 4519, 472, 7670, 5598, 4305, 3555, 7841, 3386, 6257, 8451, 5924, 3529, 8091, 4567, 5858
3599
5101, 9533, 7585, 3277, 6151, 6653, 7831, 8691, 5868, 1731, 8747, 4528, 4766, 6701, 1960, 5376, 9033, 643, 5458, 4193, 6187, 5656, 9573, 9639, 7320, 5628, 7381, 2758, 2066, 1705, 4712, 4778, 2362, 5081
8104, 5299, 9835, 546, 7193, 6208, 2451, 6276, 432, 3967, 5256, 5450, 8765, 6817, 5784, 2948, 8399, 4278, 6083, 3760
8401, 7838, 8913, 5785, 9598, 6587, 3987
9526, 9830, 3979, 8976, 6096, 2527, 4534, 3300, 4225, 8599, 7292, 4768, 3291, 969, 8916, 1541, 1066, 1018, 2695, 5997, 6738, 3943, 2276, 6690
9576, 2979, 6299, 9237, 8388, 345, 1708, 4452, 9243, 5692, 7745, 3963, 3456, 8026, 2890, 1100, 6357, 2147, 3911, 6239, 6393, 5212, 6546
22, 4950, 9153, 2335
512, 2211, 7755, 9097, 5030, 6889, 6165, 9847, 3475, 9646, 3663, 4340, 5313, 5677, 3234, 8594, 4761, 7685, 3003, 5536, 5361, 7240, 9736, 5596, 8108, 4288, 6981, 6755, 3544, 4996, 5297, 6373, 4097
3045, 4623, 320, 6015, 8631, 3258, 6535, 2275
3430, 5749, 6467, 6310, 35, 8701, 9402, 8455, 8935, 54, 3845, 5769, 3950, 80, 427, 718, 9966, 2039, 8430, 3496, 6140, 6938, 8124, 5686, 7443, 9824, 7197, 8440, 3436, 5664, 6265, 4749, 7261, 5972, 9592, 8533, 7498, 7387, 3885, 9954, 9842, 7760, 9519, 6064, 5455, 4568, 7339, 9438, 3615, 7725, 5709, 3666, 4510, 7148, 502, 8433, 574, 3351, 7421, 7642, 9712, 9655, 4650, 6642, 963, 3026, 651, 9525, 686, 9066, 764, 7223, 5298, 7910, 791, 5738, 6268, 8982, 4489, 3625, 8309, 8999, 4051, 6601, 1171, 5447, 4942, 4444, 5503, 7410, 7834, 1216, 1258, 4341, 6616, 1322, 5187, 4226, 1379, 8240, 2205, 4320, 2957, 6620, 1653, 2842, 1693, 5568, 6919, 6229, 7664, 3191, 7488, 4091, 3108, 3415
8523, 9263, 5208, 8237, 743, 483, 8627, 6581, 1427, 6042, 7244, 6962, 5025, 2183, 4814, 3101, 2988
8541, 1237, 6667, 7508, 5940, 4690, 2684, 8491, 3318, 1625, 259, 9498, 3137, 3905, 9013, 1620, 6501, 1341, 6330, 2114, 3139, 9994, 6606, 5612, 9418, 5036, 4715, 4619, 4945, 8047, 1428, 3320, 6548, 8678, 2922, 3425, 3274, 6621
8721, 8773, 8875, 4599, 62, 971, 7705, 6446, 77, 8216, 9378, 3016, 5994, 8586, 9912, 5401, 331, 747, 7723, 6580, 272, 6866, 9096, 7935, 1313, 5957, 7375, 4628, 9057, 3081, 4471, 9782, 3179, 1592, 8515, 4635, 2236, 6884, 7328, 9716, 5133, 7572, 6409, 1710, 8349, 5410, 786, 2030, 7059, 5219, 4892, 7400, 2506, 1506, 1036, 4978, 6231, 1721, 1122, 2419, 1252, 3863, 3362, 3232, 2240, 2288, 3196, 2698, 5006
23, 9415, 3515, 6174, 8016, 9225, 671, 9965, 6050, 9426, 5744, 7483, 6186, 6686, 8422, 5775, 391, 7401, 5953, 917, 9941, 2054, 4620, 8549, 6378, 6324, 3272, 732, 4201, 5641, 8860, 1944, 6486, 8706, 4604, 3930, 1581, 4907, 4157, 5793, 6434, 2142, 6709, 3166, 6163
486, 9496, 7398, 2073, 7023, 8555, 5941, 3635, 8834, 9618, 2364, 4474, 8428, 7540, 2002, 1951, 5138
920
2018
2507
8313, 8003, 3637, 3058
9356, 5227, 5104, 6780, 2634
24
458
6655, 8072, 8358, 3030, 9579, 2391, 9383, 9246, 767, 5484, 4098, 7232, 3640, 336, 9595, 4172, 9760, 593, 6793, 5504, 8803, 7678, 5243, 7486, 6693, 4123, 6902, 4395, 7499, 2770
9160, 4113
9463, 9028, 222, 4437, 8351, 9149, 7326, 6197, 5289, 7117, 5492, 7396, 6764, 7829, 5359, 5135
2760
3751, 36, 9696, 9730, 2052, 4859, 4040, 8290, 4455, 7628, 7422, 3218, 1337, 5349, 5261, 2015, 2116
7701, 9219, 9732, 5539, 428, 3983, 2376, 1915, 7061, 2744, 4105
73
6405, 8795, 7993, 9548, 9560, 3085, 5176, 7810, 6192, 6105, 4393, 6212, 5048, 8123
8345, 9108, 4325, 9433, 9959, 8643, 4380, 5836, 3350, 5992, 4275, 389, 5089, 4260, 8478, 707, 3186, 8859, 895, 2389, 2435, 2434, 6264, 3562, 7143, 4165, 5318, 6870, 2955, 1840, 6834, 8509, 2257
9642, 7567, 7863, 8376, 8470, 2108, 9836, 4073, 6841, 3569, 6831, 9421, 8116, 3840, 1750, 2743, 5466, 1956, 3653, 2502
1452
3909
8245
8656, 3973
196, 5056, 9358, 1544, 168, 9645, 1099, 3313, 5274, 7071
1781
2518
9268, 6240, 1476, 1381, 8303, 1719
1912
7640, 9055, 9164, 5417, 250, 7797, 9901, 311, 1954, 3033, 2536, 587, 1046, 7880, 1876, 2973, 4595, 3172, 2393, 6479, 2349
9113, 3907, 9071, 4313, 7163
9709, 9196, 3551, 6010, 8988, 2446, 7862, 4636, 4385, 8909, 9436, 238, 1813, 9347, 9688, 5530, 6851, 1598, 3407, 6395, 6926, 7622, 5563, 6876, 8688, 4476, 8755, 3405, 3381
30, 9774, 78, 6992, 7262, 8746, 3063, 7116, 5513, 9465, 5716, 369, 9664, 403, 5755, 4255, 2580, 7630, 5103, 6593, 9121, 1134, 7870, 3312, 6476, 7145, 4678, 2558
4413, 7351, 8574, 8668, 5580
5057, 9666, 8680, 9227, 9523, 8233, 3389, 1663, 521, 2011, 1034, 5406, 6550, 6859, 6840, 5265, 2542, 4350, 5182, 7357, 2710
8866, 7618, 6220, 5910, 9791, 9041, 6533, 415, 5459, 6305, 6175, 8962, 3358, 2028
31
932
8167, 9754, 4194, 9588, 9425, 1514, 5839, 7503, 5528, 281, 8085, 9450, 5886, 6730, 2659, 866, 5181, 8910, 568, 3167, 6199, 7865, 8625, 1110, 1670, 2172, 1469, 5190, 2158, 5249, 2202, 4257
7857, 4763, 7586, 262, 9779, 5121, 6590, 8076, 8448, 665, 9502, 2671, 800, 4571, 851, 942, 6401, 6248, 1012, 4131, 1448, 4322, 3376
8792, 2315, 6930, 4662, 4922, 9432, 1699, 2626, 3035, 6562, 9369, 6720, 9099, 650, 9479, 1126, 3146, 4820, 6555, 1835, 5343, 3528
33, 9226, 7856, 8694, 8970, 1606, 4491
1113
7236, 6915
7792, 8248, 9002, 8776, 7257, 7548, 5061, 7746, 9900, 351, 7710, 7176, 9768, 4949, 4511, 5144, 539, 4465, 3746, 7918, 5789, 9355, 1608, 1948, 6591, 3173
7911, 8253, 5748, 3293, 7913, 7738, 7226, 4969, 9161
5938
3814
5838
6125, 9641, 5537, 2662, 6524, 191, 9309, 1121, 5093, 6400, 4368, 5717, 8539, 5046, 8060, 2038, 2319
6638, 9434, 6725, 7432, 9273, 6576, 9024, 9686, 7627, 8867, 6418, 2176, 5496, 6323, 2115, 9123, 9319, 9810, 7138, 2847, 9827, 8024, 9880, 7364, 7854, 286, 4648, 8552, 3147, 3190, 5500, 6435, 5521, 2829, 5262, 5801, 7258, 9206, 8041, 6403, 5293, 499, 5634, 3382, 3132, 6790, 6326, 3495, 2562, 4702, 2141, 4735, 5097, 7554, 6583, 4308, 2478, 4351, 6045, 1203, 5848, 7966, 7012, 4597, 9464, 6469, 3160, 2363, 5013, 3542, 9078, 5714, 4866, 5042
9854, 9044, 9120, 8812, 8971, 9508, 7592, 1839, 8190, 298, 1709, 3517, 6472, 4929, 3554, 929, 1300, 3497, 8325, 1732, 6704, 7001, 4784, 7853, 1361, 1513, 8010, 4916, 5514, 3443, 3304
1495, 9873, 8326, 1080, 6225, 8183, 6996, 7790, 5441, 7909, 4861, 7823, 5562, 2070, 9128, 4970, 3872, 4346, 1050, 9788, 5327, 2379, 3998, 3624, 4777, 5647, 3433, 4154
1986, 4958, 5908, 8979, 8645, 8637, 3642, 5683, 9983, 8184, 9543, 7430, 371, 9169, 5988, 4830, 1179, 9687, 6796, 636, 1692, 6189, 5285, 1016, 5693, 3503, 1165, 8593, 6361, 2348, 1889, 7680, 6547, 6449, 5115
4191, 9821, 7907, 7137, 7836, 150, 3649, 9400, 1542, 9875, 7228, 9335, 5180, 5923, 1600, 632, 2405, 6982, 4598, 854, 4359, 2290, 2468, 7816, 7988, 1526, 5933, 3135, 7268, 4116
7131, 2840, 6230, 1847, 4487, 4722, 5027, 9960, 7778, 2856, 6298, 5277, 5624, 2415, 846, 7603, 6573, 2663
8818, 6543, 9995, 6967, 2595, 7601, 8665, 3395, 3904, 4948, 4848, 9922, 8842, 7411, 6891, 9318, 2956, 4505, 125, 7088, 9410, 193, 4559, 8991, 249, 913, 9313, 5846, 1501, 7906, 8355, 750, 7189, 6567, 8391, 7454, 4742, 7407, 6800, 803, 7883, 4310, 2773, 3367, 7409, 3969, 5278, 3056, 3032, 2479
37, 8332, 676, 4980, 5301
209
3908
4789, 9727, 8441, 5640, 4967, 1082, 6530, 6586, 1791, 4416
38
5695
9323, 9117, 7776, 7632, 3546, 6959, 2571, 8160, 7056, 841, 6727
39
2411
7730, 2370, 5589
8794
9311, 5231, 4787, 4975, 9635, 9518, 1271, 3299, 4369, 4796, 5851, 1068, 1977, 5964, 1083, 5982, 7397, 8457, 1299, 4356
40, 4670, 8649, 9119, 7796, 5894, 5800, 463, 7283, 5817, 981, 5308, 9234, 6463, 5112, 8188, 487, 9917, 6073, 3178, 2540, 5442, 5675, 9198, 2879, 6906, 2036, 1115, 3398, 2561, 5009
3241, 4696, 1849, 2289, 1120, 9301, 5569, 2469, 3671
8186, 976, 2870
3408
6717, 6660, 9577, 5719, 3706, 9446, 7034, 5772, 9909, 4592, 9239, 242, 3296, 6710, 9217, 7106, 3283, 6898, 8862, 2589, 3348, 6697, 6351, 1007, 1952, 4083, 2718, 1211, 5311, 4029, 1665, 1846, 2554
7641, 9653, 8334, 182, 9232, 9056, 304, 7682, 2410, 9672, 8212, 7225, 3325, 5792, 663, 8951, 852, 2937, 6775, 4365, 7689, 6896, 5911, 6990, 2025
9019, 5810, 1516
9235, 91, 8565, 352, 3643
3690, 6457, 9534, 2705, 8008, 9970, 7229, 4318, 6594, 6624, 3901, 5790, 7665, 3435, 2691, 1927, 4732, 4585, 1712, 6525, 6985, 2711
6685, 6215, 8261, 9998, 7565, 7289, 3261, 6205, 7158, 6540, 6364, 8580, 3438, 3013, 1725, 2688, 4156
7057, 8884, 4965, 4839, 5736, 9188, 7060, 7866, 7317, 6001, 879, 9916, 575, 1442, 5064, 5087, 7209, 4873, 1406, 1893, 3053, 5505
44, 9083, 2906, 1700, 7617, 2661
9676, 1578, 8950, 836, 4031, 1238
45, 4617
2757, 9102, 6424, 165, 9750, 6441, 4124, 5927, 7743, 7819, 6095, 3776, 7043
2969
5954, 7453, 4582, 9475, 6779, 9622, 7332, 7416, 881, 7882, 2975, 5592, 6539, 5107
7309, 1087, 6337, 6658, 8595, 9477, 6553, 7560, 3691, 9114, 6161, 5847, 6887, 3505
8319, 179, 3925, 8835, 8111, 9380, 9329, 6614, 7536, 7879, 3638, 9669, 8179, 7181, 1982, 6219
4535, 6932, 9719, 6309, 9298, 6127, 742, 4905, 1771, 2515
5241, 5372, 8372, 1612, 6848
9394, 6607, 8402, 7951, 8259
2998, 9334, 1199, 9871, 481, 6112, 5229, 8370, 7074, 1468
9240, 5704
1800, 9351, 6687, 3520, 4653, 6173, 4253, 6162
3197
8953, 5072, 4798, 273, 183, 9076, 2551, 6483, 1684, 227, 9961, 5745, 4981, 8419, 3775, 4292, 5680, 3839, 1964, 639, 9544, 9624, 6561, 4149, 4021, 1967, 3150, 8577, 4769, 7707
9993, 6341, 5512, 7756, 8249, 5228, 4790, 1751, 6803, 4803, 6808, 2203, 1022, 4720, 4868, 1569, 5885, 6281, 3042, 3972
49
857
3755
50
3991
5395
363
2993
8973, 2229, 5532, 9266, 354
52
3935, 9701, 7294, 7404, 8217, 8821, 3566, 6832
9361, 7526, 9259, 7031, 3724, 1685
527
1459
2486, 9722, 4817, 2392, 8530
8498, 4574, 8568, 2262, 8511, 5724, 9580, 2457, 7078, 6490, 4242, 3095
9449, 8408, 1902, 7914, 3838, 5593
9923, 8788, 5566, 7313, 9343, 7489, 8101, 4345, 5674, 6812, 3576, 8851, 1196, 4254, 5165, 6135, 3116, 1093, 9098, 1577, 4770, 2455, 5210
55
4412
9165, 3110, 9333, 6523, 8262, 7299, 5388, 4240, 3802, 2892
56
893
8218, 8271, 2872
8535, 105, 9855, 7255, 9250, 6630, 700, 4200, 1490, 3714
9327, 1865, 9662, 939, 838, 3491, 4903, 3201, 9657, 4828, 5781, 1079, 7895, 748, 8955, 9314, 4536, 6168, 8603, 8524, 4668, 5881, 3608, 4998, 7764, 1515, 8286, 4734, 6520
57, 7408, 9144, 9307, 9860, 9531, 9359, 7009, 2385, 1301, 7803, 6787, 8537, 9363, 6888, 167, 8880, 9406, 9422, 1217, 3536, 3502, 270, 2035, 8516, 9671, 1386, 4451, 2737, 5253, 338, 7333, 5765, 4556, 4481, 8468, 6451, 7970, 6333, 4896, 1722, 4162, 2279, 1910, 6320, 7348, 7658, 9168, 8572, 5625, 3985, 4431, 3974, 5667, 856, 927, 9902, 959, 8417, 5757, 5385, 7322, 3084, 7597, 5586, 7147, 8129, 1789, 4285, 8157, 7612, 5665, 2168, 4447, 1377, 5275, 1419, 8044, 5816, 2821, 6295, 2857, 4832, 5682, 2026, 2714, 2218, 6925, 6853, 3069, 7011, 3215, 3317
1654
703
4640
6147
7965, 8149, 7490, 5203, 5141, 9027, 7191, 1885, 3336, 5706, 5803, 4477, 9805, 4289, 869, 928, 8520, 5524
1182, 6635, 7826, 6769, 5454, 9682, 4716, 7183, 7024, 3917, 7477, 2490, 2374, 5930, 7967, 3834
3118
3820
61
185
2597
3524
6106
6362, 9172, 79, 8636, 5815, 6171, 3227, 3815, 3664, 3968, 9555, 8998, 1154, 3527, 3782, 4066, 1197, 7456, 8385, 4710, 567, 4646, 9723, 3043, 794, 7231, 3364, 4323, 7978, 4692, 5526, 6954, 1615, 2293, 2792
8940, 96, 4512, 9201, 1481, 131, 6989, 9395, 7473, 4283, 2496, 2454, 547, 589, 9934, 5491, 835, 7875, 2820, 8811, 7173, 7934, 4041
5082
1580
3226, 8805, 2444, 3072, 7500, 8883
5629
898
8043, 5443, 8265, 9026, 4893, 3564, 3575, 9530, 1086
65
834
7787, 8531, 148, 6115, 1328, 8930, 6336, 1723
151
170
4150, 5153, 6578, 6706, 6846, 8414, 5003, 9811, 3057, 7591, 3480, 1586, 1820
4026
6071, 8797, 3331
1239
1757
69, 9487, 3052, 6682, 1250, 8352, 1414
1479, 7217, 3324, 6347, 2437, 9681, 7029, 4093, 9034, 1461, 5175, 7109, 5347, 5533
9242, 7343, 1657
9399, 7487, 3726, 2997
8933, 2295, 4011, 9437, 5594
71
3665
3736
3847
72
2494
4299
9763, 5989, 8412, 7204, 818, 3306, 1594, 4697, 1945, 3819
1378
1564
7414, 8990, 5713, 1150, 9608, 4886, 8118, 7962
74
3246
75
7888, 6965, 6696, 5402, 6971, 8052, 9571, 8799, 2923, 675, 897, 1870, 5991, 715, 1748, 9683, 3609, 5655, 3835
8480, 5978
76
6724, 2716, 8463, 9353, 3187, 6065
1008
9840, 1683, 7981, 7609, 4938, 7956, 5712, 9626, 790, 4584, 7817, 3199
8222, 205, 9328, 7653, 8810, 5552, 8847, 6528, 7108, 3154
1689
9550, 111, 6223, 1798, 4523, 8892, 6238, 1582, 681, 8836, 4128, 9455, 6108, 4148, 2499, 2381
81
2606
8278, 3530
9054, 8579, 256, 9621, 4012, 1141, 7608, 5607, 5193, 7848
83
84, 7839, 9214, 5685, 8957, 3560, 217, 9819, 6062, 6444, 9014, 3990, 1447, 7521, 5080, 6067, 3882
5743, 9803, 6901, 7765, 3421, 4786
4624
86
87
1555
8477, 9538, 9388, 5167, 4333, 8168, 3142, 4914, 1312, 6294, 603, 2841, 7890, 3948, 2768, 2251, 2627
2629, 9004, 6433, 1669, 3048, 7211, 9233, 1626, 2346
89
137
1338
2799
4717, 9184, 1070, 3966, 4419, 9308, 6354, 4287, 5867, 4890
8726, 5777, 1940
90
1037, 8760, 6872, 9238, 3597, 4807, 6080, 6924
1352, 253, 8527, 8767, 4613, 6100, 2194
8542, 1741, 6515
4728, 7035
92
8053
9609, 6198, 8275, 5163, 2285, 2793, 7842, 2868, 2885, 3903
93
471
3994
4745, 7695, 3342, 295, 8778, 6412, 8206, 479, 6850, 4411, 1590, 1240, 4902, 9428, 3711, 6966
5333
94
9352, 8236, 8607, 7425, 960, 2581, 5623, 2726
95
1236
4386
2614
97
98
1817
2193
3202
99
141
9166, 6929, 2765, 2798
100
2740
4521
6243, 4852, 1897
7929, 7564, 9473, 6656, 5090, 7182, 7383, 6910, 4686, 3604
770
966
3884
102
5642
103
1471
104
6873, 2935, 4741, 9507, 447, 6120, 9090
8490, 2995, 3661, 8361, 1946
9171, 5746, 7543, 456, 4103, 8980, 6203, 3006
1805
1894
2310
3271
2532
3210
7897
110
4179
9067, 2845
112
