2 -0.429173977682 0.28176273716 160 28 6.25

2 -0.397519227305 0.31262956059 107 46 9.34579439252

2 -0.457964635392 0.302743070019 97 63 10.3092783505

1 -0.407903076812 0.325926617922 82 85 12.1951219512

1 -0.419824128685 0.312769267442 77 84 12.987012987

2 -0.431141541711 0.324023658602 65 94 15.3846153846

2 -0.416760962229 0.319911904085 69 109 14.4927536232

2 -0.431434767673 0.299979885368 86 121 11.6279069767

2 -0.454619496978 0.308291933395 66 155 15.1515151515

2 -0.440722141962 0.296885589894 76 170 13.1578947368

3 -0.387765466728 0.277089848304 98 265 10.2040816327

6 -0.14904513532 0.138181469823 32 770 31.25

3 0.0184173956197 0.0238490710974 6 964 166.666666667

1 0.0470569807386 0 1 1000 1000.0

1 0.0474375747661 0 1 1000 1000.0

0 0.050035542794 0 1 1000 1000.0

0 0.0498607476803 0 1 1000 1000.0

0 0.0471847835859 0 1 1000 1000.0

0 0.0461632687488 0 1 1000 1000.0

0 0.0479159593245 0 1 1000 1000.0

