2 -0.717577281441 0.189444181155 187 15 5.34759358289

3 -0.72754870264 0.19114500645 126 26 7.77777777778

3 -0.686093336615 0.209997381994 104 68 9.41346153846

3 -0.666306264561 0.20445678519 121 119 8.09090909091

4 -0.572806507683 0.205320362273 140 298 6.98571428571

4 0.0140274136871 0 1 979 979.0

1 0.0133773354031 0 1 997 997.0

0 0.0134117761617 0 1 996 996.0

0 0.0127087860926 0 1 980 980.0

1 0.0118513562514 0 1 980 980.0

1 0.0128170606201 0 1 979 979.0

0 0.0149399980824 0 1 980 980.0

0 0.0140698309571 0 1 978 978.0

0 0.0152025288392 0 1 977 977.0

0 0.0133175983102 0 1 978 978.0

0 0.0135875861818 0 1 982 982.0

0 0.0128026833344 0 1 983 983.0

1 0.0139103958939 0 1 978 978.0

0 0.014435855567 0 1 979 979.0

0 0.013501934775 0 1 980 980.0

