1 -0.0626442162628 0.451035217875 97 40 10.3092783505

0 -0.146777499189 0.427581347152 80 45 12.5

1 -0.214531597462 0.409325728331 77 60 12.987012987

1 -0.206504359281 0.434822193687 58 86 17.2413793103

0 -0.216374730385 0.429933897569 50 90 20.0

0 -0.217375883182 0.435153298841 47 91 21.2765957447

0 -0.199638097031 0.441630879147 39 93 25.641025641

1 -0.232118287515 0.432453122759 41 98 24.3902439024

1 -0.297224084684 0.40973299519 42 108 23.8095238095

1 -0.291766471545 0.401909584719 42 109 23.8095238095

1 -0.276602957816 0.38901022335 50 123 20.0

1 -0.255149384487 0.404774386444 41 137 24.3902439024

1 -0.28280708357 0.405067362738 33 139 30.303030303

1 -0.210894084858 0.424588325018 29 143 34.4827586207

1 -0.22086762555 0.414204264591 30 151 33.3333333333

1 -0.266878329166 0.403607643549 35 172 28.5714285714

1 -0.252166492806 0.409549595924 29 197 34.4827586207

1 -0.252468387505 0.403503459632 31 175 32.2580645161

1 -0.273511583245 0.398153047934 36 178 27.7777777778

1 -0.2678818514 0.376921813042 44 176 22.7272727273

