0 0.729524990184 0.885568372884 86 20 11.6279069767

0 0.732424433148 0.877029097754 86 44 11.511627907

0 0.749320443309 0.870926729289 82 38 12.1341463415

0 0.754905262052 0.866648672081 80 57 12.4625

0 0.752521406101 0.856958925514 80 58 12.5

0 0.765173080151 0.852506955782 80 50 12.475

0 0.768623943094 0.843743798585 78 46 12.5512820513

0 0.767033302916 0.839058647532 76 51 13.0789473684

0 0.755804932497 0.832906569542 74 49 13.4324324324

0 0.746150538013 0.826491948522 74 51 13.4324324324

0 0.7495577258 0.816332553374 74 51 13.2162162162

0 0.753164449483 0.811783351659 76 49 12.8815789474

0 0.753169236073 0.804616507154 77 50 12.8831168831

0 0.740646372178 0.802363165924 77 61 12.987012987

0 0.734857958975 0.791225466843 77 60 12.8311688312

0 0.724697154762 0.781399869794 78 50 12.5897435897

0 0.720971014585 0.775876224333 77 49 12.6753246753

0 0.71949330043 0.76307984355 78 43 12.4871794872

0 0.72060317319 0.752200518278 79 45 12.2784810127

0 0.71659868482 0.745040040594 80 43 12.125

