0 0.565249759625 0.784851311258 84 27 11.9047619048

0 0.382951653548 0.739941136045 71 38 14.0845070423

0 0.323841390998 0.749015629558 58 68 17.2413793103

0 0.274530158966 0.73912608395 53 73 18.8679245283

0 0.305297646118 0.735054764447 48 72 20.8333333333

0 0.317652504423 0.733077483267 41 74 24.3902439024

0 0.29183699882 0.726122989771 37 90 27.027027027

0 0.279917973348 0.718310301395 34 113 29.4117647059

0 0.275532789078 0.713519663692 28 109 35.7142857143

0 0.30365182745 0.698839765384 24 108 41.6666666667

0 0.235813392377 0.688312947198 21 143 47.619047619

0 0.235159334487 0.68698925775 20 146 50.0

0 0.25449339821 0.69032676243 19 168 52.6315789474

0 0.265725180657 0.678405779372 19 212 52.6315789474

0 0.310996517249 0.684404374027 16 201 62.5

0 0.272382662953 0.68217269875 16 205 62.5

0 0.283781442418 0.686015102091 15 209 66.6666666667

0 0.190205718265 0.665279910325 14 242 71.4285714286

0 0.228304012856 0.682805405161 14 221 71.4285714286

0 0.324780125114 0.680086311897 14 253 71.4285714286

