0 0.723254818689 0.882501340033 88 32 11.3636363636

0 0.707157987229 0.879731709427 84 30 11.5952380952

0 0.707150894354 0.879021096293 84 31 11.6428571429

0 0.696620157504 0.875899339615 84 29 11.5833333333

0 0.685759996589 0.874909386406 84 30 11.5476190476

0 0.677626139511 0.875220991145 83 29 11.6626506024

0 0.694703799209 0.874461693618 83 28 11.6626506024

0 0.676289455357 0.874397477363 83 31 11.6626506024

0 0.664591810139 0.872075153559 81 34 11.9135802469

0 0.655885788392 0.871474148478 81 33 11.9259259259

0 0.664317901932 0.871869644445 81 30 11.9135802469

0 0.641751547733 0.872961433528 81 32 11.950617284

0 0.633734773925 0.870992987139 81 31 12.1481481481

0 0.64571997839 0.871460945371 81 30 11.987654321

0 0.643641132671 0.872234349223 81 32 12.0

0 0.648296626559 0.872177797155 81 26 11.975308642

0 0.656888455795 0.871266916353 81 30 11.962962963

0 0.649005786507 0.870697920231 81 34 11.950617284

0 0.657600368932 0.87262967766 80 32 12.075

0 0.654991751799 0.87261327639 80 29 12.075

