0 0.720943885178 0.879310158213 90 28 11.1111111111

0 0.696017270354 0.881579712885 83 28 12.0481927711

0 0.683980380627 0.880494530368 83 30 12.0481927711

0 0.677129729799 0.878832350718 83 32 12.0481927711

0 0.667403076555 0.87677019142 83 36 12.0481927711

0 0.656820540351 0.875766784193 82 37 12.1951219512

0 0.658115154724 0.874278317688 82 35 12.1951219512

0 0.652770129114 0.874971364919 82 37 12.1951219512

0 0.655710532768 0.87452439895 82 36 12.1951219512

0 0.656111747747 0.872874454732 82 34 12.1951219512

0 0.649655278657 0.874062405 82 33 12.1951219512

0 0.642721260817 0.874056421843 82 31 12.1951219512

0 0.654380295032 0.874582852024 82 26 12.1951219512

0 0.65508630793 0.873095717076 82 26 12.1951219512

0 0.647972197844 0.872876763711 82 26 12.1951219512

0 0.639755881305 0.872092476446 82 28 12.1951219512

0 0.629643787937 0.871430576186 82 30 12.1951219512

0 0.633886503022 0.87235382798 82 30 12.1951219512

0 0.625161127138 0.871661912795 81 30 12.3456790123

0 0.631740718647 0.8713379198 81 29 12.3456790123

