7 0.553722323989 0.808738548 64 65 15.625

1 0.556190752201 0.813720397405 56 66 17.8571428571

1 0.59356643507 0.851767673696 33 87 30.303030303

0 0.585225276025 0.84984842574 33 93 30.303030303

0 0.591608862381 0.851205588995 33 93 30.303030303

0 0.578920156079 0.849901119674 33 95 30.303030303

0 0.586419826113 0.847386613611 33 99 30.303030303

0 0.590997664581 0.847875720781 33 97 30.303030303

0 0.579852238749 0.847027282023 33 103 30.303030303

0 0.589923060637 0.84872041724 33 98 30.303030303

0 0.58056800981 0.847999903059 33 102 30.303030303

0 0.586482103163 0.848649072306 33 101 30.303030303

0 0.586543161598 0.847479723603 33 101 30.303030303

0 0.576796484132 0.848840167181 33 93 30.303030303

0 0.577361805362 0.849402814722 33 97 30.303030303

0 0.573520210173 0.848139842796 33 98 30.303030303

0 0.578245956755 0.849584225172 33 89 30.303030303

0 0.578201090581 0.849996422999 33 87 30.303030303

0 0.578154649163 0.849403909497 33 88 30.303030303

0 0.576024776874 0.847579415824 33 94 30.303030303

