0 0.72871094867 0.885076724386 83 31 12.0481927711

0 0.663941480295 0.874830606705 78 36 12.8205128205

0 0.660621297622 0.871259059351 74 41 13.5135135135

0 0.655534344079 0.870656825576 71 44 14.0845070423

0 0.64819630346 0.869706640221 65 43 15.3846153846

0 0.628059042523 0.867252445139 61 52 16.393442623

0 0.635519547828 0.865370565343 59 59 16.9491525424

0 0.632633448715 0.865354441229 57 49 17.5438596491

0 0.630409087455 0.862011929303 55 52 18.1818181818

0 0.643299285656 0.861960734714 50 60 20.0

0 0.647567215791 0.858399101247 48 73 20.8333333333

0 0.639662626877 0.855367772382 47 81 21.2765957447

0 0.629194536694 0.853020536057 46 93 21.7391304348

0 0.624676914919 0.854828813396 45 81 22.2222222222

0 0.635539242246 0.855029920477 43 88 23.2558139535

0 0.635583204218 0.849943832799 41 102 24.3902439024

0 0.634581936579 0.85094436539 40 106 25.0

0 0.634417715626 0.843998241097 38 110 26.3157894737

0 0.640349217174 0.840215429958 37 147 27.027027027

0 0.636146024366 0.833115626097 35 157 28.5714285714

