1 -0.0501478533163 0.45820364122 98 24 10.2040816327

0 -0.0614002815683 0.478766391185 81 26 12.3456790123

0 -0.0573522402563 0.480508018849 78 26 12.8205128205

0 -0.0512380818836 0.482521746776 76 24 13.1578947368

0 -0.0708057153158 0.480914592835 76 25 13.1578947368

0 -0.0570553085266 0.479678048771 77 26 12.987012987

0 -0.057534195659 0.479314542909 76 28 13.1578947368

0 -0.0562107245695 0.477522793762 77 27 12.987012987

0 -0.0788470900187 0.479633632552 76 28 13.1578947368

0 -0.0692732509106 0.477607128648 77 34 12.987012987

0 -0.0548184902766 0.480250463458 77 36 12.987012987

0 -0.0553319033907 0.480036736961 76 36 13.1578947368

0 -0.0580268214371 0.476906795005 76 37 13.1578947368

0 -0.0611410550299 0.477328308756 77 34 12.987012987

0 -0.0587634876454 0.476566880326 77 37 12.987012987

0 -0.0730078416245 0.478002542759 76 36 13.1578947368

0 -0.0683802399427 0.476309281976 76 37 13.1578947368

0 -0.0724487751821 0.473135463511 77 33 12.987012987

0 -0.0877301226279 0.475975903087 76 34 13.1578947368

0 -0.0746238048072 0.474533631576 78 38 12.8205128205

