1	141 
2	105 
3	145 
4	30 
5	196 
6	30 
7	41 
8	190 
9	42 
10	171 
11	181 
12	121 
13	34 
14	60 
15	121 
16	43 
17	103 
18	90 
19	116 
20	58 
21	129 
22	58 
23	28 
24	44 
25	136 
26	83 
27	201 
28	177 
29	150 
30	72 
31	15 
32	199 
33	76 
34	23 
35	129 
36	136 
37	36 
38	18 
39	106 
40	102 
41	137 
42	155 
43	45 
44	71 
45	190 
46	150 
47	47 
48	147 
49	31 
50	70 
51	55 
52	195 
53	126 
54	50 
55	185 
56	179 
57	127 
58	3 
59	168 
60	186 
61	145 
62	90 
63	50 
64	113 
65	177 
66	139 
67	155 
68	45 
69	41 
70	32 
71	142 
72	154 
73	38 
74	49 
75	70 
76	122 
77	118 
78	185 
79	126 
80	49 
81	150 
82	86 
83	160 
84	73 
85	24 
86	181 
87	192 
88	180 
89	165 
90	167 
91	154 
92	154 
93	41 
94	149 
95	116 
96	8 
97	28 
98	3 
99	64 
100	84 
101	184 
102	72 
103	107 
104	12 
105	90 
106	105 
107	40 
108	46 
109	19 
110	50 
111	125 
112	124 
113	19 
114	190 
115	132 
116	155 
117	30 
118	142 
119	121 
120	140 
121	82 
122	39 
123	53 
124	107 
125	1 
126	185 
127	101 
128	89 
129	15 
130	58 
131	19 
132	159 
133	67 
134	15 
135	16 
136	78 
137	26 
138	132 
139	76 
140	135 
141	154 
142	176 
143	90 
144	45 
145	191 
146	66 
147	19 
148	175 
149	198 
150	149 
151	60 
152	46 
153	83 
154	68 
155	8 
156	53 
157	79 
158	17 
159	181 
160	30 
161	40 
162	76 
163	136 
164	173 
165	90 
166	124 
167	24 
168	71 
169	31 
170	131 
171	96 
172	205 
173	54 
174	183 
175	163 
176	149 
177	205 
178	20 
179	66 
180	32 
181	82 
182	136 
183	31 
184	72 
185	167 
186	57 
187	175 
188	133 
189	167 
190	199 
191	93 
192	179 
193	102 
194	166 
195	162 
196	32 
197	134 
198	138 
199	172 
200	166 
201	30 
202	64 
203	98 
204	94 
205	124 
206	63 
207	104 
208	176 
209	157 
210	115 
211	38 
212	5 
213	60 
214	32 
215	206 
216	49 
217	122 
218	192 
219	192 
220	56 
221	136 
222	110 
223	10 
224	132 
225	142 
226	139 
227	17 
228	49 
229	115 
230	55 
231	206 
232	190 
233	71 
234	15 
235	171 
236	206 
237	197 
238	65 
239	150 
240	2 
241	132 
242	50 
243	187 
244	123 
245	166 
246	157 
247	158 
248	128 
249	61 
250	22 
251	129 
252	92 
253	45 
254	49 
255	118 
256	176 
257	199 
258	84 
259	46 
260	116 
261	82 
262	84 
263	124 
264	181 
265	141 
266	5 
267	85 
268	21 
269	138 
270	201 
271	193 
272	114 
273	73 
274	22 
275	38 
276	53 
277	56 
278	45 
279	134 
280	18 
281	164 
282	62 
283	43 
284	66 
285	61 
286	204 
287	76 
288	45 
289	37 
290	21 
291	198 
292	64 
293	81 
294	162 
295	88 
296	90 
297	68 
298	85 
299	45 
300	25 
301	103 
302	108 
303	118 
304	90 
305	142 
306	181 
307	87 
308	164 
309	62 
310	60 
311	80 
312	79 
313	80 
314	146 
315	136 
316	169 
317	166 
318	13 
319	195 
320	69 
321	103 
322	126 
323	175 
324	63 
325	117 
326	88 
327	185 
328	110 
329	202 
330	146 
331	55 
332	131 
333	10 
334	149 
335	53 
336	10 
337	201 
338	69 
339	20 
340	55 
341	166 
342	201 
343	160 
344	65 
345	175 
346	50 
347	158 
348	43 
349	76 
350	131 
351	138 
352	160 
353	46 
354	17 
355	87 
356	189 
357	199 
358	171 
359	139 
360	202 
361	16 
362	190 
363	33 
364	199 
365	123 
366	85 
367	198 
368	18 
369	141 
370	22 
371	175 
372	69 
373	100 
374	154 
375	201 
376	32 
377	171 
378	178 
379	51 
380	168 
381	173 
382	166 
383	184 
384	46 
385	177 
386	183 
387	15 
388	136 
389	89 
390	77 
391	182 
392	174 
393	121 
394	198 
395	173 
396	72 
397	168 
398	60 
399	186 
400	93 
401	180 
402	156 
403	31 
404	158 
405	171 
406	141 
407	186 
408	136 
409	155 
410	82 
411	138 
412	44 
413	61 
414	30 
415	187 
416	100 
417	7 
418	87 
419	15 
420	107 
421	26 
422	92 
423	175 
424	196 
425	126 
426	185 
427	62 
428	162 
429	156 
430	77 
431	182 
432	202 
433	159 
434	185 
435	142 
436	157 
437	115 
438	206 
439	165 
440	59 
441	118 
442	6 
443	43 
444	75 
445	2 
446	85 
447	35 
448	163 
449	98 
450	116 
451	32 
452	157 
453	21 
454	149 
455	152 
456	75 
457	158 
458	48 
459	190 
460	35 
461	125 
462	72 
463	11 
464	151 
465	202 
466	38 
467	201 
468	126 
469	34 
470	55 
471	97 
472	167 
473	55 
474	68 
475	49 
476	69 
477	51 
478	102 
479	186 
480	116 
481	33 
482	156 
483	18 
484	41 
485	53 
486	144 
487	27 
488	38 
489	6 
490	180 
491	201 
492	167 
493	21 
494	194 
495	186 
496	115 
497	156 
498	186 
499	142 
500	67 
501	123 
502	55 
503	177 
504	166 
505	30 
506	92 
507	117 
508	163 
509	127 
510	38 
511	142 
512	162 
513	171 
514	16 
515	148 
516	87 
517	69 
518	21 
519	69 
520	86 
521	34 
522	136 
523	132 
524	103 
525	52 
526	159 
527	126 
528	102 
529	61 
530	19 
531	28 
532	180 
533	64 
534	107 
535	34 
536	183 
537	156 
538	31 
539	159 
540	202 
541	119 
542	67 
543	178 
544	38 
545	78 
546	59 
547	23 
548	138 
549	73 
550	112 
551	185 
552	89 
553	108 
554	37 
555	90 
556	139 
557	2 
558	46 
559	201 
560	66 
561	174 
562	19 
563	131 
564	186 
565	157 
566	90 
567	142 
568	151 
569	34 
570	158 
571	157 
572	20 
573	8 
574	83 
575	89 
576	80 
577	191 
578	40 
579	167 
580	92 
581	133 
582	95 
583	98 
584	16 
585	98 
586	136 
587	39 
588	85 
589	61 
590	155 
591	102 
592	78 
593	78 
594	166 
595	173 
596	71 
597	89 
598	70 
599	178 
600	18 
601	194 
602	45 
603	174 
604	31 
605	38 
606	12 
607	81 
608	151 
609	58 
610	1 
611	205 
612	47 
613	198 
614	136 
615	194 
616	152 
617	169 
618	126 
619	81 
620	148 
621	9 
622	63 
623	99 
624	19 
625	41 
626	71 
627	47 
628	91 
629	123 
630	163 
631	157 
632	137 
633	183 
634	197 
635	92 
636	19 
637	72 
638	159 
639	50 
640	42 
641	136 
642	66 
643	81 
644	31 
645	5 
646	157 
647	15 
648	24 
649	14 
650	162 
651	173 
652	97 
653	189 
654	45 
655	172 
656	206 
657	110 
658	107 
659	50 
660	147 
661	180 
662	53 
663	164 
664	17 
665	166 
666	130 
667	41 
668	205 
669	206 
670	69 
671	142 
672	155 
673	199 
674	152 
675	129 
676	190 
677	192 
678	126 
679	92 
680	35 
681	11 
682	200 
683	53 
684	43 
685	100 
686	118 
687	43 
688	125 
689	162 
690	95 
691	51 
692	175 
693	59 
694	48 
695	136 
696	116 
697	192 
698	106 
699	44 
700	38 
701	116 
702	38 
703	40 
704	198 
705	185 
706	186 
707	33 
708	29 
709	61 
710	37 
711	108 
712	202 
713	174 
714	53 
715	158 
716	174 
717	6 
718	139 
719	116 
720	112 
721	68 
722	61 
723	201 
724	199 
725	41 
726	199 
727	67 
728	106 
729	131 
730	190 
731	98 
732	131 
733	182 
734	50 
735	53 
736	185 
737	181 
738	185 
739	80 
740	143 
741	189 
742	105 
743	14 
744	112 
745	53 
746	53 
747	110 
748	75 
749	28 
750	143 
751	45 
752	199 
753	89 
754	21 
755	179 
756	125 
757	44 
758	172 
759	122 
760	171 
761	141 
762	144 
763	20 
764	38 
765	85 
766	133 
767	121 
768	6 
769	44 
770	132 
771	201 
772	176 
773	117 
774	101 
775	38 
776	12 
777	46 
778	179 
779	185 
780	41 
781	78 
782	150 
783	47 
784	116 
785	115 
786	111 
787	198 
788	115 
789	190 
790	190 
791	202 
792	202 
793	50 
794	9 
795	3 
796	31 
797	195 
798	85 
799	83 
800	30 
801	190 
802	43 
803	118 
804	198 
805	49 
806	129 
807	50 
808	173 
809	134 
810	39 
811	71 
812	122 
813	167 
814	118 
815	101 
816	33 
817	142 
818	58 
819	158 
820	35 
821	190 
822	2 
823	74 
824	80 
825	162 
826	31 
827	195 
828	120 
829	24 
830	137 
831	50 
832	199 
833	198 
834	104 
835	72 
836	186 
837	112 
838	56 
839	89 
840	106 
841	85 
842	2 
843	192 
844	60 
845	192 
846	152 
847	43 
848	199 
849	118 
850	16 
851	190 
852	198 
853	81 
854	56 
855	143 
856	88 
857	38 
858	190 
859	31 
860	52 
861	86 
862	187 
863	23 
864	63 
865	190 
866	115 
867	11 
868	120 
869	61 
870	38 
871	59 
872	171 
873	59 
874	180 
875	163 
876	123 
877	21 
878	121 
879	67 
880	192 
881	57 
882	200 
883	23 
884	82 
885	84 
886	88 
887	158 
888	85 
889	64 
890	113 
891	118 
892	97 
893	115 
894	154 
895	181 
896	55 
897	68 
898	99 
899	11 
900	164 
901	140 
902	76 
903	136 
904	183 
905	44 
906	192 
907	63 
908	192 
909	30 
910	97 
911	21 
912	130 
913	112 
914	61 
915	103 
916	89 
917	129 
918	123 
919	197 
920	11 
921	186 
922	171 
923	14 
924	174 
925	52 
926	198 
927	133 
928	8 
929	84 
930	133 
931	127 
932	125 
933	7 
934	15 
935	141 
936	31 
937	82 
938	67 
939	137 
940	187 
941	163 
942	46 
943	46 
944	53 
945	112 
946	118 
947	129 
948	47 
949	74 
950	97 
951	119 
952	161 
953	103 
954	185 
955	85 
956	141 
957	11 
958	155 
959	160 
960	158 
961	15 
962	61 
963	100 
964	50 
965	20 
966	175 
967	107 
968	8 
969	53 
970	162 
971	175 
972	121 
973	107 
974	142 
975	15 
976	15 
977	175 
978	52 
979	2 
980	203 
981	114 
982	184 
983	180 
984	19 
985	170 
986	199 
987	109 
988	21 
989	15 
990	167 
991	180 
992	206 
993	34 
994	56 
995	22 
996	21 
997	200 
998	48 
999	21 
1000	163 
1001	122 
1002	139 
1003	151 
1004	92 
1005	64 
1006	137 
1007	152 
1008	199 
1009	38 
1010	139 
1011	154 
1012	190 
1013	72 
1014	16 
1015	45 
1016	85 
1017	196 
1018	141 
1019	189 
1020	104 
1021	59 
1022	92 
1023	63 
1024	23 
1025	117 
1026	41 
1027	138 
1028	53 
1029	58 
1030	69 
1031	83 
1032	53 
1033	137 
1034	28 
1035	29 
1036	15 
1037	83 
1038	104 
1039	78 
1040	200 
1041	53 
1042	153 
1043	41 
1044	17 
1045	107 
1046	126 
1047	63 
1048	14 
1049	52 
1050	88 
1051	61 
1052	67 
1053	129 
1054	116 
1055	66 
1056	177 
1057	11 
1058	192 
1059	161 
1060	160 
1061	189 
1062	19 
1063	47 
1064	31 
1065	44 
1066	146 
1067	180 
1068	44 
1069	177 
1070	1 
1071	183 
1072	205 
1073	57 
1074	201 
1075	45 
1076	176 
1077	138 
1078	67 
1079	201 
1080	34 
1081	44 
1082	58 
1083	146 
1084	176 
1085	10 
1086	161 
1087	15 
1088	140 
1089	155 
1090	117 
1091	85 
1092	34 
1093	158 
1094	28 
1095	98 
1096	45 
1097	164 
1098	3 
1099	92 
1100	139 
1101	72 
1102	112 
1103	129 
1104	137 
1105	17 
1106	141 
1107	72 
1108	88 
1109	121 
1110	172 
1111	82 
1112	105 
1113	7 
1114	130 
1115	17 
1116	155 
1117	28 
1118	141 
1119	46 
1120	205 
1121	110 
1122	198 
1123	14 
1124	54 
1125	49 
1126	154 
1127	35 
1128	171 
1129	69 
1130	117 
1131	123 
1132	206 
1133	103 
1134	175 
1135	95 
1136	182 
1137	140 
1138	129 
1139	151 
1140	111 
1141	121 
1142	73 
1143	137 
1144	139 
1145	169 
1146	42 
1147	59 
1148	195 
1149	159 
1150	7 
1151	172 
1152	54 
1153	182 
1154	128 
1155	167 
1156	26 
1157	77 
1158	123 
1159	117 
1160	197 
1161	169 
1162	169 
1163	142 
1164	115 
1165	83 
1166	181 
1167	53 
1168	182 
1169	105 
1170	180 
1171	6 
1172	137 
1173	72 
1174	180 
1175	4 
1176	13 
1177	88 
1178	106 
1179	140 
1180	50 
1181	107 
1182	16 
1183	104 
1184	171 
1185	164 
1186	197 
1187	123 
1188	137 
1189	180 
1190	107 
1191	83 
1192	42 
1193	76 
1194	126 
1195	17 
1196	54 
1197	159 
1198	171 
1199	123 
1200	50 
1201	25 
1202	85 
1203	142 
1204	130 
1205	136 
1206	106 
1207	66 
1208	141 
1209	15 
1210	198 
1211	44 
1212	86 
1213	73 
1214	146 
1215	51 
1216	72 
1217	136 
1218	171 
1219	206 
1220	9 
1221	64 
1222	160 
1223	163 
1224	145 
1225	11 
1226	88 
1227	175 
1228	75 
1229	7 
1230	137 
1231	81 
1232	102 
1233	189 
1234	124 
1235	148 
1236	118 
1237	39 
1238	204 
1239	12 
1240	116 
1241	66 
1242	102 
1243	88 
1244	6 
1245	88 
1246	166 
1247	110 
1248	84 
1249	17 
1250	175 
1251	168 
1252	21 
1253	93 
1254	58 
1255	134 
1256	7 
1257	149 
1258	102 
1259	26 
1260	5 
1261	92 
1262	192 
1263	59 
1264	181 
1265	183 
1266	162 
1267	175 
1268	41 
1269	182 
1270	197 
1271	154 
1272	23 
1273	157 
1274	184 
1275	62 
1276	8 
1277	65 
1278	36 
1279	167 
1280	204 
1281	183 
1282	155 
1283	140 
1284	199 
1285	198 
1286	193 
1287	158 
1288	168 
1289	76 
1290	3 
1291	8 
1292	60 
1293	52 
1294	200 
1295	178 
1296	158 
1297	64 
1298	198 
1299	147 
1300	118 
1301	126 
1302	35 
1303	206 
1304	141 
1305	51 
1306	15 
1307	153 
1308	85 
1309	84 
1310	72 
1311	121 
1312	144 
1313	19 
1314	168 
1315	75 
1316	141 
1317	64 
1318	122 
1319	72 
1320	85 
1321	161 
1322	141 
1323	10 
1324	5 
1325	84 
1326	190 
1327	138 
1328	166 
1329	145 
1330	21 
1331	51 
1332	45 
1333	164 
1334	54 
1335	57 
1336	7 
1337	31 
1338	183 
1339	84 
1340	139 
1341	101 
1342	112 
1343	53 
1344	97 
1345	74 
1346	138 
1347	103 
1348	55 
1349	139 
1350	8 
1351	30 
1352	57 
1353	87 
1354	206 
1355	150 
1356	139 
1357	44 
1358	112 
1359	16 
1360	151 
1361	121 
1362	84 
1363	122 
1364	60 
1365	117 
1366	46 
1367	195 
1368	203 
1369	47 
1370	137 
1371	9 
1372	47 
1373	197 
1374	30 
1375	98 
1376	48 
1377	49 
1378	201 
1379	4 
1380	183 
1381	158 
1382	41 
1383	69 
1384	18 
1385	71 
1386	167 
1387	75 
1388	71 
1389	186 
1390	103 
1391	92 
1392	135 
1393	65 
1394	160 
1395	159 
1396	44 
1397	172 
1398	107 
1399	115 
1400	175 
1401	126 
1402	126 
1403	56 
1404	89 
1405	82 
1406	38 
1407	206 
1408	160 
1409	141 
1410	155 
1411	34 
1412	73 
1413	34 
1414	91 
1415	41 
1416	135 
1417	21 
1418	98 
1419	197 
1420	176 
1421	193 
1422	131 
1423	180 
1424	206 
1425	19 
1426	181 
1427	82 
1428	169 
1429	206 
1430	142 
1431	121 
1432	57 
1433	200 
1434	201 
1435	118 
1436	142 
1437	41 
1438	172 
1439	70 
1440	17 
1441	103 
1442	193 
1443	47 
1444	175 
1445	149 
1446	45 
1447	1 
1448	158 
1449	179 
1450	88 
1451	27 
1452	75 
1453	126 
1454	67 
1455	130 
1456	113 
1457	196 
1458	80 
1459	116 
1460	108 
1461	44 
1462	142 
1463	119 
1464	136 
1465	14 
1466	198 
1467	45 
1468	4 
1469	187 
1470	57 
1471	161 
1472	203 
1473	205 
1474	171 
1475	149 
1476	177 
1477	85 
1478	175 
1479	202 
1480	83 
1481	93 
1482	150 
1483	110 
1484	84 
1485	203 
1486	138 
1487	192 
1488	147 
1489	64 
1490	34 
1491	178 
1492	14 
1493	16 
1494	91 
1495	9 
1496	73 
1497	99 
1498	136 
1499	15 
1500	122 
1501	63 
1502	156 
1503	7 
1504	186 
1505	106 
1506	18 
1507	51 
1508	115 
1509	56 
1510	154 
1511	198 
1512	164 
1513	91 
1514	190 
1515	175 
1516	129 
1517	134 
1518	142 
1519	131 
1520	15 
1521	162 
1522	104 
1523	32 
1524	190 
1525	38 
1526	126 
1527	131 
1528	75 
1529	172 
1530	205 
1531	197 
1532	104 
1533	137 
1534	70 
1535	156 
1536	137 
1537	81 
1538	198 
1539	36 
1540	133 
1541	17 
1542	195 
1543	118 
1544	13 
1545	204 
1546	26 
1547	83 
1548	24 
1549	50 
1550	10 
1551	206 
1552	28 
1553	141 
1554	130 
1555	183 
1556	76 
1557	16 
1558	116 
1559	63 
1560	53 
1561	141 
1562	69 
1563	38 
1564	124 
1565	52 
1566	13 
1567	175 
1568	185 
1569	76 
1570	191 
1571	118 
1572	154 
1573	19 
1574	55 
1575	166 
1576	126 
1577	4 
1578	176 
1579	164 
1580	205 
1581	101 
1582	81 
1583	33 
1584	62 
1585	16 
1586	65 
1587	107 
1588	43 
1589	190 
1590	137 
1591	69 
1592	198 
1593	145 
1594	156 
1595	171 
1596	49 
1597	170 
1598	131 
1599	129 
1600	34 
1601	174 
1602	177 
1603	141 
1604	137 
1605	115 
1606	205 
1607	164 
1608	4 
1609	90 
1610	112 
1611	10 
1612	175 
1613	18 
1614	63 
1615	58 
1616	172 
1617	41 
1618	25 
1619	205 
1620	40 
1621	110 
1622	153 
1623	166 
1624	148 
1625	118 
1626	137 
1627	21 
1628	21 
1629	187 
1630	164 
1631	166 
1632	88 
1633	189 
1634	42 
1635	17 
1636	154 
1637	161 
1638	121 
1639	165 
1640	55 
1641	121 
1642	22 
1643	3 
1644	46 
1645	2 
1646	162 
1647	90 
1648	169 
1649	199 
1650	186 
1651	40 
1652	124 
1653	58 
1654	28 
1655	66 
1656	48 
1657	66 
1658	163 
1659	205 
1660	79 
1661	18 
1662	204 
1663	177 
1664	35 
1665	63 
1666	130 
1667	79 
1668	69 
1669	158 
1670	128 
1671	196 
1672	147 
1673	142 
1674	71 
1675	112 
1676	93 
1677	147 
1678	94 
1679	34 
1680	141 
1681	125 
1682	139 
1683	55 
1684	13 
1685	186 
1686	107 
1687	137 
1688	178 
1689	34 
1690	24 
1691	150 
1692	150 
1693	187 
1694	48 
1695	45 
1696	166 
1697	45 
1698	152 
1699	38 
1700	142 
1701	125 
1702	139 
1703	86 
1704	64 
1705	185 
1706	41 
1707	118 
1708	95 
1709	71 
1710	192 
1711	144 
1712	46 
1713	57 
1714	203 
1715	129 
1716	83 
1717	11 
1718	72 
1719	8 
1720	136 
1721	16 
1722	145 
1723	111 
1724	80 
1725	85 
1726	131 
1727	158 
1728	47 
1729	166 
1730	139 
1731	30 
1732	7 
1733	28 
1734	200 
1735	205 
1736	116 
1737	19 
1738	101 
1739	71 
1740	137 
1741	190 
1742	184 
1743	94 
1744	105 
1745	13 
1746	202 
1747	141 
1748	80 
1749	34 
1750	46 
1751	28 
1752	203 
1753	36 
1754	69 
1755	174 
1756	107 
1757	73 
1758	90 
1759	21 
1760	80 
1761	203 
1762	106 
1763	95 
1764	5 
1765	75 
1766	167 
1767	171 
1768	14 
1769	102 
1770	170 
1771	58 
1772	87 
1773	160 
1774	33 
1775	149 
1776	89 
1777	26 
1778	104 
1779	61 
1780	48 
1781	36 
1782	148 
1783	201 
1784	69 
1785	185 
1786	150 
1787	191 
1788	11 
1789	193 
1790	177 
1791	67 
1792	122 
1793	33 
1794	146 
1795	16 
1796	136 
1797	112 
1798	50 
1799	164 
1800	56 
1801	150 
1802	79 
1803	173 
1804	140 
1805	201 
1806	118 
1807	103 
1808	146 
1809	64 
1810	1 
1811	2 
1812	64 
1813	88 
1814	204 
1815	107 
1816	58 
1817	157 
1818	203 
1819	9 
1820	68 
1821	118 
1822	184 
1823	197 
1824	163 
1825	118 
1826	126 
1827	81 
1828	56 
1829	125 
1830	169 
1831	38 
1832	30 
1833	98 
1834	101 
1835	23 
1836	66 
1837	84 
1838	92 
1839	148 
1840	22 
1841	46 
1842	110 
1843	117 
1844	46 
1845	171 
1846	147 
1847	167 
1848	118 
1849	148 
1850	108 
1851	122 
1852	124 
1853	175 
1854	80 
1855	88 
1856	67 
1857	43 
1858	80 
1859	186 
1860	55 
1861	122 
1862	150 
1863	51 
1864	64 
1865	34 
1866	159 
1867	30 
1868	87 
1869	158 
1870	48 
1871	41 
1872	182 
1873	87 
1874	44 
1875	141 
1876	146 
1877	172 
1878	188 
1879	37 
1880	108 
1881	123 
1882	154 
1883	30 
1884	44 
1885	204 
1886	34 
1887	188 
1888	195 
1889	7 
1890	88 
1891	77 
1892	53 
1893	202 
1894	146 
1895	158 
1896	6 
1897	127 
1898	55 
1899	69 
1900	160 
1901	163 
1902	74 
1903	116 
1904	91 
1905	178 
1906	102 
1907	80 
1908	31 
1909	125 
1910	136 
1911	91 
1912	173 
1913	121 
1914	60 
1915	24 
1916	56 
1917	19 
1918	177 
1919	180 
1920	198 
1921	117 
1922	185 
1923	142 
1924	50 
1925	89 
1926	4 
1927	34 
1928	125 
1929	196 
1930	201 
1931	84 
1932	147 
1933	61 
1934	129 
1935	83 
1936	180 
1937	96 
1938	183 
1939	140 
1940	69 
1941	17 
1942	38 
1943	35 
1944	71 
1945	21 
1946	146 
1947	131 
1948	147 
1949	51 
1950	13 
1951	146 
1952	75 
1953	149 
1954	41 
1955	147 
1956	131 
1957	189 
1958	171 
1959	129 
1960	160 
1961	70 
1962	187 
1963	92 
1964	2 
1965	148 
1966	53 
1967	115 
1968	94 
1969	138 
1970	110 
1971	166 
1972	72 
1973	53 
1974	112 
1975	180 
1976	94 
1977	103 
1978	182 
1979	62 
1980	43 
1981	52 
1982	75 
1983	112 
1984	50 
1985	150 
1986	87 
1987	175 
1988	38 
1989	58 
1990	159 
1991	160 
1992	76 
1993	59 
1994	32 
1995	30 
1996	84 
1997	121 
1998	115 
1999	102 
2000	167 
2001	171 
2002	1 
2003	30 
2004	199 
2005	70 
2006	161 
2007	172 
2008	3 
2009	189 
2010	41 
2011	31 
2012	38 
2013	139 
2014	184 
2015	171 
2016	62 
2017	166 
2018	59 
2019	205 
2020	15 
2021	14 
2022	105 
2023	123 
2024	151 
2025	16 
2026	23 
2027	46 
2028	72 
2029	42 
2030	103 
2031	103 
2032	189 
2033	123 
2034	162 
2035	66 
2036	61 
2037	3 
2038	71 
2039	46 
2040	85 
2041	120 
2042	79 
2043	118 
2044	55 
2045	75 
2046	106 
2047	112 
2048	43 
2049	83 
2050	102 
2051	203 
2052	125 
2053	150 
2054	189 
2055	28 
2056	46 
2057	169 
2058	150 
2059	79 
2060	154 
2061	160 
2062	61 
2063	129 
2064	28 
2065	75 
2066	46 
2067	54 
2068	9 
2069	14 
2070	19 
2071	184 
2072	84 
2073	126 
2074	85 
2075	152 
2076	145 
2077	84 
2078	71 
2079	183 
2080	45 
2081	112 
2082	186 
2083	30 
2084	6 
2085	127 
2086	181 
2087	38 
2088	164 
2089	45 
2090	56 
2091	46 
2092	139 
2093	121 
2094	33 
2095	67 
2096	167 
2097	190 
2098	21 
2099	150 
2100	26 
2101	177 
2102	49 
2103	185 
2104	190 
2105	13 
2106	120 
2107	113 
2108	59 
2109	60 
2110	193 
2111	49 
2112	145 
2113	144 
2114	64 
2115	34 
2116	30 
2117	114 
2118	85 
2119	172 
2120	205 
2121	59 
2122	79 
2123	175 
2124	136 
2125	38 
2126	8 
2127	133 
2128	157 
2129	30 
2130	159 
2131	187 
2132	182 
2133	102 
2134	186 
2135	118 
2136	84 
2137	15 
2138	34 
2139	118 
2140	186 
2141	181 
2142	2 
2143	179 
2144	33 
2145	150 
2146	161 
2147	85 
2148	205 
2149	3 
2150	23 
2151	65 
2152	69 
2153	41 
2154	115 
2155	50 
2156	120 
2157	131 
2158	172 
2159	158 
2160	200 
2161	51 
2162	153 
2163	113 
2164	164 
2165	21 
2166	193 
2167	66 
2168	53 
2169	167 
2170	72 
2171	50 
2172	41 
2173	4 
2174	166 
2175	159 
2176	126 
2177	12 
2178	46 
2179	172 
2180	78 
2181	52 
2182	115 
2183	91 
2184	111 
2185	154 
2186	108 
2187	20 
2188	44 
2189	29 
2190	96 
2191	129 
2192	60 
2193	175 
2194	205 
2195	41 
2196	185 
2197	175 
2198	78 
2199	90 
2200	61 
2201	201 
2202	83 
2203	129 
2204	152 
2205	124 
2206	15 
2207	71 
2208	84 
2209	13 
2210	179 
2211	116 
2212	90 
2213	85 
2214	98 
2215	57 
2216	177 
2217	21 
2218	151 
2219	144 
2220	19 
2221	29 
2222	59 
2223	46 
2224	107 
2225	156 
2226	137 
2227	57 
2228	159 
2229	166 
2230	7 
2231	168 
2232	49 
2233	137 
2234	83 
2235	158 
2236	197 
2237	121 
2238	205 
2239	176 
2240	118 
2241	195 
2242	177 
2243	175 
2244	155 
2245	72 
2246	34 
2247	110 
2248	142 
2249	185 
2250	143 
2251	58 
2252	21 
2253	141 
2254	74 
2255	89 
2256	114 
2257	85 
2258	31 
2259	95 
2260	75 
2261	153 
2262	13 
2263	72 
2264	57 
2265	94 
2266	83 
2267	30 
2268	167 
2269	206 
2270	85 
2271	21 
2272	174 
2273	147 
2274	90 
2275	76 
2276	177 
2277	167 
2278	156 
2279	38 
2280	35 
2281	49 
2282	11 
2283	104 
2284	161 
2285	71 
2286	167 
2287	10 
2288	63 
2289	16 
2290	174 
2291	201 
2292	54 
2293	159 
2294	122 
2295	2 
2296	48 
2297	139 
2298	30 
2299	84 
2300	12 
2301	188 
2302	10 
2303	21 
2304	91 
2305	56 
2306	64 
2307	199 
2308	174 
2309	13 
2310	28 
2311	84 
2312	186 
2313	121 
2314	115 
2315	171 
2316	115 
2317	124 
2318	45 
2319	166 
2320	20 
2321	69 
2322	38 
2323	132 
2324	26 
2325	55 
2326	88 
2327	108 
2328	131 
2329	145 
2330	164 
2331	68 
2332	98 
2333	90 
2334	118 
2335	152 
2336	43 
2337	53 
2338	177 
2339	57 
2340	36 
2341	80 
2342	158 
2343	107 
2344	22 
2345	122 
2346	56 
2347	185 
2348	11 
2349	172 
2350	170 
2351	131 
2352	99 
2353	133 
2354	48 
2355	167 
2356	46 
2357	107 
2358	164 
2359	27 
2360	25 
2361	84 
2362	137 
2363	180 
2364	80 
2365	85 
2366	157 
2367	120 
2368	191 
2369	137 
2370	129 
2371	181 
2372	181 
2373	176 
2374	97 
2375	178 
2376	45 
2377	139 
2378	156 
2379	180 
2380	105 
2381	28 
2382	26 
2383	118 
2384	89 
2385	47 
2386	82 
2387	11 
2388	142 
2389	124 
2390	183 
2391	102 
2392	171 
2393	123 
2394	135 
2395	159 
2396	21 
2397	69 
2398	197 
2399	121 
2400	136 
2401	105 
2402	56 
2403	190 
2404	144 
2405	130 
2406	131 
2407	189 
2408	147 
2409	148 
2410	64 
2411	19 
2412	161 
2413	109 
2414	84 
2415	136 
2416	33 
2417	120 
2418	166 
2419	28 
2420	60 
2421	27 
2422	93 
2423	162 
2424	164 
2425	80 
2426	139 
2427	133 
2428	68 
2429	50 
2430	56 
2431	104 
2432	136 
2433	11 
2434	41 
2435	52 
2436	112 
2437	5 
2438	185 
2439	91 
2440	92 
2441	130 
2442	148 
2443	121 
2444	63 
2445	57 
2446	13 
2447	95 
2448	30 
2449	190 
2450	11 
2451	159 
2452	132 
2453	64 
2454	83 
2455	141 
2456	127 
2457	168 
2458	55 
2459	79 
2460	23 
2461	180 
2462	64 
2463	141 
2464	118 
2465	26 
2466	190 
2467	107 
2468	104 
2469	58 
2470	185 
2471	122 
2472	115 
2473	104 
2474	24 
2475	193 
2476	131 
2477	118 
2478	35 
2479	139 
2480	66 
2481	110 
2482	184 
2483	58 
2484	58 
2485	91 
2486	193 
2487	21 
2488	107 
2489	201 
2490	55 
2491	183 
2492	16 
2493	57 
2494	161 
2495	80 
2496	45 
2497	28 
2498	14 
2499	93 
2500	120 
2501	35 
2502	119 
2503	18 
2504	57 
2505	160 
2506	90 
2507	131 
2508	201 
2509	140 
2510	117 
2511	146 
2512	114 
2513	56 
2514	126 
2515	2 
2516	55 
2517	29 
2518	167 
2519	49 
2520	167 
2521	34 
2522	74 
2523	45 
2524	14 
2525	80 
2526	191 
2527	21 
2528	139 
2529	98 
2530	110 
2531	25 
2532	150 
2533	15 
2534	79 
2535	150 
2536	21 
2537	23 
2538	156 
2539	82 
2540	187 
2541	113 
2542	92 
2543	201 
2544	80 
2545	31 
2546	116 
2547	141 
2548	91 
2549	61 
2550	50 
2551	88 
2552	69 
2553	37 
2554	204 
2555	81 
2556	166 
2557	116 
2558	102 
2559	14 
2560	33 
2561	129 
2562	146 
2563	184 
2564	61 
2565	41 
2566	19 
2567	112 
2568	86 
2569	56 
2570	206 
2571	43 
2572	71 
2573	65 
2574	183 
2575	19 
2576	31 
2577	129 
2578	142 
2579	199 
2580	84 
2581	20 
2582	125 
2583	58 
2584	206 
2585	117 
2586	190 
2587	145 
2588	76 
2589	146 
2590	197 
2591	167 
2592	88 
2593	53 
2594	81 
2595	9 
2596	2 
2597	142 
2598	71 
2599	185 
2600	43 
2601	66 
2602	193 
2603	54 
2604	201 
2605	88 
2606	39 
2607	131 
2608	82 
2609	187 
2610	60 
2611	58 
2612	107 
2613	95 
2614	81 
2615	185 
2616	206 
2617	166 
2618	155 
2619	16 
2620	58 
2621	121 
2622	157 
2623	175 
2624	90 
2625	46 
2626	149 
2627	96 
2628	71 
2629	29 
2630	180 
2631	114 
2632	108 
2633	146 
2634	118 
2635	123 
2636	54 
2637	204 
2638	112 
2639	205 
2640	84 
2641	101 
2642	163 
2643	14 
2644	165 
2645	85 
2646	134 
2647	100 
2648	138 
2649	43 
2650	32 
2651	180 
2652	151 
2653	136 
2654	82 
2655	142 
2656	102 
2657	160 
2658	38 
2659	102 
2660	73 
2661	191 
2662	71 
2663	65 
2664	14 
2665	114 
2666	44 
2667	88 
2668	85 
2669	38 
2670	175 
2671	140 
2672	85 
2673	99 
2674	141 
2675	189 
2676	51 
2677	171 
2678	113 
2679	30 
2680	6 
2681	75 
2682	71 
2683	150 
2684	206 
2685	50 
2686	53 
2687	158 
2688	121 
2689	170 
2690	116 
2691	38 
2692	125 
2693	162 
2694	47 
2695	182 
2696	75 
2697	105 
2698	133 
2699	201 
2700	84 
2701	46 
2702	17 
2703	190 
2704	21 
2705	134 
2706	55 
2707	132 
2708	136 
2709	141 
2710	141 
2711	11 
2712	33 
2713	89 
2714	16 
2715	126 
2716	53 
2717	195 
2718	177 
2719	43 
2720	142 
2721	205 
2722	184 
2723	194 
2724	95 
2725	136 
2726	154 
2727	138 
2728	101 
2729	110 
2730	128 
2731	74 
2732	1 
2733	180 
2734	8 
2735	121 
2736	120 
2737	66 
2738	110 
2739	52 
2740	11 
2741	108 
2742	137 
2743	107 
2744	186 
2745	87 
2746	2 
2747	166 
2748	77 
2749	198 
2750	175 
2751	167 
2752	172 
2753	123 
2754	131 
2755	53 
2756	140 
2757	44 
2758	53 
2759	43 
2760	206 
2761	186 
2762	201 
2763	159 
2764	179 
2765	76 
2766	105 
2767	180 
2768	95 
2769	121 
2770	185 
2771	52 
2772	79 
2773	129 
2774	172 
2775	16 
2776	126 
2777	181 
2778	62 
2779	82 
2780	84 
2781	125 
2782	136 
2783	139 
2784	118 
2785	27 
2786	158 
2787	69 
2788	5 
2789	184 
2790	60 
2791	75 
2792	126 
2793	42 
2794	45 
2795	105 
2796	164 
2797	53 
2798	206 
2799	126 
2800	186 
2801	175 
2802	45 
2803	96 
2804	159 
2805	192 
2806	84 
2807	35 
2808	13 
2809	169 
2810	31 
2811	84 
2812	53 
2813	70 
2814	169 
2815	172 
2816	128 
2817	204 
2818	55 
2819	187 
2820	38 
2821	206 
2822	163 
2823	106 
2824	73 
2825	79 
2826	63 
2827	152 
2828	19 
2829	165 
2830	37 
2831	85 
2832	43 
2833	96 
2834	161 
2835	45 
2836	173 
2837	46 
2838	176 
2839	177 
2840	56 
2841	206 
2842	101 
2843	163 
2844	115 
2845	49 
2846	34 
2847	160 
2848	77 
2849	139 
2850	164 
2851	104 
2852	120 
2853	177 
2854	122 
2855	110 
2856	146 
2857	161 
2858	34 
2859	106 
2860	154 
2861	166 
2862	121 
2863	176 
2864	60 
2865	33 
2866	21 
2867	151 
2868	136 
2869	55 
2870	83 
2871	143 
2872	48 
2873	61 
2874	30 
2875	45 
2876	97 
2877	112 
2878	11 
2879	66 
2880	56 
2881	190 
2882	46 
2883	206 
2884	105 
2885	107 
2886	56 
2887	16 
2888	164 
2889	85 
2890	34 
2891	136 
2892	108 
2893	31 
2894	163 
2895	164 
2896	163 
2897	88 
2898	61 
2899	19 
2900	163 
2901	172 
2902	66 
2903	52 
2904	201 
2905	13 
2906	202 
2907	166 
2908	201 
2909	142 
2910	131 
2911	53 
2912	186 
2913	157 
2914	190 
2915	38 
2916	195 
2917	158 
2918	183 
2919	77 
2920	135 
2921	31 
2922	14 
2923	126 
2924	103 
2925	69 
2926	5 
2927	57 
2928	115 
2929	65 
2930	194 
2931	115 
2932	18 
2933	29 
2934	56 
2935	9 
2936	131 
2937	55 
2938	150 
2939	105 
2940	151 
2941	4 
2942	44 
2943	125 
2944	53 
2945	100 
2946	92 
2947	146 
2948	195 
2949	66 
2950	205 
2951	158 
2952	154 
2953	68 
2954	21 
2955	118 
2956	55 
2957	177 
2958	111 
2959	64 
2960	79 
2961	74 
2962	52 
2963	111 
2964	53 
2965	22 
2966	79 
2967	168 
2968	176 
2969	121 
2970	133 
2971	178 
2972	45 
2973	129 
2974	99 
2975	137 
2976	27 
2977	163 
2978	12 
2979	172 
2980	164 
2981	55 
2982	30 
2983	151 
2984	201 
2985	4 
2986	108 
2987	204 
2988	121 
2989	71 
2990	39 
2991	142 
2992	181 
2993	185 
2994	56 
2995	165 
2996	13 
2997	137 
2998	67 
2999	200 
3000	149 
3001	92 
3002	50 
3003	85 
3004	102 
3005	72 
3006	53 
3007	186 
3008	176 
3009	49 
3010	115 
3011	162 
3012	194 
3013	131 
3014	10 
3015	201 
3016	69 
3017	21 
3018	106 
3019	59 
3020	198 
3021	175 
3022	137 
3023	31 
3024	16 
3025	114 
3026	63 
3027	177 
3028	138 
3029	56 
3030	106 
3031	158 
3032	32 
3033	193 
3034	139 
3035	139 
3036	36 
3037	85 
3038	134 
3039	61 
3040	13 
3041	58 
3042	110 
3043	43 
3044	106 
3045	50 
3046	138 
3047	90 
3048	72 
3049	19 
3050	200 
3051	12 
3052	9 
3053	115 
3054	205 
3055	164 
3056	159 
3057	41 
3058	74 
3059	74 
3060	158 
3061	171 
3062	174 
3063	193 
3064	10 
3065	123 
3066	154 
3067	7 
3068	123 
3069	40 
3070	45 
3071	159 
3072	134 
3073	188 
3074	154 
3075	101 
3076	102 
3077	75 
3078	121 
3079	34 
3080	56 
3081	118 
3082	159 
3083	28 
3084	25 
3085	130 
3086	193 
3087	121 
3088	42 
3089	27 
3090	97 
3091	190 
3092	139 
3093	146 
3094	166 
3095	38 
3096	4 
3097	128 
3098	179 
3099	75 
3100	139 
3101	134 
3102	32 
3103	115 
3104	190 
3105	167 
3106	56 
3107	150 
3108	149 
3109	98 
3110	25 
3111	171 
3112	110 
3113	46 
3114	33 
3115	185 
3116	51 
3117	194 
3118	43 
3119	33 
3120	15 
3121	204 
3122	60 
3123	98 
3124	190 
3125	159 
3126	35 
3127	164 
3128	16 
3129	1 
3130	177 
3131	39 
3132	154 
3133	34 
3134	13 
3135	70 
3136	32 
3137	175 
3138	50 
3139	55 
3140	137 
3141	184 
3142	15 
3143	71 
3144	61 
3145	142 
3146	169 
3147	128 
3148	13 
3149	80 
3150	63 
3151	135 
3152	113 
3153	97 
3154	113 
3155	185 
3156	17 
3157	49 
3158	56 
3159	70 
3160	86 
3161	43 
3162	102 
3163	157 
3164	6 
3165	56 
3166	177 
3167	196 
3168	123 
3169	73 
3170	120 
3171	18 
3172	12 
3173	3 
3174	159 
3175	15 
3176	139 
3177	14 
3178	80 
3179	18 
3180	167 
3181	116 
3182	167 
3183	68 
3184	161 
3185	116 
3186	101 
3187	177 
3188	83 
3189	78 
3190	150 
3191	51 
3192	138 
3193	15 
3194	20 
3195	206 
3196	69 
3197	180 
3198	150 
3199	180 
3200	22 
3201	201 
3202	2 
3203	88 
3204	71 
3205	158 
3206	129 
3207	137 
3208	167 
3209	110 
3210	168 
3211	186 
3212	114 
3213	33 
3214	114 
3215	56 
3216	6 
3217	62 
3218	67 
3219	171 
3220	61 
3221	137 
3222	57 
3223	60 
3224	89 
3225	156 
3226	6 
3227	139 
3228	76 
3229	129 
3230	204 
3231	59 
3232	145 
3233	136 
3234	154 
3235	13 
3236	150 
3237	126 
3238	186 
3239	19 
3240	115 
3241	188 
3242	53 
3243	109 
3244	197 
3245	156 
3246	112 
3247	18 
3248	164 
3249	101 
3250	94 
3251	166 
3252	110 
3253	30 
3254	137 
3255	102 
3256	171 
3257	7 
3258	55 
3259	77 
3260	3 
3261	15 
3262	30 
3263	15 
3264	34 
3265	8 
3266	131 
3267	170 
3268	204 
3269	184 
3270	200 
3271	84 
3272	150 
3273	17 
3274	91 
3275	158 
3276	126 
3277	24 
3278	46 
3279	32 
3280	130 
3281	83 
3282	149 
3283	124 
3284	143 
3285	90 
3286	70 
3287	29 
3288	85 
3289	137 
3290	185 
3291	103 
3292	144 
3293	50 
3294	84 
3295	173 
3296	66 
3297	17 
3298	139 
3299	44 
3300	68 
3301	61 
3302	41 
3303	30 
3304	57 
3305	7 
3306	166 
3307	102 
3308	35 
3309	38 
3310	131 
3311	181 
3312	158 
3313	139 
3314	206 
3315	122 
3316	59 
3317	85 
3318	37 
3319	139 
3320	88 
3321	190 
3322	179 
3323	58 
3324	85 
3325	120 
3326	30 
3327	21 
3328	111 
3329	131 
3330	186 
3331	129 
3332	172 
3333	79 
3334	183 
3335	57 
3336	169 
3337	1 
3338	50 
3339	107 
3340	6 
3341	195 
3342	74 
3343	170 
3344	53 
3345	164 
3346	121 
3347	142 
3348	171 
3349	106 
3350	8 
3351	21 
3352	93 
3353	205 
3354	167 
3355	160 
3356	27 
3357	180 
3358	133 
3359	175 
3360	8 
3361	84 
3362	158 
3363	179 
3364	202 
3365	197 
3366	190 
3367	202 
3368	98 
3369	11 
3370	5 
3371	165 
3372	122 
3373	58 
3374	126 
3375	146 
3376	58 
3377	167 
3378	185 
3379	168 
3380	112 
3381	165 
3382	115 
3383	200 
3384	47 
3385	132 
3386	170 
3387	66 
3388	31 
3389	122 
3390	203 
3391	182 
3392	44 
3393	52 
3394	201 
3395	103 
3396	117 
3397	117 
3398	64 
3399	17 
3400	142 
3401	87 
3402	181 
3403	21 
3404	147 
3405	29 
3406	38 
3407	202 
3408	56 
3409	164 
3410	21 
3411	4 
3412	76 
3413	112 
3414	168 
3415	166 
3416	2 
3417	180 
3418	19 
3419	138 
3420	204 
3421	162 
3422	83 
3423	139 
3424	80 
3425	190 
3426	66 
3427	142 
3428	166 
3429	75 
3430	41 
3431	203 
3432	122 
3433	198 
3434	86 
3435	203 
3436	172 
3437	180 
3438	185 
3439	81 
3440	78 
3441	200 
3442	90 
3443	137 
3444	175 
3445	46 
3446	114 
3447	60 
3448	56 
3449	21 
3450	82 
3451	53 
3452	107 
3453	108 
3454	85 
3455	41 
3456	175 
3457	13 
3458	172 
3459	142 
3460	177 
3461	1 
3462	13 
3463	205 
3464	205 
3465	15 
3466	125 
3467	191 
3468	161 
3469	14 
3470	9 
3471	71 
3472	45 
3473	23 
3474	107 
3475	38 
3476	38 
3477	19 
3478	150 
3479	8 
3480	58 
3481	115 
3482	61 
3483	81 
3484	41 
3485	3 
3486	81 
3487	152 
3488	46 
3489	31 
3490	13 
3491	7 
3492	187 
3493	201 
3494	55 
3495	166 
3496	201 
3497	105 
3498	201 
3499	55 
3500	22 
3501	127 
3502	134 
3503	171 
3504	138 
3505	36 
3506	115 
3507	154 
3508	45 
3509	175 
3510	157 
3511	131 
3512	90 
3513	186 
3514	136 
3515	79 
3516	187 
3517	176 
3518	85 
3519	45 
3520	14 
3521	80 
3522	201 
3523	90 
3524	117 
3525	16 
3526	104 
3527	136 
3528	38 
3529	190 
3530	141 
3531	49 
3532	20 
3533	82 
3534	186 
3535	2 
3536	14 
3537	31 
3538	80 
3539	26 
3540	162 
3541	109 
3542	15 
3543	61 
3544	162 
3545	71 
3546	84 
3547	198 
3548	157 
3549	69 
3550	51 
3551	15 
3552	129 
3553	131 
3554	137 
3555	140 
3556	184 
3557	202 
3558	15 
3559	119 
3560	200 
3561	13 
3562	167 
3563	38 
3564	201 
3565	168 
3566	137 
3567	129 
3568	138 
3569	19 
3570	198 
3571	56 
3572	114 
3573	181 
3574	112 
3575	119 
3576	138 
3577	105 
3578	60 
3579	185 
3580	185 
3581	71 
3582	34 
3583	154 
3584	137 
3585	164 
3586	32 
3587	133 
3588	19 
3589	183 
3590	140 
3591	170 
3592	158 
3593	114 
3594	106 
3595	55 
3596	102 
3597	39 
3598	80 
3599	44 
3600	125 
3601	61 
3602	199 
3603	17 
3604	110 
3605	41 
3606	141 
3607	121 
3608	45 
3609	49 
3610	82 
3611	57 
3612	125 
3613	176 
3614	171 
3615	131 
3616	63 
3617	183 
3618	190 
3619	142 
3620	46 
3621	49 
3622	115 
3623	66 
3624	104 
3625	169 
3626	150 
3627	60 
3628	131 
3629	166 
3630	185 
3631	91 
3632	30 
3633	167 
3634	82 
3635	30 
3636	115 
3637	140 
3638	106 
3639	2 
3640	186 
3641	16 
3642	58 
3643	137 
3644	195 
3645	74 
3646	200 
3647	182 
3648	150 
3649	78 
3650	112 
3651	123 
3652	109 
3653	7 
3654	10 
3655	39 
3656	15 
3657	162 
3658	142 
3659	139 
3660	162 
3661	180 
3662	159 
3663	103 
3664	104 
3665	185 
3666	192 
3667	95 
3668	177 
3669	43 
3670	137 
3671	152 
3672	28 
3673	56 
3674	49 
3675	129 
3676	140 
3677	118 
3678	193 
3679	9 
3680	37 
3681	23 
3682	50 
3683	60 
3684	119 
3685	186 
3686	177 
3687	201 
3688	90 
3689	45 
3690	190 
3691	14 
3692	77 
3693	57 
3694	56 
3695	46 
3696	190 
3697	205 
3698	90 
3699	201 
3700	145 
3701	165 
3702	69 
3703	202 
3704	35 
3705	49 
3706	162 
3707	201 
3708	6 
3709	19 
3710	62 
3711	179 
3712	127 
3713	177 
3714	129 
3715	154 
3716	30 
3717	206 
3718	50 
3719	110 
3720	102 
3721	61 
3722	139 
3723	78 
3724	122 
3725	18 
3726	110 
3727	16 
3728	201 
3729	10 
3730	60 
3731	45 
3732	54 
3733	13 
3734	112 
3735	4 
3736	103 
3737	31 
3738	57 
3739	12 
3740	167 
3741	115 
3742	110 
3743	109 
3744	63 
3745	103 
3746	34 
3747	196 
3748	189 
3749	52 
3750	154 
3751	201 
3752	183 
3753	173 
3754	55 
3755	39 
3756	101 
3757	129 
3758	195 
3759	106 
3760	19 
3761	143 
3762	149 
3763	141 
3764	165 
3765	77 
3766	140 
3767	182 
3768	134 
3769	68 
3770	102 
3771	59 
3772	71 
3773	65 
3774	99 
3775	126 
3776	181 
3777	71 
3778	154 
3779	53 
3780	201 
3781	104 
3782	48 
3783	137 
3784	109 
3785	97 
3786	77 
3787	36 
3788	52 
3789	7 
3790	51 
3791	54 
3792	160 
3793	137 
3794	135 
3795	42 
3796	49 
3797	146 
3798	6 
3799	111 
3800	139 
3801	43 
3802	88 
3803	30 
3804	159 
3805	178 
3806	71 
3807	206 
3808	72 
3809	103 
3810	132 
3811	189 
3812	64 
3813	84 
3814	167 
3815	56 
3816	152 
3817	14 
3818	19 
3819	37 
3820	53 
3821	58 
3822	67 
3823	110 
3824	158 
3825	153 
3826	177 
3827	127 
3828	182 
3829	185 
3830	109 
3831	66 
3832	154 
3833	69 
3834	35 
3835	88 
3836	19 
3837	95 
3838	79 
3839	149 
3840	196 
3841	32 
3842	51 
3843	53 
3844	126 
3845	192 
3846	146 
3847	198 
3848	79 
3849	71 
3850	79 
3851	15 
3852	63 
3853	109 
3854	16 
3855	166 
3856	56 
3857	198 
3858	82 
3859	89 
3860	45 
3861	126 
3862	186 
3863	144 
3864	193 
3865	106 
3866	50 
3867	172 
3868	181 
3869	166 
3870	131 
3871	180 
3872	136 
3873	144 
3874	87 
3875	107 
3876	107 
3877	62 
3878	99 
3879	201 
3880	17 
3881	14 
3882	87 
3883	36 
3884	80 
3885	121 
3886	97 
3887	175 
3888	45 
3889	80 
3890	56 
3891	113 
3892	141 
3893	115 
3894	190 
3895	140 
3896	175 
3897	60 
3898	95 
3899	33 
3900	25 
3901	188 
3902	31 
3903	162 
3904	33 
3905	187 
3906	17 
3907	154 
3908	201 
3909	57 
3910	46 
3911	131 
3912	165 
3913	30 
3914	31 
3915	90 
3916	116 
3917	159 
3918	49 
3919	104 
3920	33 
3921	82 
3922	146 
3923	185 
3924	140 
3925	154 
3926	17 
3927	38 
3928	122 
3929	146 
3930	94 
3931	206 
3932	167 
3933	186 
3934	102 
3935	149 
3936	64 
3937	38 
3938	166 
3939	112 
3940	30 
3941	119 
3942	190 
3943	90 
3944	181 
3945	153 
3946	63 
3947	48 
3948	103 
3949	180 
3950	41 
3951	157 
3952	121 
3953	167 
3954	139 
3955	13 
3956	69 
3957	32 
3958	135 
3959	164 
3960	56 
3961	141 
3962	34 
3963	159 
3964	201 
3965	151 
3966	103 
3967	17 
3968	194 
3969	15 
3970	19 
3971	72 
3972	35 
3973	139 
3974	119 
3975	150 
3976	138 
3977	55 
3978	200 
3979	13 
3980	105 
3981	112 
3982	34 
3983	146 
3984	79 
3985	63 
3986	180 
3987	172 
3988	150 
3989	200 
3990	31 
3991	185 
3992	74 
3993	85 
3994	15 
3995	53 
3996	184 
3997	85 
3998	122 
3999	75 
4000	84 
4001	198 
4002	28 
4003	107 
4004	202 
4005	110 
4006	55 
4007	168 
4008	121 
4009	73 
4010	96 
4011	147 
4012	90 
4013	186 
4014	105 
4015	58 
4016	43 
4017	82 
4018	190 
4019	82 
4020	15 
4021	204 
4022	171 
4023	92 
4024	147 
4025	71 
4026	19 
4027	137 
4028	85 
4029	53 
4030	105 
4031	61 
4032	15 
4033	158 
4034	74 
4035	138 
4036	200 
4037	14 
4038	3 
4039	182 
4040	25 
4041	112 
4042	131 
4043	1 
4044	180 
4045	38 
4046	109 
4047	122 
4048	138 
4049	38 
4050	142 
4051	14 
4052	6 
4053	205 
4054	121 
4055	174 
4056	20 
4057	142 
4058	128 
4059	14 
4060	38 
4061	206 
4062	191 
4063	5 
4064	129 
4065	125 
4066	199 
4067	64 
4068	83 
4069	53 
4070	167 
4071	159 
4072	195 
4073	164 
4074	162 
4075	17 
4076	13 
4077	30 
4078	132 
4079	186 
4080	41 
4081	13 
4082	111 
4083	189 
4084	179 
4085	166 
4086	204 
4087	127 
4088	101 
4089	79 
4090	48 
4091	93 
4092	192 
4093	107 
4094	37 
4095	47 
4096	112 
4097	41 
4098	147 
4099	166 
4100	128 
4101	191 
4102	129 
4103	103 
4104	93 
4105	141 
4106	206 
4107	16 
4108	110 
4109	149 
4110	156 
4111	38 
4112	190 
4113	204 
4114	44 
4115	193 
4116	190 
4117	44 
4118	84 
4119	191 
4120	69 
4121	158 
4122	74 
4123	181 
4124	205 
4125	149 
4126	125 
4127	129 
4128	85 
4129	115 
4130	123 
4131	137 
4132	13 
4133	84 
4134	55 
4135	146 
4136	30 
4137	143 
4138	59 
4139	141 
4140	178 
4141	121 
4142	110 
4143	159 
4144	59 
4145	167 
4146	51 
4147	176 
4148	113 
4149	71 
4150	147 
4151	17 
4152	21 
4153	147 
4154	167 
4155	80 
4156	18 
4157	61 
4158	31 
4159	14 
4160	85 
4161	58 
4162	83 
4163	32 
4164	88 
4165	80 
4166	123 
4167	11 
4168	194 
4169	9 
4170	121 
4171	132 
4172	43 
4173	98 
4174	88 
4175	166 
4176	162 
4177	129 
4178	122 
4179	99 
4180	139 
4181	34 
4182	2 
4183	193 
4184	83 
4185	138 
4186	21 
4187	161 
4188	200 
4189	89 
4190	15 
4191	199 
4192	191 
4193	89 
4194	19 
4195	117 
4196	58 
4197	162 
4198	157 
4199	126 
4200	33 
4201	80 
4202	34 
4203	62 
4204	185 
4205	81 
4206	26 
4207	96 
4208	182 
4209	40 
4210	13 
4211	35 
4212	138 
4213	66 
4214	156 
4215	121 
4216	50 
4217	143 
4218	132 
4219	173 
4220	188 
4221	57 
4222	169 
4223	190 
4224	84 
4225	196 
4226	85 
4227	175 
4228	19 
4229	60 
4230	31 
4231	167 
4232	61 
4233	74 
4234	66 
4235	97 
4236	190 
4237	178 
4238	104 
4239	52 
4240	78 
4241	175 
4242	140 
4243	180 
4244	110 
4245	111 
4246	23 
4247	46 
4248	88 
4249	61 
4250	152 
4251	120 
4252	122 
4253	35 
4254	43 
4255	34 
4256	58 
4257	61 
4258	66 
4259	86 
4260	115 
4261	51 
4262	155 
4263	148 
4264	107 
4265	162 
4266	75 
4267	170 
4268	78 
4269	17 
4270	76 
4271	206 
4272	49 
4273	147 
4274	9 
4275	122 
4276	129 
4277	142 
4278	80 
4279	76 
4280	202 
4281	96 
4282	74 
4283	164 
4284	15 
4285	64 
4286	153 
4287	155 
4288	32 
4289	206 
4290	68 
4291	115 
4292	201 
4293	143 
4294	101 
4295	15 
4296	145 
4297	167 
4298	90 
4299	85 
4300	38 
4301	137 
4302	97 
4303	112 
4304	7 
4305	19 
4306	123 
4307	9 
4308	97 
4309	76 
4310	32 
4311	198 
4312	131 
4313	167 
4314	136 
4315	45 
4316	130 
4317	166 
4318	171 
4319	63 
4320	31 
4321	71 
4322	67 
4323	154 
4324	4 
4325	190 
4326	166 
4327	201 
4328	129 
4329	129 
4330	31 
4331	53 
4332	80 
4333	160 
4334	21 
4335	17 
4336	167 
4337	136 
4338	15 
4339	184 
4340	136 
4341	43 
4342	206 
4343	14 
4344	164 
4345	25 
4346	136 
4347	78 
4348	57 
4349	172 
4350	38 
4351	129 
4352	166 
4353	117 
4354	82 
4355	21 
4356	129 
4357	135 
4358	130 
4359	112 
4360	58 
4361	136 
4362	201 
4363	52 
4364	18 
4365	108 
4366	11 
4367	22 
4368	103 
4369	205 
4370	155 
4371	103 
4372	5 
4373	127 
4374	37 
4375	3 
4376	32 
4377	8 
4378	144 
4379	142 
4380	100 
4381	36 
4382	39 
4383	93 
4384	32 
4385	85 
4386	21 
4387	140 
4388	66 
4389	129 
4390	60 
4391	88 
4392	109 
4393	106 
4394	63 
4395	156 
4396	71 
4397	17 
4398	4 
4399	12 
4400	131 
4401	136 
4402	158 
4403	193 
4404	116 
4405	42 
4406	66 
4407	144 
4408	177 
4409	104 
4410	145 
4411	189 
4412	57 
4413	159 
4414	16 
4415	198 
4416	71 
4417	28 
4418	146 
4419	21 
4420	116 
4421	131 
4422	139 
4423	60 
4424	11 
4425	125 
4426	14 
4427	123 
4428	139 
4429	112 
4430	55 
4431	71 
4432	153 
4433	63 
4434	62 
4435	41 
4436	49 
4437	146 
4438	148 
4439	106 
4440	163 
4441	118 
4442	195 
4443	199 
4444	158 
4445	189 
4446	146 
4447	175 
4448	118 
4449	45 
4450	197 
4451	34 
4452	193 
4453	79 
4454	18 
4455	71 
4456	71 
4457	60 
4458	184 
4459	137 
4460	21 
4461	166 
4462	3 
4463	49 
4464	35 
4465	168 
4466	158 
4467	149 
4468	93 
4469	45 
4470	171 
4471	80 
4472	192 
4473	114 
4474	45 
4475	90 
4476	164 
4477	50 
4478	58 
4479	199 
4480	152 
4481	15 
4482	39 
4483	155 
4484	47 
4485	186 
4486	137 
4487	143 
4488	72 
4489	6 
4490	33 
4491	124 
4492	179 
4493	194 
4494	46 
4495	115 
4496	179 
4497	149 
4498	122 
4499	15 
4500	171 
4501	81 
4502	55 
4503	162 
4504	155 
4505	106 
4506	172 
4507	155 
4508	38 
4509	66 
4510	110 
4511	8 
4512	118 
4513	137 
4514	188 
4515	34 
4516	61 
4517	102 
4518	180 
4519	154 
4520	103 
4521	64 
4522	13 
4523	168 
4524	45 
4525	56 
4526	201 
4527	56 
4528	137 
4529	54 
4530	142 
4531	146 
4532	66 
4533	45 
4534	96 
4535	162 
4536	64 
4537	160 
4538	14 
4539	89 
4540	43 
4541	106 
4542	195 
4543	6 
4544	24 
4545	137 
4546	55 
4547	21 
4548	187 
4549	7 
4550	139 
4551	84 
4552	28 
4553	56 
4554	84 
4555	142 
4556	105 
4557	138 
4558	77 
4559	49 
4560	132 
4561	22 
4562	160 
4563	94 
4564	94 
4565	72 
4566	151 
4567	162 
4568	82 
4569	59 
4570	86 
4571	112 
4572	127 
4573	40 
4574	39 
4575	30 
4576	136 
4577	45 
4578	115 
4579	200 
4580	193 
4581	188 
4582	21 
4583	125 
4584	74 
4585	98 
4586	41 
4587	9 
4588	65 
4589	170 
4590	43 
4591	12 
4592	149 
4593	83 
4594	142 
4595	118 
4596	7 
4597	193 
4598	59 
4599	59 
4600	163 
4601	6 
4602	37 
4603	172 
4604	151 
4605	175 
4606	206 
4607	68 
4608	154 
4609	19 
4610	63 
4611	47 
4612	160 
4613	137 
4614	96 
4615	165 
4616	188 
4617	51 
4618	125 
4619	158 
4620	171 
4621	152 
4622	31 
4623	37 
4624	84 
4625	71 
4626	100 
4627	150 
4628	50 
4629	42 
4630	17 
4631	154 
4632	64 
4633	185 
4634	101 
4635	154 
4636	37 
4637	49 
4638	82 
4639	44 
4640	83 
4641	83 
4642	178 
4643	89 
4644	199 
4645	189 
4646	101 
4647	200 
4648	180 
4649	115 
4650	15 
4651	95 
4652	64 
4653	131 
4654	103 
4655	183 
4656	84 
4657	154 
4658	107 
4659	80 
4660	41 
4661	192 
4662	69 
4663	105 
4664	89 
4665	72 
4666	55 
4667	124 
4668	184 
4669	175 
4670	60 
4671	46 
4672	167 
4673	13 
4674	130 
4675	48 
4676	56 
4677	17 
4678	14 
4679	75 
4680	185 
4681	160 
4682	81 
4683	129 
4684	1 
4685	60 
4686	138 
4687	198 
4688	66 
4689	198 
4690	86 
4691	41 
4692	40 
4693	76 
4694	80 
4695	142 
4696	107 
4697	82 
4698	185 
4699	89 
4700	17 
4701	195 
4702	100 
4703	30 
4704	147 
4705	17 
4706	135 
4707	30 
4708	201 
4709	100 
4710	206 
4711	11 
4712	158 
4713	55 
4714	86 
4715	79 
4716	27 
4717	177 
4718	19 
4719	64 
4720	182 
4721	80 
4722	128 
4723	80 
4724	166 
4725	80 
4726	71 
4727	139 
4728	136 
4729	130 
4730	186 
4731	15 
4732	115 
4733	196 
4734	59 
4735	56 
4736	121 
4737	150 
4738	166 
4739	53 
4740	172 
4741	154 
4742	164 
4743	29 
4744	183 
4745	30 
4746	136 
4747	102 
4748	200 
4749	169 
4750	103 
4751	158 
4752	157 
4753	139 
4754	121 
4755	142 
4756	56 
4757	112 
4758	191 
4759	30 
4760	204 
4761	81 
4762	3 
4763	85 
4764	34 
4765	113 
4766	175 
4767	61 
4768	125 
4769	6 
4770	175 
4771	147 
4772	60 
4773	104 
4774	142 
4775	107 
4776	187 
4777	109 
4778	80 
4779	30 
4780	140 
4781	50 
4782	139 
4783	205 
4784	123 
4785	89 
4786	108 
4787	39 
4788	121 
4789	53 
4790	45 
4791	92 
4792	98 
4793	142 
4794	140 
4795	99 
4796	110 
4797	123 
4798	114 
4799	153 
4800	146 
4801	1 
4802	21 
4803	72 
4804	15 
4805	180 
4806	16 
4807	54 
4808	123 
4809	181 
4810	195 
4811	90 
4812	97 
4813	16 
4814	91 
4815	60 
4816	178 
4817	117 
4818	139 
4819	66 
4820	74 
4821	89 
4822	134 
4823	53 
4824	13 
4825	18 
4826	76 
4827	69 
4828	118 
4829	72 
4830	84 
4831	45 
4832	206 
4833	21 
4834	151 
4835	64 
4836	78 
4837	83 
4838	45 
4839	151 
4840	140 
4841	61 
4842	82 
4843	180 
4844	189 
4845	76 
4846	121 
4847	175 
4848	135 
4849	66 
4850	71 
4851	102 
4852	193 
4853	89 
4854	181 
4855	172 
4856	31 
4857	142 
4858	166 
4859	84 
4860	127 
4861	189 
4862	155 
4863	69 
4864	9 
4865	109 
4866	112 
4867	125 
4868	126 
4869	186 
4870	102 
4871	45 
4872	196 
4873	181 
4874	206 
4875	122 
4876	146 
4877	33 
4878	164 
4879	69 
4880	123 
4881	125 
4882	39 
4883	59 
4884	160 
4885	89 
4886	76 
4887	195 
4888	6 
4889	18 
4890	121 
4891	119 
4892	7 
4893	168 
4894	91 
4895	180 
4896	158 
4897	67 
4898	75 
4899	2 
4900	55 
4901	155 
4902	13 
4903	34 
4904	203 
4905	110 
4906	84 
4907	83 
4908	30 
4909	74 
4910	172 
4911	206 
4912	27 
4913	34 
4914	93 
4915	7 
4916	169 
4917	15 
4918	102 
4919	122 
4920	139 
4921	70 
4922	184 
4923	205 
4924	13 
4925	155 
4926	79 
4927	80 
4928	31 
4929	119 
4930	117 
4931	107 
4932	13 
4933	46 
4934	107 
4935	154 
4936	21 
4937	148 
4938	14 
4939	92 
4940	185 
4941	53 
4942	69 
4943	11 
4944	13 
4945	144 
4946	121 
4947	4 
4948	121 
4949	149 
4950	68 
4951	155 
4952	18 
4953	200 
4954	53 
4955	118 
4956	17 
4957	13 
4958	35 
4959	3 
4960	31 
4961	171 
4962	117 
4963	158 
4964	169 
4965	80 
4966	165 
4967	102 
4968	183 
4969	115 
4970	90 
4971	74 
4972	167 
4973	138 
4974	83 
4975	200 
4976	2 
4977	123 
4978	107 
4979	146 
4980	198 
4981	18 
4982	8 
4983	63 
4984	203 
4985	49 
4986	83 
4987	180 
4988	189 
4989	176 
4990	120 
4991	62 
4992	93 
4993	31 
4994	101 
4995	107 
4996	180 
4997	166 
4998	169 
4999	14 
5000	93 
