1 -0.0548781429645 0.453245687211 102 30 9.80392156863

0 -0.0480529149481 0.472419952561 84 31 11.6428571429

0 -0.0630863231526 0.480672466396 78 34 12.5512820513

0 -0.0468832079074 0.478569024672 79 36 12.3797468354

0 -0.0629684787054 0.478653862709 78 34 12.5641025641

0 -0.0706176399863 0.479147736158 77 32 12.7142857143

0 -0.0750390800002 0.472480550833 79 33 12.3544303797

0 -0.0803415737511 0.474219794466 78 32 12.5256410256

0 -0.0720976866468 0.47451998961 77 31 12.961038961

0 -0.0953743619123 0.473168604667 77 31 12.7012987013

0 -0.104838495839 0.471282148045 79 32 12.4303797468

0 -0.0819263988354 0.472125963829 78 34 12.7692307692

0 -0.0990656216145 0.471999695853 74 37 13.3378378378

0 -0.0993817654943 0.471731225668 74 44 13.4189189189

0 -0.101497253077 0.471612353161 72 46 13.5833333333

0 -0.0776149765085 0.474062261611 71 46 13.7605633803

0 -0.0888101423248 0.472002372881 70 46 13.9

0 -0.0885381906609 0.472181590227 71 48 13.6901408451

0 -0.0904634931933 0.4705745281 70 51 13.8857142857

0 -0.0784182217904 0.47215422682 70 53 13.9

