0 0.721537291772 0.8795540338 93 20 10.752688172

0 0.669607983283 0.878173083922 82 27 12.1951219512

0 0.670155483917 0.877126384683 80 27 12.5

0 0.668640274294 0.875452324149 77 25 12.987012987

0 0.658819329265 0.874594507778 77 27 12.987012987

0 0.648067123743 0.872245875222 76 31 13.1578947368

0 0.646114069384 0.872192616164 75 28 13.3333333333

0 0.636272205894 0.870111474991 75 28 13.3333333333

0 0.64107559401 0.870649289701 74 34 13.5135135135

0 0.644179689729 0.870479802729 74 36 13.5135135135

0 0.620809480737 0.868221169661 74 32 13.5135135135

0 0.618488450473 0.868880681818 70 37 14.2857142857

0 0.628254745117 0.868351010431 68 38 14.7058823529

0 0.632583109838 0.868292078727 65 35 15.3846153846

0 0.632520497734 0.869191025888 63 37 15.873015873

0 0.637793057613 0.868155824791 61 34 16.393442623

0 0.642951407107 0.870364188614 60 37 16.6666666667

0 0.633573185281 0.866684942022 59 35 16.9491525424

0 0.636664377543 0.865429759979 56 36 17.8571428571

0 0.641516784742 0.86663901004 56 37 17.8571428571

