0 0.728992847327 0.885775112824 84 22 11.9047619048

0 0.704887862444 0.88204633731 84 22 11.6666666667

0 0.691627670193 0.879040206373 84 21 11.6428571429

0 0.695801557588 0.878275621784 84 24 11.6666666667

0 0.686241957814 0.876666355564 84 26 11.6547619048

0 0.676511344085 0.875560123255 84 26 11.6428571429

0 0.674282407526 0.876120682797 84 27 11.6547619048

0 0.654881643155 0.874021446488 84 27 11.6666666667

0 0.6417604778 0.873075044785 83 29 11.9156626506

0 0.633954890284 0.872060264698 83 28 11.9518072289

0 0.635647386866 0.870957870594 83 27 11.7831325301

0 0.623345406592 0.871532973378 83 29 11.9879518072

0 0.609474593831 0.869602755705 82 32 11.9146341463

0 0.606352589673 0.869759103161 82 34 12.1829268293

0 0.609939699752 0.869767988318 81 38 12.1851851852

0 0.62702505362 0.869800397885 81 31 12.012345679

0 0.616401503747 0.869393650917 81 30 12.012345679

0 0.613431854655 0.868655222558 80 35 12.1875

0 0.618060287678 0.869083285486 80 32 12.15

0 0.60665668784 0.868122353868 80 32 12.175

