0 0.715269714741 0.876703130816 95 27 10.5263157895

0 0.473714067009 0.840891843464 64 56 15.625

0 0.477144147438 0.833156822418 53 100 18.8679245283

0 0.463678598582 0.832932282599 44 102 22.7272727273

0 0.454595504401 0.818462321587 37 124 27.027027027

0 0.44763832351 0.812660694989 32 125 31.25

0 0.404631115958 0.802692056195 30 133 33.3333333333

0 0.47925415442 0.798505527191 25 145 40.0

0 0.44563348906 0.787604718093 22 168 45.4545454545

0 0.419250514265 0.786128231476 20 168 50.0

0 0.393522593742 0.767460028362 20 185 50.0

0 0.466504963277 0.772227037767 17 190 58.8235294118

0 0.467717683654 0.768382411029 16 201 62.5

0 0.466773011659 0.761779799892 13 191 76.9230769231

0 0.418008738862 0.756157743027 13 198 76.9230769231

0 0.430160186765 0.758341456308 12 191 83.3333333333

0 0.431156046675 0.766232368663 11 220 90.9090909091

0 0.425699757177 0.763325003537 11 232 90.9090909091

0 0.452261849764 0.755995859105 10 224 100.0

0 0.459502987329 0.742944826207 9 252 111.111111111

