0 0.720173944008 0.878132156538 93 31 10.752688172

0 0.696824413211 0.88202241613 85 31 11.7647058824

0 0.684181281116 0.880841914657 85 31 11.7647058824

0 0.677129729799 0.879789389995 85 29 11.7647058824

0 0.667625695602 0.878010592876 85 29 11.7647058824

0 0.656875984907 0.876942304182 85 25 11.7647058824

0 0.658115154724 0.875329357276 85 27 11.7647058824

0 0.652770129114 0.875844133905 85 29 11.7647058824

0 0.655710532768 0.875225773198 85 29 11.7647058824

0 0.655982943218 0.873664749275 85 29 11.7647058824

0 0.649655278657 0.874592009477 85 29 11.7647058824

0 0.642721260817 0.874174998467 85 31 11.7647058824

0 0.654380295032 0.874737425601 85 29 11.7647058824

0 0.65508630793 0.873254612631 85 28 11.7647058824

0 0.647972197844 0.873220622786 85 26 11.7647058824

0 0.639755881305 0.872438023442 85 28 11.7647058824

0 0.629788232382 0.871449510398 85 30 11.7647058824

0 0.633886503022 0.872574912799 85 30 11.7647058824

0 0.625161127138 0.871835887978 84 30 11.9047619048

0 0.631859766266 0.871357575074 84 29 11.9047619048

