2 -0.388837070563 0.297552904939 152 30 6.57894736842

1 -0.332577131446 0.348874455211 98 65 10.0

0 -0.335959436245 0.365989138192 81 64 12.0864197531

0 -0.329713132808 0.375296725766 75 66 13.0533333333

0 -0.365529571339 0.373012327056 77 69 12.7142857143

0 -0.358238614725 0.373069698495 72 78 13.6111111111

0 -0.331430271436 0.375046477353 70 67 13.9714285714

0 -0.334736731015 0.377293689514 69 72 14.2028985507

0 -0.331288690209 0.373255985811 76 69 12.8421052632

0 -0.343029281214 0.369516232045 69 77 14.1014492754

0 -0.349019071646 0.371530454026 68 82 14.3235294118

0 -0.335055750955 0.368250171628 66 79 14.7272727273

0 -0.345410538821 0.363101105896 76 92 12.7763157895

0 -0.370358697 0.364499073058 73 102 13.4246575342

0 -0.382316140146 0.358815480585 78 99 12.5384615385

0 -0.366112916115 0.363916584789 71 98 13.8873239437

0 -0.383030419953 0.369974540867 65 106 15.0615384615

0 -0.362280694313 0.367842785764 64 109 15.265625

0 -0.351061434875 0.364702871417 72 88 13.5138888889

0 -0.34214053898 0.364406448322 66 110 15.0

