0 0.728861353821 0.885489356144 84 30 11.9047619048

0 0.712816209754 0.879767791458 80 22 11.775

0 0.71076155655 0.876537556747 76 22 11.9736842105

0 0.725186050438 0.869062221326 73 30 11.7260273973

0 0.722163434409 0.8605516464 68 32 11.8676470588

0 0.724141797696 0.855362228071 68 31 11.2205882353

0 0.724202365479 0.854217777568 66 33 10.9848484848

0 0.736973314525 0.847808204017 60 43 11.4833333333

0 0.754545867576 0.836336357837 55 45 11.7272727273

0 0.750418100836 0.829247290891 52 43 11.9807692308

0 0.761813338403 0.828569596968 52 36 11.25

0 0.766004074811 0.822294393691 52 38 10.5

0 0.770691383337 0.809439431953 50 42 10.32

0 0.760917174316 0.8032095076 48 33 10.1458333333

0 0.764682372586 0.795407270763 49 38 9.48979591837

0 0.759573537732 0.791123721646 49 34 9.26530612245

0 0.760616146306 0.784033951727 48 35 9.0625

0 0.742172591298 0.768090033659 50 24 8.0

0 0.744835995162 0.7581224952 53 31 7.22641509434

0 0.721908478727 0.742502172905 53 26 6.84905660377

