0 0.729224990184 0.885609405855 85 26 11.7647058824

0 0.701814096087 0.881635854085 85 28 11.5882352941

0 0.679421473378 0.879334805671 85 29 11.5882352941

0 0.671752363074 0.877470487872 85 31 11.5529411765

0 0.673167927892 0.876109194684 83 30 11.8072289157

0 0.658992836691 0.875782958668 83 31 11.8192771084

0 0.654763685251 0.874006184372 83 30 11.8072289157

0 0.64282905064 0.87150894062 83 30 11.8072289157

0 0.636594441211 0.871982415975 83 29 11.8192771084

0 0.622941195408 0.871033449438 83 30 11.8192771084

0 0.636052390338 0.870023410584 83 30 11.8072289157

0 0.618392483801 0.871191410277 83 30 11.8072289157

0 0.625951227745 0.870567516264 83 32 11.8072289157

0 0.628796759664 0.868598021178 83 34 11.7831325301

0 0.619547517514 0.868697853271 83 33 11.7710843373

0 0.607153733576 0.868910460354 83 32 11.9638554217

0 0.599250441759 0.868510900994 83 31 11.843373494

0 0.618498278309 0.871280373299 83 30 11.8313253012

0 0.614556825439 0.869718595646 80 30 12.2625

0 0.614819349643 0.870153511423 80 33 12.4625

