0 0.729158206804 0.884885553551 84 33 11.9047619048

0 0.729297506118 0.877189193035 80 33 12.225

0 0.736709541717 0.87232399824 80 28 12.0

0 0.759706612408 0.866207963814 77 32 12.1818181818

0 0.762260662313 0.857545999687 75 32 12.1733333333

0 0.773653626858 0.852133085012 76 32 11.8157894737

0 0.7752569384 0.847127926341 75 35 11.84

0 0.757838349674 0.840385715692 74 34 11.7162162162

0 0.766899950811 0.825395990585 71 41 11.7605633803

0 0.765713701897 0.819751169291 74 46 11.2297297297

0 0.757656858143 0.810929022795 76 47 10.9605263158

0 0.758161198326 0.808741989738 81 49 10.3333333333

0 0.748281830741 0.799361631865 85 40 9.82352941176

0 0.746321954999 0.790476086897 86 40 9.5

0 0.738826220942 0.781396924003 87 42 9.20689655172

0 0.733373893222 0.77110168051 89 40 8.89887640449

0 0.738554204489 0.761818593179 92 37 8.54347826087

0 0.714070160609 0.74453074026 92 42 8.47826086957

0 0.706946489936 0.733393811183 93 42 8.34408602151

0 0.701272100043 0.725824551294 94 42 8.22340425532

