0 0.382081930097 0.686288875785 80 35 12.5

0 0.366168997416 0.682732146357 80 37 12.5

0 0.353006880186 0.679104958329 80 38 12.5

0 0.364709455734 0.678704318903 80 35 12.5

0 0.364342663122 0.678061615913 80 38 12.5

0 0.357768235316 0.677305533105 80 37 12.5

0 0.343973538272 0.674885854498 80 33 12.5

0 0.332116588836 0.674989977648 80 34 12.5

0 0.347929353752 0.673925552564 80 33 12.5

0 0.353733943179 0.674914136452 80 34 12.5

0 0.336030628988 0.672334605487 80 31 12.5

0 0.343979094274 0.673231995441 80 31 12.5

0 0.332598395844 0.671676615817 80 31 12.5

0 0.330611118725 0.672838806089 80 30 12.5

0 0.339632759344 0.672387540257 80 30 12.5

0 0.331268866475 0.671265935782 80 31 12.5

0 0.33330316941 0.671503185845 80 30 12.5

0 0.325537610083 0.672157566021 80 29 12.5

0 0.333998559378 0.671870084473 80 29 12.5

0 0.33168348616 0.671786032392 80 30 12.5

