0 0.565360283905 0.784240798432 83 43 12.0481927711

0 0.559078661208 0.775129856081 80 47 11.6625

0 0.54718992719 0.766873017613 76 42 11.7368421053

0 0.564385450675 0.760541182589 74 37 11.5405405405

0 0.579855563419 0.758383439323 70 41 11.9285714286

0 0.577170346857 0.751176076658 67 37 11.6119402985

0 0.598332442958 0.744665343304 63 33 11.7301587302

0 0.593502868031 0.738033284695 61 31 11.606557377

0 0.58020538523 0.734020615191 60 36 11.45

0 0.577491972626 0.723404322328 59 31 10.9661016949

0 0.592170723269 0.720193225025 62 40 9.98387096774

0 0.591790842684 0.712314641847 63 42 9.4126984127

0 0.606517936484 0.70558811531 57 43 9.9298245614

0 0.622077989446 0.702838865866 56 44 9.91071428571

0 0.62043784714 0.698511014997 53 39 10.0754716981

0 0.602812869147 0.685004468385 51 29 10.137254902

0 0.608795906032 0.676430038557 52 29 9.48076923077

0 0.618304861208 0.665772248134 51 34 9.11764705882

0 0.571076362873 0.657780576851 50 29 8.96

0 0.570477300477 0.650057300954 53 37 8.20754716981

