0 0.729057016328 0.885581114914 84 27 11.9047619048

0 0.615893502855 0.871314940851 76 35 13.1578947368

0 0.546113043724 0.865681773968 67 46 14.9253731343

0 0.546162070351 0.863701074232 64 50 15.625

0 0.471465707542 0.851370102333 59 67 16.9491525424

0 0.49395976401 0.850459184475 57 69 17.5438596491

0 0.473025182475 0.840448937119 55 70 18.1818181818

0 0.447143710645 0.839225945647 54 78 18.5185185185

0 0.46072131008 0.841423581011 52 81 19.2307692308

0 0.441213222102 0.836772011901 50 90 20.0

0 0.479059634668 0.838704498427 45 88 22.2222222222

0 0.514583155548 0.839397488638 44 90 22.7272727273

0 0.484984297784 0.829526456381 43 107 23.2558139535

0 0.485643626377 0.830160067066 41 119 24.3902439024

0 0.461559912306 0.824842577431 40 121 25.0

0 0.489867087973 0.821463809929 37 129 27.027027027

0 0.475346920572 0.817152523942 36 131 27.7777777778

0 0.493113079976 0.816393593181 35 130 28.5714285714

0 0.483994631499 0.817708372879 35 126 28.5714285714

0 0.488612251362 0.818812753132 33 127 30.303030303

