1 0.782701064274 0.871464213989 74 20 13.5135135135

0 0.769899912016 0.881604261288 62 22 16.1290322581

0 0.745839279851 0.880085318012 62 22 16.1290322581

0 0.737060729445 0.879443775766 62 25 16.1290322581

0 0.730995404346 0.877854171936 62 26 16.1290322581

0 0.718156383103 0.877093948379 62 27 16.1290322581

0 0.710429640049 0.877095467758 62 29 16.1290322581

0 0.704571803764 0.876506708378 62 31 16.1290322581

0 0.701210809108 0.87573606427 62 32 16.1290322581

0 0.699349550862 0.875347237175 62 33 16.1290322581

0 0.69839808219 0.875758448524 62 30 16.1290322581

0 0.68452212026 0.874253590557 62 31 16.1290322581

0 0.670672838067 0.873380067916 62 33 16.1290322581

0 0.655718438235 0.872811341295 62 36 16.1290322581

0 0.643446994625 0.871661191333 62 34 16.1290322581

0 0.635981168698 0.8702417193 62 34 16.1290322581

0 0.636060916732 0.870696523407 62 32 16.1290322581

0 0.636232883796 0.869891428482 62 35 16.1290322581

0 0.62867408266 0.869820911406 62 35 16.1290322581

0 0.621946705646 0.869416267694 62 36 16.1290322581

