1 -0.0748545270404 0.444670854694 106 33 9.43396226415

0 -0.0549229850334 0.474475254268 77 30 12.4805194805

0 -0.00731031132799 0.477187358095 73 37 12.5205479452

0 0.00302953779908 0.475260778757 70 47 12.7428571429

0 0.0238704659165 0.474984508626 67 60 12.6567164179

0 0.0099864209076 0.468351460766 63 62 12.6825396825

0 0.036299282923 0.467767005504 58 65 13.1379310345

0 0.000288705060398 0.457439252082 55 73 13.4

0 0.00970989321337 0.458119007967 51 82 13.6470588235

0 0.0115657442924 0.452287126091 47 54 14.1914893617

0 0.0251417914212 0.443663566375 48 54 13.5208333333

0 0.0759933195687 0.442085116515 46 61 13.3913043478

0 0.0305731346253 0.442418615921 40 72 14.85

0 0.060091110685 0.422007768094 42 79 13.3571428571

0 0.0369042566291 0.407012389684 36 80 14.0277777778

0 0.0158362461756 0.400452821725 37 74 13.2162162162

0 0.0382803046686 0.393557832727 33 76 13.9393939394

0 0.0575547116774 0.377879504028 33 95 13.7575757576

0 0.0615750933962 0.370891340352 34 90 12.6176470588

0 0.0144654653028 0.356532319013 38 122 10.7105263158

