1	215 
2	12 
3	154 
4	134 
5	118 
6	52 
7	183 
8	174 
9	190 
10	148 
11	88 
12	204 
13	2 
14	189 
15	27 
16	163 
17	53 
18	137 
19	170 
20	149 
21	132 
22	137 
23	54 
24	63 
25	205 
26	91 
27	130 
28	96 
29	197 
30	92 
31	31 
32	42 
33	60 
34	165 
35	208 
36	43 
37	196 
38	5 
39	10 
40	67 
41	96 
42	81 
43	194 
44	192 
45	149 
46	148 
47	26 
48	136 
49	15 
50	195 
51	191 
52	124 
53	70 
54	201 
55	92 
56	57 
57	49 
58	190 
59	211 
60	81 
61	44 
62	123 
63	116 
64	91 
65	73 
66	149 
67	130 
68	42 
69	59 
70	91 
71	215 
72	89 
73	101 
74	198 
75	124 
76	176 
77	140 
78	157 
79	156 
80	62 
81	187 
82	172 
83	5 
84	82 
85	111 
86	31 
87	49 
88	183 
89	72 
90	32 
91	18 
92	207 
93	71 
94	138 
95	97 
96	93 
97	26 
98	44 
99	150 
100	123 
101	38 
102	63 
103	183 
104	175 
105	205 
106	200 
107	165 
108	20 
109	172 
110	54 
111	192 
112	30 
113	132 
114	164 
115	54 
116	79 
117	22 
118	172 
119	114 
120	57 
121	63 
122	59 
123	31 
124	20 
125	102 
126	130 
127	119 
128	176 
129	26 
130	53 
131	35 
132	2 
133	27 
134	125 
135	205 
136	185 
137	215 
138	2 
139	36 
140	187 
141	45 
142	196 
143	23 
144	33 
145	15 
146	74 
147	107 
148	45 
149	100 
150	155 
151	124 
152	29 
153	44 
154	114 
155	31 
156	89 
157	176 
158	18 
159	16 
160	168 
161	156 
162	58 
163	174 
164	5 
165	1 
166	92 
167	97 
168	7 
169	147 
170	135 
171	51 
172	120 
173	15 
174	116 
175	174 
176	91 
177	71 
178	145 
179	211 
180	126 
181	70 
182	54 
183	105 
184	72 
185	53 
186	27 
187	69 
188	180 
189	128 
190	6 
191	80 
192	53 
193	202 
194	171 
195	209 
196	154 
197	137 
198	11 
199	11 
200	40 
201	95 
202	157 
203	37 
204	12 
205	137 
206	34 
207	212 
208	139 
209	15 
210	33 
211	183 
212	75 
213	212 
214	71 
215	143 
216	45 
217	201 
218	90 
219	117 
220	11 
221	180 
222	171 
223	56 
224	135 
225	206 
226	126 
227	8 
228	74 
229	35 
230	163 
231	206 
232	205 
233	189 
234	111 
235	67 
236	92 
237	139 
238	179 
239	7 
240	169 
241	170 
242	106 
243	180 
244	93 
245	187 
246	62 
247	84 
248	116 
249	213 
250	89 
251	64 
252	169 
253	101 
254	62 
255	22 
256	132 
257	54 
258	10 
259	55 
260	55 
261	11 
262	106 
263	165 
264	17 
265	163 
266	19 
267	74 
268	64 
269	91 
270	54 
271	205 
272	107 
273	111 
274	19 
275	8 
276	189 
277	86 
278	159 
279	76 
280	116 
281	72 
282	132 
283	93 
284	26 
285	15 
286	187 
287	77 
288	164 
289	191 
290	23 
291	22 
292	182 
293	1 
294	214 
295	152 
296	117 
297	65 
298	154 
299	113 
300	97 
301	66 
302	214 
303	48 
304	14 
305	200 
306	111 
307	28 
308	44 
309	82 
310	134 
311	156 
312	63 
313	26 
314	15 
315	102 
316	37 
317	73 
318	84 
319	196 
320	210 
321	109 
322	181 
323	204 
324	16 
325	210 
326	149 
327	206 
328	168 
329	193 
330	197 
331	156 
332	116 
333	193 
334	166 
335	190 
336	177 
337	211 
338	47 
339	42 
340	111 
341	145 
342	122 
343	60 
344	93 
345	16 
346	205 
347	171 
348	47 
349	205 
350	67 
351	78 
352	209 
353	173 
354	5 
355	153 
356	86 
357	170 
358	136 
359	112 
360	154 
361	63 
362	120 
363	145 
364	91 
365	116 
366	149 
367	96 
368	112 
369	146 
370	165 
371	97 
372	114 
373	107 
374	5 
375	104 
376	75 
377	186 
378	1 
379	7 
380	193 
381	200 
382	6 
383	209 
384	181 
385	134 
386	31 
387	162 
388	49 
389	213 
390	151 
391	41 
392	206 
393	23 
394	81 
395	79 
396	154 
397	39 
398	82 
399	168 
400	1 
401	47 
402	164 
403	18 
404	63 
405	106 
406	166 
407	129 
408	194 
409	67 
410	205 
411	190 
412	143 
413	51 
414	105 
415	72 
416	12 
417	147 
418	19 
419	150 
420	5 
421	86 
422	183 
423	193 
424	26 
425	97 
426	134 
427	72 
428	151 
429	28 
430	214 
431	36 
432	166 
433	68 
434	70 
435	162 
436	65 
437	13 
438	49 
439	130 
440	5 
441	210 
442	9 
443	210 
444	129 
445	179 
446	120 
447	148 
448	194 
449	210 
450	35 
451	25 
452	81 
453	210 
454	8 
455	3 
456	72 
457	140 
458	142 
459	4 
460	137 
461	187 
462	39 
463	81 
464	94 
465	205 
466	34 
467	172 
468	95 
469	192 
470	23 
471	16 
472	56 
473	44 
474	73 
475	94 
476	7 
477	119 
478	175 
479	60 
480	21 
481	123 
482	77 
483	170 
484	45 
485	42 
486	102 
487	151 
488	86 
489	136 
490	62 
491	86 
492	130 
493	206 
494	36 
495	206 
496	97 
497	182 
498	155 
499	45 
500	87 
501	80 
502	7 
503	88 
504	141 
505	135 
506	165 
507	120 
508	166 
509	87 
510	215 
511	139 
512	15 
513	48 
514	119 
515	214 
516	156 
517	211 
518	132 
519	202 
520	204 
521	84 
522	89 
523	134 
524	127 
525	176 
526	14 
527	129 
528	117 
529	9 
530	150 
531	179 
532	104 
533	8 
534	209 
535	72 
536	122 
537	134 
538	120 
539	96 
540	49 
541	204 
542	33 
543	7 
544	48 
545	39 
546	158 
547	29 
548	12 
549	83 
550	171 
551	78 
552	62 
553	99 
554	16 
555	75 
556	18 
557	70 
558	208 
559	64 
560	72 
561	115 
562	116 
563	58 
564	33 
565	76 
566	122 
567	72 
568	147 
569	162 
570	81 
571	212 
572	167 
573	51 
574	165 
575	115 
576	134 
577	127 
578	153 
579	170 
580	53 
581	174 
582	15 
583	181 
584	62 
585	81 
586	42 
587	18 
588	44 
589	2 
590	104 
591	166 
592	139 
593	47 
594	188 
595	167 
596	15 
597	44 
598	100 
599	4 
600	123 
601	84 
602	159 
603	23 
604	82 
605	102 
606	198 
607	208 
608	188 
609	42 
610	189 
611	5 
612	12 
613	169 
614	167 
615	139 
616	205 
617	162 
618	96 
619	29 
620	174 
621	204 
622	182 
623	157 
624	128 
625	76 
626	92 
627	93 
628	157 
629	175 
630	68 
631	71 
632	11 
633	192 
634	103 
635	97 
636	89 
637	12 
638	54 
639	69 
640	5 
641	125 
642	180 
643	62 
644	50 
645	145 
646	132 
647	120 
648	31 
649	95 
650	77 
651	131 
652	126 
653	189 
654	151 
655	153 
656	189 
657	110 
658	192 
659	116 
660	143 
661	12 
662	86 
663	138 
664	212 
665	201 
666	109 
667	134 
668	94 
669	52 
670	13 
671	85 
672	93 
673	106 
674	134 
675	55 
676	186 
677	39 
678	119 
679	47 
680	62 
681	66 
682	165 
683	147 
684	215 
685	21 
686	190 
687	31 
688	160 
689	120 
690	46 
691	16 
692	30 
693	179 
694	121 
695	93 
696	210 
697	31 
698	201 
699	186 
700	106 
701	100 
702	2 
703	12 
704	188 
705	126 
706	42 
707	7 
708	154 
709	92 
710	123 
711	148 
712	46 
713	57 
714	116 
715	55 
716	42 
717	36 
718	90 
719	175 
720	115 
721	127 
722	78 
723	88 
724	97 
725	184 
726	62 
727	160 
728	20 
729	121 
730	149 
731	36 
732	27 
733	39 
734	132 
735	49 
736	25 
737	69 
738	118 
739	19 
740	192 
741	170 
742	95 
743	106 
744	136 
745	184 
746	8 
747	43 
748	74 
749	195 
750	127 
751	22 
752	4 
753	5 
754	74 
755	143 
756	55 
757	126 
758	90 
759	20 
760	22 
761	92 
762	134 
763	28 
764	26 
765	12 
766	146 
767	125 
768	39 
769	137 
770	18 
771	170 
772	16 
773	26 
774	39 
775	76 
776	167 
777	152 
778	18 
779	90 
780	209 
781	169 
782	166 
783	172 
784	185 
785	92 
786	189 
787	44 
788	12 
789	50 
790	115 
791	206 
792	96 
793	81 
794	51 
795	169 
796	44 
797	75 
798	171 
799	50 
800	128 
801	79 
802	192 
803	196 
804	135 
805	12 
806	187 
807	109 
808	208 
809	38 
810	110 
811	15 
812	127 
813	49 
814	52 
815	194 
816	183 
817	95 
818	20 
819	188 
820	21 
821	155 
822	174 
823	206 
824	212 
825	188 
826	165 
827	15 
828	84 
829	66 
830	116 
831	88 
832	137 
833	141 
834	140 
835	96 
836	172 
837	19 
838	62 
839	86 
840	160 
841	192 
842	138 
843	42 
844	142 
845	119 
846	26 
847	186 
848	54 
849	128 
850	81 
851	82 
852	165 
853	14 
854	148 
855	87 
856	191 
857	13 
858	182 
859	134 
860	203 
861	114 
862	131 
863	138 
864	181 
865	87 
866	185 
867	152 
868	143 
869	7 
870	62 
871	52 
872	98 
873	3 
874	49 
875	72 
876	185 
877	165 
878	55 
879	71 
880	128 
881	200 
882	158 
883	5 
884	151 
885	189 
886	194 
887	46 
888	171 
889	20 
890	155 
891	26 
892	192 
893	93 
894	65 
895	57 
896	32 
897	61 
898	7 
899	139 
900	166 
901	163 
902	174 
903	155 
904	166 
905	105 
906	55 
907	206 
908	17 
909	182 
910	166 
911	107 
912	132 
913	42 
914	133 
915	183 
916	31 
917	19 
918	150 
919	72 
920	147 
921	96 
922	19 
923	32 
924	16 
925	188 
926	171 
927	55 
928	201 
929	20 
930	120 
931	214 
932	185 
933	179 
934	113 
935	153 
936	177 
937	84 
938	55 
939	90 
940	21 
941	22 
942	142 
943	31 
944	45 
945	177 
946	22 
947	55 
948	34 
949	135 
950	97 
951	145 
952	85 
953	123 
954	151 
955	130 
956	57 
957	90 
958	123 
959	97 
960	169 
961	69 
962	7 
963	199 
964	33 
965	141 
966	8 
967	22 
968	72 
969	102 
970	12 
971	113 
972	118 
973	63 
974	7 
975	41 
976	126 
977	90 
978	119 
979	144 
980	86 
981	160 
982	190 
983	207 
984	110 
985	112 
986	12 
987	78 
988	15 
989	109 
990	86 
991	2 
992	195 
993	113 
994	191 
995	171 
996	53 
997	197 
998	206 
999	212 
1000	101 
1001	146 
1002	3 
1003	26 
1004	97 
1005	5 
1006	118 
1007	34 
1008	31 
1009	97 
1010	121 
1011	135 
1012	198 
1013	158 
1014	132 
1015	58 
1016	71 
1017	181 
1018	80 
1019	23 
1020	28 
1021	142 
1022	8 
1023	159 
1024	18 
1025	110 
1026	178 
1027	92 
1028	103 
1029	44 
1030	86 
1031	134 
1032	210 
1033	151 
1034	116 
1035	88 
1036	89 
1037	39 
1038	201 
1039	6 
1040	191 
1041	190 
1042	114 
1043	130 
1044	114 
1045	53 
1046	187 
1047	90 
1048	108 
1049	78 
1050	78 
1051	33 
1052	161 
1053	154 
1054	80 
1055	108 
1056	92 
1057	119 
1058	208 
1059	1 
1060	154 
1061	54 
1062	184 
1063	53 
1064	168 
1065	210 
1066	180 
1067	206 
1068	187 
1069	29 
1070	210 
1071	50 
1072	40 
1073	82 
1074	42 
1075	89 
1076	149 
1077	43 
1078	37 
1079	12 
1080	159 
1081	18 
1082	73 
1083	95 
1084	137 
1085	5 
1086	140 
1087	180 
1088	197 
1089	123 
1090	165 
1091	166 
1092	157 
1093	186 
1094	201 
1095	168 
1096	99 
1097	134 
1098	208 
1099	80 
1100	105 
1101	169 
1102	4 
1103	211 
1104	132 
1105	31 
1106	55 
1107	160 
1108	179 
1109	195 
1110	200 
1111	156 
1112	9 
1113	50 
1114	7 
1115	172 
1116	61 
1117	34 
1118	135 
1119	129 
1120	121 
1121	120 
1122	63 
1123	124 
1124	62 
1125	143 
1126	27 
1127	194 
1128	77 
1129	80 
1130	145 
1131	1 
1132	113 
1133	48 
1134	53 
1135	190 
1136	145 
1137	191 
1138	192 
1139	182 
1140	36 
1141	65 
1142	55 
1143	91 
1144	53 
1145	164 
1146	94 
1147	163 
1148	166 
1149	99 
1150	107 
1151	29 
1152	24 
1153	71 
1154	166 
1155	90 
1156	54 
1157	18 
1158	104 
1159	35 
1160	111 
1161	3 
1162	119 
1163	136 
1164	97 
1165	140 
1166	214 
1167	169 
1168	32 
1169	12 
1170	169 
1171	214 
1172	105 
1173	80 
1174	106 
1175	184 
1176	45 
1177	202 
1178	169 
1179	160 
1180	54 
1181	208 
1182	145 
1183	137 
1184	183 
1185	30 
1186	135 
1187	10 
1188	54 
1189	199 
1190	123 
1191	194 
1192	182 
1193	91 
1194	61 
1195	63 
1196	208 
1197	159 
1198	169 
1199	7 
1200	152 
1201	39 
1202	116 
1203	126 
1204	170 
1205	212 
1206	31 
1207	152 
1208	104 
1209	37 
1210	151 
1211	62 
1212	3 
1213	117 
1214	29 
1215	122 
1216	160 
1217	196 
1218	145 
1219	134 
1220	166 
1221	134 
1222	172 
1223	120 
1224	172 
1225	73 
1226	89 
1227	50 
1228	138 
1229	95 
1230	31 
1231	31 
1232	93 
1233	1 
1234	185 
1235	211 
1236	103 
1237	12 
1238	139 
1239	177 
1240	68 
1241	182 
1242	166 
1243	111 
1244	38 
1245	98 
1246	31 
1247	5 
1248	184 
1249	215 
1250	203 
1251	207 
1252	104 
1253	79 
1254	22 
1255	8 
1256	179 
1257	138 
1258	81 
1259	189 
1260	16 
1261	91 
1262	18 
1263	208 
1264	151 
1265	39 
1266	99 
1267	106 
1268	134 
1269	106 
1270	181 
1271	196 
1272	45 
1273	90 
1274	173 
1275	170 
1276	197 
1277	46 
1278	47 
1279	131 
1280	66 
1281	89 
1282	132 
1283	81 
1284	1 
1285	27 
1286	152 
1287	136 
1288	74 
1289	121 
1290	78 
1291	8 
1292	179 
1293	179 
1294	15 
1295	30 
1296	156 
1297	192 
1298	24 
1299	18 
1300	203 
1301	67 
1302	30 
1303	135 
1304	40 
1305	29 
1306	85 
1307	55 
1308	128 
1309	87 
1310	188 
1311	93 
1312	101 
1313	206 
1314	153 
1315	200 
1316	92 
1317	163 
1318	42 
1319	151 
1320	133 
1321	144 
1322	190 
1323	121 
1324	139 
1325	158 
1326	96 
1327	32 
1328	110 
1329	131 
1330	148 
1331	38 
1332	90 
1333	10 
1334	204 
1335	71 
1336	89 
1337	186 
1338	6 
1339	198 
1340	27 
1341	172 
1342	38 
1343	52 
1344	167 
1345	184 
1346	38 
1347	60 
1348	89 
1349	19 
1350	33 
1351	134 
1352	17 
1353	188 
1354	12 
1355	131 
1356	210 
1357	67 
1358	157 
1359	74 
1360	26 
1361	62 
1362	172 
1363	5 
1364	137 
1365	171 
1366	30 
1367	36 
1368	21 
1369	196 
1370	93 
1371	82 
1372	78 
1373	7 
1374	22 
1375	194 
1376	144 
1377	168 
1378	19 
1379	149 
1380	167 
1381	50 
1382	33 
1383	26 
1384	165 
1385	187 
1386	214 
1387	192 
1388	45 
1389	22 
1390	41 
1391	13 
1392	157 
1393	105 
1394	18 
1395	154 
1396	68 
1397	152 
1398	142 
1399	23 
1400	191 
1401	53 
1402	147 
1403	48 
1404	55 
1405	54 
1406	93 
1407	51 
1408	39 
1409	166 
1410	98 
1411	35 
1412	132 
1413	73 
1414	61 
1415	104 
1416	22 
1417	97 
1418	99 
1419	61 
1420	52 
1421	166 
1422	149 
1423	157 
1424	98 
1425	208 
1426	30 
1427	201 
1428	177 
1429	153 
1430	121 
1431	205 
1432	152 
1433	211 
1434	165 
1435	120 
1436	158 
1437	76 
1438	65 
1439	188 
1440	64 
1441	147 
1442	12 
1443	144 
1444	104 
1445	128 
1446	183 
1447	166 
1448	162 
1449	114 
1450	22 
1451	14 
1452	120 
1453	120 
1454	60 
1455	24 
1456	208 
1457	174 
1458	2 
1459	85 
1460	69 
1461	81 
1462	169 
1463	68 
1464	152 
1465	109 
1466	123 
1467	196 
1468	206 
1469	158 
1470	136 
1471	143 
1472	19 
1473	97 
1474	26 
1475	212 
1476	8 
1477	157 
1478	93 
1479	212 
1480	173 
1481	152 
1482	178 
1483	70 
1484	44 
1485	54 
1486	97 
1487	105 
1488	190 
1489	65 
1490	54 
1491	122 
1492	114 
1493	87 
1494	67 
1495	205 
1496	147 
1497	38 
1498	8 
1499	114 
1500	116 
1501	172 
1502	117 
1503	54 
1504	171 
1505	72 
1506	22 
1507	5 
1508	27 
1509	22 
1510	213 
1511	212 
1512	38 
1513	13 
1514	171 
1515	179 
1516	55 
1517	126 
1518	194 
1519	112 
1520	1 
1521	194 
1522	26 
1523	33 
1524	100 
1525	172 
1526	192 
1527	208 
1528	37 
1529	141 
1530	41 
1531	121 
1532	41 
1533	150 
1534	90 
1535	116 
1536	85 
1537	65 
1538	24 
1539	23 
1540	92 
1541	207 
1542	93 
1543	151 
1544	152 
1545	210 
1546	13 
1547	156 
1548	8 
1549	171 
1550	167 
1551	205 
1552	40 
1553	192 
1554	6 
1555	159 
1556	147 
1557	35 
1558	74 
1559	43 
1560	37 
1561	179 
1562	123 
1563	29 
1564	119 
1565	194 
1566	45 
1567	26 
1568	142 
1569	8 
1570	182 
1571	64 
1572	167 
1573	4 
1574	138 
1575	166 
1576	209 
1577	154 
1578	169 
1579	54 
1580	213 
1581	6 
1582	12 
1583	171 
1584	88 
1585	97 
1586	206 
1587	1 
1588	143 
1589	47 
1590	139 
1591	15 
1592	46 
1593	147 
1594	67 
1595	120 
1596	165 
1597	94 
1598	66 
1599	5 
1600	78 
1601	120 
1602	79 
1603	156 
1604	26 
1605	166 
1606	5 
1607	195 
1608	6 
1609	21 
1610	123 
1611	120 
1612	30 
1613	109 
1614	152 
1615	194 
1616	193 
1617	127 
1618	157 
1619	207 
1620	122 
1621	117 
1622	203 
1623	179 
1624	139 
1625	7 
1626	208 
1627	177 
1628	75 
1629	125 
1630	110 
1631	35 
1632	210 
1633	114 
1634	13 
1635	129 
1636	42 
1637	129 
1638	168 
1639	22 
1640	159 
1641	190 
1642	156 
1643	195 
1644	45 
1645	142 
1646	185 
1647	32 
1648	194 
1649	93 
1650	206 
1651	180 
1652	80 
1653	79 
1654	115 
1655	121 
1656	169 
1657	203 
1658	23 
1659	34 
1660	81 
1661	183 
1662	38 
1663	169 
1664	189 
1665	170 
1666	101 
1667	147 
1668	187 
1669	45 
1670	59 
1671	183 
1672	171 
1673	44 
1674	72 
1675	170 
1676	37 
1677	146 
1678	70 
1679	198 
1680	26 
1681	122 
1682	29 
1683	82 
1684	52 
1685	130 
1686	56 
1687	81 
1688	97 
1689	169 
1690	54 
1691	127 
1692	1 
1693	197 
1694	179 
1695	90 
1696	141 
1697	14 
1698	172 
1699	65 
1700	27 
1701	158 
1702	118 
1703	138 
1704	199 
1705	15 
1706	49 
1707	112 
1708	85 
1709	41 
1710	155 
1711	120 
1712	51 
1713	72 
1714	121 
1715	64 
1716	73 
1717	63 
1718	119 
1719	31 
1720	188 
1721	183 
1722	115 
1723	138 
1724	198 
1725	156 
1726	95 
1727	33 
1728	186 
1729	38 
1730	171 
1731	19 
1732	111 
1733	33 
1734	141 
1735	52 
1736	8 
1737	166 
1738	201 
1739	60 
1740	200 
1741	39 
1742	77 
1743	41 
1744	108 
1745	53 
1746	109 
1747	97 
1748	200 
1749	15 
1750	39 
1751	119 
1752	194 
1753	186 
1754	55 
1755	215 
1756	12 
1757	75 
1758	86 
1759	55 
1760	19 
1761	183 
1762	168 
1763	102 
1764	53 
1765	69 
1766	94 
1767	179 
1768	58 
1769	31 
1770	165 
1771	115 
1772	10 
1773	98 
1774	118 
1775	5 
1776	172 
1777	169 
1778	142 
1779	134 
1780	132 
1781	202 
1782	44 
1783	205 
1784	47 
1785	205 
1786	57 
1787	156 
1788	121 
1789	45 
1790	170 
1791	144 
1792	7 
1793	197 
1794	165 
1795	12 
1796	208 
1797	115 
1798	6 
1799	26 
1800	41 
1801	96 
1802	83 
1803	8 
1804	52 
1805	96 
1806	153 
1807	21 
1808	152 
1809	155 
1810	2 
1811	63 
1812	101 
1813	104 
1814	206 
1815	119 
1816	213 
1817	157 
1818	160 
1819	52 
1820	157 
1821	194 
1822	78 
1823	45 
1824	160 
1825	183 
1826	54 
1827	110 
1828	153 
1829	16 
1830	7 
1831	84 
1832	204 
1833	8 
1834	137 
1835	202 
1836	160 
1837	167 
1838	208 
1839	210 
1840	58 
1841	53 
1842	145 
1843	157 
1844	11 
1845	11 
1846	206 
1847	205 
1848	204 
1849	106 
1850	167 
1851	149 
1852	8 
1853	115 
1854	160 
1855	17 
1856	56 
1857	172 
1858	32 
1859	75 
1860	93 
1861	132 
1862	46 
1863	148 
1864	196 
1865	89 
1866	58 
1867	197 
1868	197 
1869	165 
1870	197 
1871	95 
1872	62 
1873	5 
1874	54 
1875	111 
1876	171 
1877	123 
1878	31 
1879	99 
1880	187 
1881	184 
1882	95 
1883	165 
1884	119 
1885	5 
1886	55 
1887	149 
1888	139 
1889	202 
1890	52 
1891	149 
1892	81 
1893	142 
1894	9 
1895	159 
1896	99 
1897	87 
1898	110 
1899	125 
1900	118 
1901	212 
1902	143 
1903	195 
1904	53 
1905	63 
1906	202 
1907	9 
1908	18 
1909	72 
1910	123 
1911	157 
1912	131 
1913	117 
1914	97 
1915	81 
1916	37 
1917	177 
1918	46 
1919	93 
1920	171 
1921	45 
1922	83 
1923	33 
1924	74 
1925	132 
1926	45 
1927	23 
1928	133 
1929	93 
1930	197 
1931	186 
1932	4 
1933	171 
1934	26 
1935	155 
1936	106 
1937	39 
1938	139 
1939	119 
1940	113 
1941	129 
1942	148 
1943	78 
1944	54 
1945	59 
1946	145 
1947	15 
1948	103 
1949	90 
1950	210 
1951	44 
1952	132 
1953	3 
1954	215 
1955	49 
1956	35 
1957	63 
1958	64 
1959	91 
1960	20 
1961	62 
1962	54 
1963	122 
1964	45 
1965	166 
1966	171 
1967	66 
1968	31 
1969	86 
1970	177 
1971	139 
1972	2 
1973	108 
1974	111 
1975	55 
1976	169 
1977	71 
1978	80 
1979	99 
1980	42 
1981	206 
1982	44 
1983	50 
1984	69 
1985	116 
1986	46 
1987	117 
1988	48 
1989	63 
1990	92 
1991	131 
1992	74 
1993	99 
1994	147 
1995	15 
1996	1 
1997	118 
1998	104 
1999	66 
2000	161 
2001	196 
2002	156 
2003	168 
2004	118 
2005	35 
2006	156 
2007	18 
2008	73 
2009	170 
2010	17 
2011	37 
2012	171 
2013	61 
2014	197 
2015	110 
2016	1 
2017	7 
2018	26 
2019	212 
2020	110 
2021	94 
2022	191 
2023	108 
2024	7 
2025	31 
2026	15 
2027	62 
2028	24 
2029	66 
2030	185 
2031	129 
2032	158 
2033	163 
2034	79 
2035	130 
2036	157 
2037	48 
2038	78 
2039	153 
2040	208 
2041	66 
2042	52 
2043	59 
2044	125 
2045	198 
2046	200 
2047	36 
2048	153 
2049	28 
2050	48 
2051	193 
2052	47 
2053	156 
2054	133 
2055	156 
2056	37 
2057	22 
2058	93 
2059	139 
2060	211 
2061	46 
2062	144 
2063	212 
2064	38 
2065	175 
2066	43 
2067	78 
2068	50 
2069	49 
2070	138 
2071	181 
2072	109 
2073	6 
2074	1 
2075	211 
2076	29 
2077	179 
2078	192 
2079	212 
2080	66 
2081	134 
2082	132 
2083	198 
2084	52 
2085	193 
2086	206 
2087	54 
2088	11 
2089	41 
2090	24 
2091	15 
2092	166 
2093	117 
2094	120 
2095	119 
2096	2 
2097	72 
2098	26 
2099	153 
2100	184 
2101	97 
2102	152 
2103	100 
2104	75 
2105	38 
2106	67 
2107	147 
2108	88 
2109	202 
2110	153 
2111	97 
2112	28 
2113	52 
2114	161 
2115	25 
2116	76 
2117	97 
2118	196 
2119	106 
2120	212 
2121	147 
2122	184 
2123	32 
2124	19 
2125	95 
2126	73 
2127	106 
2128	201 
2129	108 
2130	45 
2131	151 
2132	31 
2133	193 
2134	14 
2135	33 
2136	72 
2137	98 
2138	5 
2139	1 
2140	43 
2141	164 
2142	138 
2143	172 
2144	178 
2145	62 
2146	101 
2147	151 
2148	194 
2149	15 
2150	145 
2151	178 
2152	26 
2153	195 
2154	169 
2155	58 
2156	179 
2157	30 
2158	35 
2159	153 
2160	99 
2161	100 
2162	47 
2163	43 
2164	22 
2165	158 
2166	44 
2167	173 
2168	131 
2169	183 
2170	124 
2171	149 
2172	159 
2173	192 
2174	183 
2175	78 
2176	170 
2177	76 
2178	78 
2179	141 
2180	106 
2181	121 
2182	185 
2183	111 
2184	54 
2185	107 
2186	124 
2187	38 
2188	52 
2189	102 
2190	198 
2191	86 
2192	150 
2193	57 
2194	142 
2195	28 
2196	10 
2197	140 
2198	11 
2199	206 
2200	203 
2201	94 
2202	210 
2203	189 
2204	108 
2205	127 
2206	52 
2207	206 
2208	5 
2209	146 
2210	12 
2211	58 
2212	61 
2213	55 
2214	119 
2215	83 
2216	102 
2217	111 
2218	23 
2219	19 
2220	180 
2221	25 
2222	65 
2223	67 
2224	205 
2225	119 
2226	161 
2227	155 
2228	40 
2229	50 
2230	8 
2231	199 
2232	14 
2233	207 
2234	171 
2235	18 
2236	31 
2237	29 
2238	49 
2239	80 
2240	124 
2241	146 
2242	44 
2243	152 
2244	201 
2245	187 
2246	152 
2247	77 
2248	162 
2249	94 
2250	112 
2251	183 
2252	41 
2253	157 
2254	159 
2255	22 
2256	1 
2257	134 
2258	64 
2259	42 
2260	213 
2261	45 
2262	192 
2263	5 
2264	28 
2265	139 
2266	72 
2267	12 
2268	171 
2269	39 
2270	97 
2271	12 
2272	142 
2273	99 
2274	94 
2275	8 
2276	67 
2277	203 
2278	152 
2279	205 
2280	54 
2281	44 
2282	111 
2283	137 
2284	123 
2285	125 
2286	14 
2287	5 
2288	71 
2289	5 
2290	189 
2291	46 
2292	213 
2293	154 
2294	197 
2295	169 
2296	72 
2297	63 
2298	52 
2299	2 
2300	156 
2301	182 
2302	82 
2303	63 
2304	145 
2305	162 
2306	113 
2307	178 
2308	58 
2309	116 
2310	195 
2311	89 
2312	163 
2313	2 
2314	155 
2315	35 
2316	21 
2317	116 
2318	103 
2319	23 
2320	72 
2321	7 
2322	70 
2323	173 
2324	96 
2325	45 
2326	108 
2327	65 
2328	31 
2329	31 
2330	167 
2331	85 
2332	209 
2333	110 
2334	107 
2335	108 
2336	214 
2337	44 
2338	138 
2339	51 
2340	40 
2341	52 
2342	154 
2343	7 
2344	43 
2345	199 
2346	93 
2347	152 
2348	13 
2349	137 
2350	43 
2351	76 
2352	198 
2353	86 
2354	208 
2355	72 
2356	87 
2357	125 
2358	159 
2359	150 
2360	28 
2361	175 
2362	75 
2363	22 
2364	183 
2365	128 
2366	31 
2367	2 
2368	95 
2369	8 
2370	71 
2371	58 
2372	42 
2373	66 
2374	6 
2375	124 
2376	189 
2377	59 
2378	71 
2379	149 
2380	125 
2381	34 
2382	7 
2383	192 
2384	61 
2385	150 
2386	191 
2387	142 
2388	5 
2389	52 
2390	29 
2391	192 
2392	90 
2393	134 
2394	120 
2395	152 
2396	67 
2397	204 
2398	95 
2399	39 
2400	86 
2401	150 
2402	89 
2403	145 
2404	8 
2405	78 
2406	84 
2407	3 
2408	142 
2409	115 
2410	135 
2411	81 
2412	8 
2413	194 
2414	157 
2415	65 
2416	108 
2417	91 
2418	18 
2419	45 
2420	42 
2421	49 
2422	159 
2423	185 
2424	44 
2425	110 
2426	162 
2427	172 
2428	131 
2429	53 
2430	138 
2431	139 
2432	123 
2433	178 
2434	56 
2435	87 
2436	215 
2437	190 
2438	102 
2439	24 
2440	160 
2441	95 
2442	59 
2443	87 
2444	97 
2445	110 
2446	206 
2447	16 
2448	152 
2449	135 
2450	16 
2451	139 
2452	212 
2453	36 
2454	109 
2455	10 
2456	86 
2457	1 
2458	147 
2459	146 
2460	179 
2461	119 
2462	89 
2463	115 
2464	38 
2465	43 
2466	151 
2467	15 
2468	163 
2469	52 
2470	164 
2471	150 
2472	110 
2473	13 
2474	15 
2475	32 
2476	59 
2477	37 
2478	24 
2479	152 
2480	37 
2481	179 
2482	190 
2483	77 
2484	103 
2485	51 
2486	172 
2487	20 
2488	170 
2489	83 
2490	54 
2491	170 
2492	156 
2493	45 
2494	65 
2495	192 
2496	61 
2497	172 
2498	188 
2499	123 
2500	75 
2501	162 
2502	189 
2503	9 
2504	168 
2505	34 
2506	52 
2507	126 
2508	106 
2509	119 
2510	175 
2511	120 
2512	160 
2513	160 
2514	177 
2515	190 
2516	156 
2517	21 
2518	147 
2519	31 
2520	121 
2521	2 
2522	134 
2523	49 
2524	38 
2525	19 
2526	82 
2527	120 
2528	132 
2529	8 
2530	117 
2531	147 
2532	64 
2533	201 
2534	139 
2535	63 
2536	28 
2537	108 
2538	6 
2539	208 
2540	24 
2541	98 
2542	29 
2543	40 
2544	91 
2545	172 
2546	193 
2547	127 
2548	106 
2549	27 
2550	44 
2551	76 
2552	92 
2553	15 
2554	146 
2555	26 
2556	140 
2557	213 
2558	91 
2559	65 
2560	120 
2561	10 
2562	68 
2563	97 
2564	149 
2565	202 
2566	156 
2567	178 
2568	103 
2569	89 
2570	142 
2571	90 
2572	140 
2573	189 
2574	21 
2575	61 
2576	90 
2577	4 
2578	63 
2579	97 
2580	121 
2581	97 
2582	141 
2583	52 
2584	82 
2585	131 
2586	187 
2587	122 
2588	103 
2589	38 
2590	45 
2591	123 
2592	141 
2593	142 
2594	112 
2595	38 
2596	62 
2597	21 
2598	8 
2599	120 
2600	40 
2601	86 
2602	88 
2603	117 
2604	29 
2605	125 
2606	169 
2607	8 
2608	39 
2609	68 
2610	182 
2611	31 
2612	57 
2613	116 
2614	208 
2615	67 
2616	149 
2617	53 
2618	120 
2619	19 
2620	52 
2621	150 
2622	49 
2623	106 
2624	15 
2625	6 
2626	93 
2627	48 
2628	123 
2629	179 
2630	150 
2631	111 
2632	85 
2633	143 
2634	110 
2635	22 
2636	11 
2637	179 
2638	133 
2639	168 
2640	44 
2641	176 
2642	184 
2643	117 
2644	112 
2645	66 
2646	133 
2647	9 
2648	105 
2649	142 
2650	97 
2651	57 
2652	205 
2653	14 
2654	215 
2655	41 
2656	183 
2657	7 
2658	157 
2659	172 
2660	38 
2661	210 
2662	176 
2663	95 
2664	91 
2665	118 
2666	170 
2667	111 
2668	83 
2669	73 
2670	109 
2671	171 
2672	101 
2673	129 
2674	33 
2675	194 
2676	180 
2677	179 
2678	187 
2679	49 
2680	81 
2681	85 
2682	137 
2683	63 
2684	62 
2685	42 
2686	100 
2687	109 
2688	81 
2689	179 
2690	36 
2691	157 
2692	23 
2693	90 
2694	106 
2695	149 
2696	210 
2697	181 
2698	41 
2699	134 
2700	120 
2701	85 
2702	53 
2703	72 
2704	121 
2705	36 
2706	12 
2707	161 
2708	157 
2709	134 
2710	167 
2711	152 
2712	79 
2713	63 
2714	211 
2715	150 
2716	26 
2717	161 
2718	75 
2719	43 
2720	169 
2721	91 
2722	124 
2723	107 
2724	150 
2725	120 
2726	60 
2727	149 
2728	119 
2729	189 
2730	79 
2731	39 
2732	71 
2733	192 
2734	173 
2735	105 
2736	49 
2737	40 
2738	164 
2739	207 
2740	2 
2741	51 
2742	187 
2743	10 
2744	212 
2745	52 
2746	19 
2747	120 
2748	69 
2749	7 
2750	121 
2751	10 
2752	193 
2753	157 
2754	146 
2755	103 
2756	18 
2757	84 
2758	205 
2759	43 
2760	15 
2761	154 
2762	132 
2763	172 
2764	89 
2765	149 
2766	214 
2767	140 
2768	39 
2769	198 
2770	166 
2771	126 
2772	64 
2773	78 
2774	49 
2775	213 
2776	61 
2777	34 
2778	122 
2779	151 
2780	69 
2781	190 
2782	128 
2783	15 
2784	70 
2785	9 
2786	163 
2787	52 
2788	54 
2789	187 
2790	58 
2791	31 
2792	40 
2793	84 
2794	101 
2795	56 
2796	72 
2797	73 
2798	173 
2799	143 
2800	165 
2801	182 
2802	71 
2803	90 
2804	140 
2805	52 
2806	1 
2807	21 
2808	92 
2809	39 
2810	155 
2811	204 
2812	137 
2813	45 
2814	2 
2815	194 
2816	49 
2817	116 
2818	38 
2819	114 
2820	190 
2821	116 
2822	50 
2823	138 
2824	39 
2825	212 
2826	1 
2827	165 
2828	18 
2829	8 
2830	96 
2831	209 
2832	141 
2833	209 
2834	145 
2835	198 
2836	12 
2837	101 
2838	69 
2839	166 
2840	89 
2841	203 
2842	179 
2843	140 
2844	189 
2845	155 
2846	174 
2847	133 
2848	176 
2849	17 
2850	136 
2851	214 
2852	129 
2853	179 
2854	119 
2855	47 
2856	20 
2857	55 
2858	7 
2859	215 
2860	83 
2861	88 
2862	25 
2863	28 
2864	126 
2865	190 
2866	136 
2867	164 
2868	159 
2869	189 
2870	179 
2871	162 
2872	41 
2873	83 
2874	173 
2875	85 
2876	94 
2877	54 
2878	59 
2879	32 
2880	147 
2881	128 
2882	4 
2883	139 
2884	92 
2885	43 
2886	134 
2887	187 
2888	111 
2889	3 
2890	48 
2891	207 
2892	181 
2893	207 
2894	151 
2895	166 
2896	194 
2897	16 
2898	197 
2899	164 
2900	63 
2901	205 
2902	13 
2903	83 
2904	5 
2905	63 
2906	163 
2907	118 
2908	89 
2909	133 
2910	135 
2911	73 
2912	135 
2913	31 
2914	193 
2915	16 
2916	68 
2917	44 
2918	44 
2919	154 
2920	152 
2921	42 
2922	153 
2923	194 
2924	150 
2925	16 
2926	7 
2927	32 
2928	191 
2929	210 
2930	31 
2931	16 
2932	100 
2933	91 
2934	7 
2935	62 
2936	26 
2937	161 
2938	112 
2939	68 
2940	92 
2941	73 
2942	196 
2943	119 
2944	116 
2945	29 
2946	8 
2947	74 
2948	201 
2949	205 
2950	81 
2951	123 
2952	122 
2953	199 
2954	213 
2955	127 
2956	157 
2957	82 
2958	89 
2959	54 
2960	114 
2961	208 
2962	116 
2963	137 
2964	133 
2965	24 
2966	177 
2967	147 
2968	89 
2969	1 
2970	61 
2971	135 
2972	199 
2973	65 
2974	78 
2975	73 
2976	212 
2977	178 
2978	61 
2979	154 
2980	97 
2981	78 
2982	96 
2983	117 
2984	11 
2985	159 
2986	7 
2987	205 
2988	169 
2989	52 
2990	25 
2991	44 
2992	161 
2993	174 
2994	109 
2995	79 
2996	139 
2997	77 
2998	145 
2999	159 
3000	173 
3001	86 
3002	186 
3003	89 
3004	94 
3005	204 
3006	169 
3007	116 
3008	78 
3009	97 
3010	56 
3011	206 
3012	29 
3013	179 
3014	199 
3015	58 
3016	157 
3017	203 
3018	54 
3019	138 
3020	18 
3021	30 
3022	75 
3023	123 
3024	194 
3025	63 
3026	189 
3027	111 
3028	109 
3029	194 
3030	76 
3031	194 
3032	199 
3033	120 
3034	134 
3035	61 
3036	157 
3037	205 
3038	182 
3039	53 
3040	156 
3041	39 
3042	121 
3043	148 
3044	16 
3045	14 
3046	110 
3047	12 
3048	42 
3049	24 
3050	41 
3051	100 
3052	188 
3053	166 
3054	113 
3055	88 
3056	30 
3057	202 
3058	177 
3059	164 
3060	139 
3061	43 
3062	202 
3063	98 
3064	195 
3065	204 
3066	53 
3067	72 
3068	165 
3069	45 
3070	95 
3071	95 
3072	16 
3073	199 
3074	120 
3075	198 
3076	171 
3077	173 
3078	36 
3079	65 
3080	16 
3081	30 
3082	140 
3083	133 
3084	157 
3085	15 
3086	157 
3087	49 
3088	157 
3089	147 
3090	110 
3091	194 
3092	178 
3093	122 
3094	123 
3095	49 
3096	171 
3097	116 
3098	55 
3099	42 
3100	62 
3101	119 
3102	185 
3103	170 
3104	182 
3105	169 
3106	12 
3107	110 
3108	200 
3109	6 
3110	1 
3111	197 
3112	42 
3113	68 
3114	80 
3115	176 
3116	119 
3117	57 
3118	169 
3119	16 
3120	70 
3121	147 
3122	43 
3123	75 
3124	214 
3125	49 
3126	103 
3127	168 
3128	111 
3129	208 
3130	109 
3131	192 
3132	210 
3133	152 
3134	189 
3135	154 
3136	189 
3137	70 
3138	166 
3139	203 
3140	11 
3141	187 
3142	15 
3143	63 
3144	12 
3145	123 
3146	7 
3147	214 
3148	156 
3149	8 
3150	141 
3151	34 
3152	153 
3153	55 
3154	121 
3155	157 
3156	181 
3157	83 
3158	117 
3159	12 
3160	38 
3161	149 
3162	180 
3163	1 
3164	22 
3165	134 
3166	80 
3167	5 
3168	111 
3169	210 
3170	125 
3171	134 
3172	165 
3173	206 
3174	145 
3175	102 
3176	141 
3177	26 
3178	169 
3179	91 
3180	45 
3181	165 
3182	31 
3183	22 
3184	71 
3185	171 
3186	215 
3187	105 
3188	171 
3189	161 
3190	31 
3191	82 
3192	135 
3193	55 
3194	27 
3195	25 
3196	95 
3197	84 
3198	104 
3199	109 
3200	150 
3201	150 
3202	54 
3203	19 
3204	54 
3205	90 
3206	41 
3207	171 
3208	156 
3209	207 
3210	26 
3211	71 
3212	71 
3213	148 
3214	192 
3215	202 
3216	201 
3217	124 
3218	200 
3219	27 
3220	72 
3221	184 
3222	203 
3223	171 
3224	10 
3225	96 
3226	75 
3227	90 
3228	63 
3229	107 
3230	71 
3231	165 
3232	55 
3233	145 
3234	171 
3235	104 
3236	185 
3237	24 
3238	99 
3239	87 
3240	39 
3241	187 
3242	212 
3243	200 
3244	167 
3245	107 
3246	22 
3247	81 
3248	151 
3249	4 
3250	14 
3251	55 
3252	59 
3253	119 
3254	41 
3255	70 
3256	21 
3257	10 
3258	177 
3259	168 
3260	142 
3261	166 
3262	78 
3263	96 
3264	21 
3265	160 
3266	66 
3267	175 
3268	71 
3269	111 
3270	181 
3271	38 
3272	139 
3273	138 
3274	127 
3275	189 
3276	116 
3277	21 
3278	135 
3279	28 
3280	47 
3281	43 
3282	26 
3283	15 
3284	36 
3285	77 
3286	208 
3287	156 
3288	96 
3289	33 
3290	156 
3291	180 
3292	155 
3293	77 
3294	7 
3295	187 
3296	185 
3297	7 
3298	59 
3299	106 
3300	215 
3301	29 
3302	108 
3303	60 
3304	17 
3305	86 
3306	98 
3307	169 
3308	98 
3309	183 
3310	12 
3311	15 
3312	62 
3313	95 
3314	117 
3315	178 
3316	121 
3317	28 
3318	166 
3319	28 
3320	71 
3321	175 
3322	65 
3323	91 
3324	51 
3325	72 
3326	52 
3327	54 
3328	47 
3329	177 
3330	112 
3331	134 
3332	162 
3333	35 
3334	180 
3335	129 
3336	145 
3337	27 
3338	116 
3339	190 
3340	153 
3341	14 
3342	171 
3343	127 
3344	143 
3345	158 
3346	73 
3347	62 
3348	144 
3349	51 
3350	3 
3351	118 
3352	64 
3353	14 
3354	22 
3355	31 
3356	168 
3357	212 
3358	144 
3359	157 
3360	105 
3361	125 
3362	187 
3363	131 
3364	12 
3365	185 
3366	125 
3367	113 
3368	121 
3369	179 
3370	205 
3371	77 
3372	159 
3373	12 
3374	154 
3375	111 
3376	119 
3377	194 
3378	94 
3379	114 
3380	193 
3381	21 
3382	130 
3383	190 
3384	125 
3385	179 
3386	91 
3387	55 
3388	9 
3389	170 
3390	5 
3391	181 
3392	91 
3393	165 
3394	112 
3395	199 
3396	130 
3397	163 
3398	78 
3399	139 
3400	58 
3401	26 
3402	137 
3403	207 
3404	130 
3405	7 
3406	16 
3407	114 
3408	55 
3409	13 
3410	79 
3411	73 
3412	5 
3413	56 
3414	179 
3415	90 
3416	111 
3417	158 
3418	49 
3419	109 
3420	31 
3421	113 
3422	26 
3423	121 
3424	139 
3425	189 
3426	187 
3427	109 
3428	15 
3429	153 
3430	108 
3431	202 
3432	205 
3433	31 
3434	16 
3435	191 
3436	198 
3437	8 
3438	152 
3439	21 
3440	7 
3441	134 
3442	156 
3443	52 
3444	135 
3445	15 
3446	111 
3447	134 
3448	160 
3449	165 
3450	147 
3451	134 
3452	122 
3453	185 
3454	20 
3455	171 
3456	118 
3457	166 
3458	4 
3459	40 
3460	38 
3461	147 
3462	134 
3463	63 
3464	111 
3465	106 
3466	56 
3467	123 
3468	101 
3469	60 
3470	62 
3471	167 
3472	68 
3473	121 
3474	183 
3475	85 
3476	113 
3477	177 
3478	193 
3479	62 
3480	120 
3481	201 
3482	172 
3483	98 
3484	155 
3485	19 
3486	23 
3487	26 
3488	117 
3489	201 
3490	189 
3491	172 
3492	96 
3493	117 
3494	17 
3495	215 
3496	12 
3497	81 
3498	175 
3499	136 
3500	35 
3501	176 
3502	81 
3503	65 
3504	35 
3505	215 
3506	65 
3507	96 
3508	29 
3509	50 
3510	95 
3511	164 
3512	49 
3513	44 
3514	90 
3515	52 
3516	87 
3517	143 
3518	21 
3519	161 
3520	181 
3521	159 
3522	171 
3523	98 
3524	154 
3525	8 
3526	206 
3527	109 
3528	27 
3529	20 
3530	81 
3531	168 
3532	166 
3533	37 
3534	40 
3535	205 
3536	22 
3537	179 
3538	213 
3539	88 
3540	86 
3541	152 
3542	157 
3543	4 
3544	86 
3545	23 
3546	2 
3547	75 
3548	205 
3549	169 
3550	9 
3551	12 
3552	137 
3553	24 
3554	116 
3555	67 
3556	79 
3557	62 
3558	194 
3559	197 
3560	39 
3561	57 
3562	153 
3563	12 
3564	111 
3565	21 
3566	70 
3567	198 
3568	66 
3569	82 
3570	47 
3571	189 
3572	178 
3573	87 
3574	17 
3575	26 
3576	134 
3577	8 
3578	34 
3579	122 
3580	62 
3581	145 
3582	182 
3583	17 
3584	119 
3585	48 
3586	170 
3587	78 
3588	200 
3589	166 
3590	96 
3591	40 
3592	56 
3593	72 
3594	67 
3595	175 
3596	87 
3597	81 
3598	168 
3599	160 
3600	54 
3601	192 
3602	1 
3603	187 
3604	67 
3605	26 
3606	150 
3607	61 
3608	149 
3609	48 
3610	172 
3611	24 
3612	93 
3613	207 
3614	169 
3615	171 
3616	87 
3617	19 
3618	92 
3619	119 
3620	51 
3621	192 
3622	179 
3623	139 
3624	130 
3625	120 
3626	38 
3627	127 
3628	149 
3629	105 
3630	27 
3631	2 
3632	152 
3633	117 
3634	54 
3635	205 
3636	110 
3637	26 
3638	130 
3639	147 
3640	95 
3641	179 
3642	165 
3643	105 
3644	16 
3645	49 
3646	48 
3647	86 
3648	45 
3649	44 
3650	52 
3651	71 
3652	75 
3653	169 
3654	107 
3655	37 
3656	42 
3657	207 
3658	81 
3659	172 
3660	206 
3661	29 
3662	3 
3663	11 
3664	144 
3665	134 
3666	71 
3667	3 
3668	81 
3669	29 
3670	84 
3671	169 
3672	54 
3673	210 
3674	118 
3675	55 
3676	201 
3677	22 
3678	19 
3679	144 
3680	157 
3681	44 
3682	157 
3683	122 
3684	147 
3685	122 
3686	110 
3687	152 
3688	94 
3689	77 
3690	5 
3691	58 
3692	31 
3693	215 
3694	45 
3695	123 
3696	65 
3697	181 
3698	52 
3699	144 
3700	122 
3701	140 
3702	178 
3703	54 
3704	165 
3705	168 
3706	34 
3707	140 
3708	192 
3709	78 
3710	89 
3711	5 
3712	102 
3713	211 
3714	106 
3715	207 
3716	65 
3717	132 
3718	182 
3719	161 
3720	208 
3721	57 
3722	31 
3723	49 
3724	24 
3725	54 
3726	208 
3727	194 
3728	91 
3729	192 
3730	207 
3731	207 
3732	204 
3733	190 
3734	100 
3735	106 
3736	103 
3737	190 
3738	89 
3739	30 
3740	146 
3741	63 
3742	56 
3743	60 
3744	214 
3745	107 
3746	146 
3747	86 
3748	196 
3749	193 
3750	34 
3751	44 
3752	145 
3753	118 
3754	42 
3755	55 
3756	3 
3757	94 
3758	146 
3759	209 
3760	22 
3761	52 
3762	28 
3763	208 
3764	60 
3765	1 
3766	6 
3767	94 
3768	172 
3769	15 
3770	1 
3771	139 
3772	208 
3773	206 
3774	28 
3775	106 
3776	206 
3777	22 
3778	208 
3779	157 
3780	54 
3781	42 
3782	178 
3783	123 
3784	199 
3785	1 
3786	89 
3787	26 
3788	67 
3789	35 
3790	20 
3791	84 
3792	116 
3793	159 
3794	166 
3795	19 
3796	9 
3797	1 
3798	189 
3799	166 
3800	167 
3801	193 
3802	75 
3803	116 
3804	109 
3805	122 
3806	169 
3807	213 
3808	176 
3809	213 
3810	172 
3811	147 
3812	63 
3813	175 
3814	165 
3815	151 
3816	208 
3817	171 
3818	99 
3819	91 
3820	30 
3821	96 
3822	112 
3823	118 
3824	92 
3825	152 
3826	125 
3827	23 
3828	120 
3829	47 
3830	12 
3831	15 
3832	5 
3833	132 
3834	101 
3835	208 
3836	72 
3837	52 
3838	149 
3839	5 
3840	182 
3841	215 
3842	161 
3843	212 
3844	42 
3845	206 
3846	182 
3847	161 
3848	103 
3849	159 
3850	156 
3851	121 
3852	33 
3853	75 
3854	60 
3855	197 
3856	106 
3857	155 
3858	210 
3859	17 
3860	110 
3861	172 
3862	38 
3863	57 
3864	190 
3865	102 
3866	210 
3867	110 
3868	52 
3869	197 
3870	7 
3871	132 
3872	71 
3873	121 
3874	119 
3875	149 
3876	27 
3877	201 
3878	168 
3879	63 
3880	178 
3881	129 
3882	206 
3883	65 
3884	213 
3885	166 
3886	212 
3887	112 
3888	177 
3889	169 
3890	161 
3891	67 
3892	12 
3893	170 
3894	152 
3895	12 
3896	8 
3897	22 
3898	209 
3899	42 
3900	12 
3901	206 
3902	103 
3903	167 
3904	33 
3905	213 
3906	40 
3907	71 
3908	160 
3909	116 
3910	151 
3911	123 
3912	160 
3913	57 
3914	12 
3915	164 
3916	81 
3917	85 
3918	98 
3919	84 
3920	21 
3921	158 
3922	45 
3923	17 
3924	34 
3925	157 
3926	97 
3927	166 
3928	145 
3929	206 
3930	43 
3931	34 
3932	74 
3933	149 
3934	169 
3935	197 
3936	188 
3937	192 
3938	182 
3939	111 
3940	5 
3941	120 
3942	172 
3943	176 
3944	1 
3945	170 
3946	19 
3947	44 
3948	2 
3949	1 
3950	189 
3951	194 
3952	152 
3953	68 
3954	15 
3955	190 
3956	98 
3957	16 
3958	99 
3959	95 
3960	169 
3961	111 
3962	103 
3963	164 
3964	207 
3965	61 
3966	107 
3967	86 
3968	169 
3969	12 
3970	84 
3971	7 
3972	137 
3973	78 
3974	144 
3975	197 
3976	29 
3977	41 
3978	22 
3979	55 
3980	22 
3981	68 
3982	2 
3983	86 
3984	103 
3985	80 
3986	100 
3987	18 
3988	165 
3989	130 
3990	160 
3991	53 
3992	179 
3993	29 
3994	199 
3995	28 
3996	117 
3997	27 
3998	208 
3999	211 
4000	39 
4001	53 
4002	213 
4003	111 
4004	63 
4005	152 
4006	67 
4007	179 
4008	199 
4009	64 
4010	6 
4011	70 
4012	146 
4013	37 
4014	66 
4015	1 
4016	179 
4017	6 
4018	143 
4019	145 
4020	41 
4021	206 
4022	179 
4023	123 
4024	2 
4025	25 
4026	93 
4027	140 
4028	84 
4029	55 
4030	99 
4031	160 
4032	16 
4033	7 
4034	6 
4035	79 
4036	205 
4037	93 
4038	25 
4039	193 
4040	105 
4041	208 
4042	169 
4043	123 
4044	189 
4045	74 
4046	85 
4047	123 
4048	121 
4049	60 
4050	82 
4051	5 
4052	39 
4053	94 
4054	189 
4055	16 
4056	36 
4057	9 
4058	81 
4059	165 
4060	61 
4061	187 
4062	93 
4063	125 
4064	138 
4065	166 
4066	159 
4067	189 
4068	189 
4069	8 
4070	93 
4071	49 
4072	141 
4073	144 
4074	12 
4075	156 
4076	138 
4077	53 
4078	193 
4079	114 
4080	64 
4081	5 
4082	164 
4083	64 
4084	208 
4085	18 
4086	127 
4087	9 
4088	33 
4089	152 
4090	96 
4091	212 
4092	167 
4093	94 
4094	165 
4095	201 
4096	154 
4097	118 
4098	116 
4099	99 
4100	109 
4101	168 
4102	171 
4103	199 
4104	54 
4105	98 
4106	5 
4107	39 
4108	160 
4109	96 
4110	28 
4111	95 
4112	26 
4113	105 
4114	172 
4115	202 
4116	67 
4117	14 
4118	97 
4119	110 
4120	201 
4121	117 
4122	137 
4123	1 
4124	111 
4125	201 
4126	48 
4127	189 
4128	58 
4129	147 
4130	175 
4131	72 
4132	40 
4133	107 
4134	156 
4135	22 
4136	182 
4137	177 
4138	18 
4139	170 
4140	35 
4141	90 
4142	52 
4143	185 
4144	82 
4145	160 
4146	25 
4147	74 
4148	208 
4149	85 
4150	7 
4151	154 
4152	13 
4153	97 
4154	87 
4155	36 
4156	52 
4157	68 
4158	170 
4159	17 
4160	208 
4161	192 
4162	170 
4163	123 
4164	45 
4165	75 
4166	13 
4167	38 
4168	44 
4169	54 
4170	143 
4171	182 
4172	111 
4173	54 
4174	23 
4175	7 
4176	181 
4177	151 
4178	212 
4179	125 
4180	108 
4181	147 
4182	117 
4183	157 
4184	13 
4185	92 
4186	97 
4187	28 
4188	153 
4189	5 
4190	176 
4191	139 
4192	209 
4193	100 
4194	18 
4195	135 
4196	213 
4197	149 
4198	9 
4199	205 
4200	117 
4201	2 
4202	67 
4203	49 
4204	65 
4205	111 
4206	73 
4207	91 
4208	172 
4209	116 
4210	92 
4211	53 
4212	30 
4213	86 
4214	210 
4215	1 
4216	209 
4217	71 
4218	39 
4219	102 
4220	17 
4221	89 
4222	101 
4223	54 
4224	215 
4225	81 
4226	140 
4227	94 
4228	45 
4229	194 
4230	26 
4231	208 
4232	90 
4233	58 
4234	47 
4235	192 
4236	169 
4237	143 
4238	58 
4239	112 
4240	43 
4241	39 
4242	23 
4243	172 
4244	72 
4245	198 
4246	118 
4247	123 
4248	36 
4249	84 
4250	2 
4251	194 
4252	147 
4253	206 
4254	189 
4255	15 
4256	60 
4257	21 
4258	206 
4259	179 
4260	45 
4261	84 
4262	40 
4263	5 
4264	9 
4265	23 
4266	208 
4267	156 
4268	204 
4269	142 
4270	183 
4271	6 
4272	205 
4273	19 
4274	12 
4275	171 
4276	25 
4277	90 
4278	23 
4279	33 
4280	24 
4281	121 
4282	41 
4283	209 
4284	192 
4285	123 
4286	16 
4287	202 
4288	100 
4289	90 
4290	60 
4291	190 
4292	171 
4293	152 
4294	18 
4295	33 
4296	153 
4297	22 
4298	52 
4299	189 
4300	13 
4301	182 
4302	166 
4303	110 
4304	21 
4305	183 
4306	211 
4307	205 
4308	175 
4309	212 
4310	93 
4311	132 
4312	170 
4313	34 
4314	122 
4315	123 
4316	87 
4317	165 
4318	62 
4319	102 
4320	8 
4321	106 
4322	193 
4323	198 
4324	183 
4325	199 
4326	207 
4327	211 
4328	52 
4329	2 
4330	105 
4331	53 
4332	100 
4333	66 
4334	210 
4335	21 
4336	172 
4337	141 
4338	100 
4339	109 
4340	18 
4341	16 
4342	38 
4343	49 
4344	63 
4345	1 
4346	111 
4347	138 
4348	139 
4349	54 
4350	22 
4351	135 
4352	44 
4353	176 
4354	208 
4355	167 
4356	157 
4357	175 
4358	211 
4359	21 
4360	7 
4361	55 
4362	100 
4363	64 
4364	172 
4365	172 
4366	176 
4367	172 
4368	168 
4369	5 
4370	164 
4371	55 
4372	149 
4373	170 
4374	100 
4375	144 
4376	49 
4377	55 
4378	25 
4379	63 
4380	30 
4381	34 
4382	23 
4383	87 
4384	134 
4385	166 
4386	214 
4387	44 
4388	22 
4389	209 
4390	155 
4391	80 
4392	44 
4393	39 
4394	25 
4395	194 
4396	25 
4397	7 
4398	123 
4399	42 
4400	26 
4401	90 
4402	160 
4403	22 
4404	215 
4405	45 
4406	206 
4407	55 
4408	73 
4409	25 
4410	43 
4411	106 
4412	153 
4413	159 
4414	81 
4415	139 
4416	187 
4417	205 
4418	36 
4419	185 
4420	95 
4421	111 
4422	80 
4423	109 
4424	192 
4425	1 
4426	58 
4427	156 
4428	8 
4429	141 
4430	194 
4431	78 
4432	39 
4433	2 
4434	212 
4435	43 
4436	120 
4437	212 
4438	206 
4439	81 
4440	55 
4441	67 
4442	38 
4443	152 
4444	122 
4445	135 
4446	35 
4447	28 
4448	18 
4449	48 
4450	105 
4451	13 
4452	18 
4453	116 
4454	185 
4455	137 
4456	139 
4457	18 
4458	144 
4459	97 
4460	134 
4461	18 
4462	42 
4463	33 
4464	73 
4465	87 
4466	54 
4467	137 
4468	86 
4469	12 
4470	35 
4471	22 
4472	93 
4473	165 
4474	116 
4475	111 
4476	17 
4477	169 
4478	157 
4479	6 
4480	78 
4481	21 
4482	179 
4483	21 
4484	132 
4485	118 
4486	156 
4487	2 
4488	167 
4489	198 
4490	110 
4491	1 
4492	157 
4493	39 
4494	44 
4495	63 
4496	212 
4497	151 
4498	39 
4499	155 
4500	65 
4501	207 
4502	66 
4503	116 
4504	90 
4505	85 
4506	57 
4507	41 
4508	139 
4509	193 
4510	152 
4511	15 
4512	107 
4513	112 
4514	47 
4515	166 
4516	179 
4517	157 
4518	22 
4519	130 
4520	120 
4521	13 
4522	166 
4523	42 
4524	187 
4525	107 
4526	74 
4527	194 
4528	108 
4529	116 
4530	156 
4531	82 
4532	125 
4533	75 
4534	34 
4535	110 
4536	177 
4537	108 
4538	153 
4539	8 
4540	116 
4541	55 
4542	21 
4543	75 
4544	44 
4545	206 
4546	81 
4547	205 
4548	206 
4549	45 
4550	179 
4551	41 
4552	145 
4553	125 
4554	6 
4555	150 
4556	87 
4557	156 
4558	22 
4559	5 
4560	28 
4561	215 
4562	204 
4563	71 
4564	90 
4565	55 
4566	71 
4567	18 
4568	55 
4569	135 
4570	165 
4571	114 
4572	132 
4573	36 
4574	60 
4575	81 
4576	93 
4577	212 
4578	194 
4579	149 
4580	110 
4581	52 
4582	119 
4583	160 
4584	214 
4585	189 
4586	57 
4587	170 
4588	63 
4589	19 
4590	134 
4591	105 
4592	52 
4593	19 
4594	35 
4595	75 
4596	54 
4597	96 
4598	202 
4599	150 
4600	134 
4601	22 
4602	172 
4603	100 
4604	166 
4605	215 
4606	17 
4607	183 
4608	194 
4609	111 
4610	44 
4611	211 
4612	114 
4613	94 
4614	116 
4615	157 
4616	116 
4617	212 
4618	110 
4619	89 
4620	28 
4621	49 
4622	105 
4623	111 
4624	67 
4625	52 
4626	134 
4627	156 
4628	156 
4629	187 
4630	5 
4631	78 
4632	209 
4633	92 
4634	207 
4635	139 
4636	201 
4637	192 
4638	116 
4639	39 
4640	31 
4641	150 
4642	12 
4643	1 
4644	58 
4645	192 
4646	95 
4647	93 
4648	120 
4649	125 
4650	7 
4651	208 
4652	185 
4653	55 
4654	120 
4655	125 
4656	165 
4657	52 
4658	193 
4659	123 
4660	34 
4661	85 
4662	193 
4663	19 
4664	33 
4665	67 
4666	92 
4667	84 
4668	2 
4669	73 
4670	94 
4671	81 
4672	26 
4673	89 
4674	130 
4675	197 
4676	44 
4677	181 
4678	53 
4679	45 
4680	134 
4681	48 
4682	111 
4683	7 
4684	125 
4685	44 
4686	169 
4687	169 
4688	7 
4689	152 
4690	156 
4691	141 
4692	93 
4693	211 
4694	149 
4695	137 
4696	141 
4697	16 
4698	150 
4699	177 
4700	5 
4701	155 
4702	169 
4703	52 
4704	97 
4705	122 
4706	45 
4707	157 
4708	141 
4709	2 
4710	130 
4711	26 
4712	90 
4713	38 
4714	73 
4715	181 
4716	92 
4717	166 
4718	47 
4719	8 
4720	61 
4721	190 
4722	204 
4723	208 
4724	8 
4725	206 
4726	130 
4727	40 
4728	82 
4729	141 
4730	93 
4731	189 
4732	73 
4733	65 
4734	208 
4735	149 
4736	49 
4737	166 
4738	2 
4739	111 
4740	204 
4741	206 
4742	26 
4743	7 
4744	91 
4745	43 
4746	123 
4747	43 
4748	86 
4749	75 
4750	5 
4751	142 
4752	205 
4753	6 
4754	60 
4755	202 
4756	122 
4757	145 
4758	95 
4759	135 
4760	7 
4761	194 
4762	125 
4763	210 
4764	134 
4765	12 
4766	190 
4767	8 
4768	153 
4769	199 
4770	132 
4771	114 
4772	145 
4773	201 
4774	57 
4775	201 
4776	116 
4777	123 
4778	172 
4779	171 
4780	93 
4781	157 
4782	92 
4783	2 
4784	73 
4785	7 
4786	13 
4787	45 
4788	135 
4789	138 
4790	145 
4791	204 
4792	23 
4793	179 
4794	54 
4795	202 
4796	48 
4797	117 
4798	149 
4799	84 
4800	18 
4801	166 
4802	116 
4803	52 
4804	165 
4805	31 
4806	109 
4807	147 
4808	204 
4809	2 
4810	179 
4811	201 
4812	212 
4813	151 
4814	157 
4815	62 
4816	107 
4817	159 
4818	156 
4819	132 
4820	198 
4821	49 
4822	132 
4823	78 
4824	172 
4825	29 
4826	109 
4827	63 
4828	53 
4829	17 
4830	170 
4831	120 
4832	151 
4833	156 
4834	95 
4835	48 
4836	123 
4837	121 
4838	138 
4839	1 
4840	111 
4841	212 
4842	183 
4843	63 
4844	97 
4845	139 
4846	189 
4847	43 
4848	123 
4849	107 
4850	45 
4851	213 
4852	120 
4853	111 
4854	71 
4855	97 
4856	139 
4857	194 
4858	179 
4859	33 
4860	93 
4861	134 
4862	185 
4863	73 
4864	137 
4865	168 
4866	199 
4867	15 
4868	150 
4869	67 
4870	90 
4871	187 
4872	185 
4873	170 
4874	140 
4875	208 
4876	193 
4877	150 
4878	197 
4879	29 
4880	171 
4881	168 
4882	72 
4883	189 
4884	168 
4885	160 
4886	123 
4887	72 
4888	29 
4889	90 
4890	208 
4891	73 
4892	72 
4893	72 
4894	194 
4895	13 
4896	139 
4897	140 
4898	134 
4899	8 
4900	42 
4901	7 
4902	100 
4903	215 
4904	199 
4905	159 
4906	90 
4907	198 
4908	53 
4909	72 
4910	12 
4911	118 
4912	29 
4913	54 
4914	54 
4915	208 
4916	208 
4917	18 
4918	208 
4919	149 
4920	53 
4921	132 
4922	48 
4923	22 
4924	55 
4925	48 
4926	157 
4927	18 
4928	110 
4929	116 
4930	107 
4931	55 
4932	45 
4933	134 
4934	81 
4935	151 
4936	207 
4937	93 
4938	172 
4939	52 
4940	92 
4941	86 
4942	109 
4943	63 
4944	54 
4945	5 
4946	182 
4947	202 
4948	183 
4949	78 
4950	185 
4951	89 
4952	147 
4953	58 
4954	41 
4955	58 
4956	21 
4957	205 
4958	122 
4959	18 
4960	117 
4961	12 
4962	15 
4963	45 
4964	152 
4965	152 
4966	116 
4967	141 
4968	194 
4969	147 
4970	208 
4971	96 
4972	63 
4973	206 
4974	134 
4975	62 
4976	67 
4977	117 
4978	193 
4979	61 
4980	147 
4981	17 
4982	97 
4983	208 
4984	215 
4985	65 
4986	138 
4987	109 
4988	205 
4989	165 
4990	21 
4991	182 
4992	61 
4993	17 
4994	107 
4995	35 
4996	5 
4997	81 
4998	140 
4999	147 
5000	120 
