3 -0.394615499542 0.31499033675 132 28 7.57575757576

1 -0.33888988593 0.341953066487 95 34 10.5263157895

0 -0.342887345704 0.3725578348 74 42 13.5135135135

0 -0.324860946061 0.379962794878 73 46 13.698630137

0 -0.328202996159 0.377183298257 70 51 14.2857142857

0 -0.32659548909 0.377200495682 71 49 14.0845070423

0 -0.325393844765 0.377534072449 67 47 14.9253731343

0 -0.346831878066 0.37386097841 73 52 13.698630137

0 -0.349396300455 0.376193319455 70 44 14.2857142857

0 -0.337951231682 0.376192406025 66 40 15.1515151515

0 -0.356614190301 0.377906152433 64 41 15.625

0 -0.330573431985 0.376424225633 68 42 14.7058823529

0 -0.353359891244 0.377845000163 62 41 16.1290322581

0 -0.338506890671 0.377107651181 64 48 15.625

0 -0.355283496142 0.374781131707 67 47 14.9253731343

0 -0.348004218437 0.376907181632 61 58 16.393442623

0 -0.354383077194 0.376875287476 66 52 15.1515151515

0 -0.344908136496 0.378299331064 59 48 16.9491525424

0 -0.347272406973 0.378279992297 63 50 15.873015873

0 -0.354960725949 0.376811593906 61 48 16.393442623

