2 -0.642802264946 0.21220959724 170 24 5.88235294118

3 -0.6105577295 0.234083548783 121 47 8.26446280992

2 -0.616524120043 0.241125503948 88 45 11.3636363636

2 -0.601802451733 0.244098626144 79 54 12.6582278481

2 -0.596893551419 0.247521932399 72 93 13.8888888889

2 -0.588234139573 0.251045447737 79 143 12.6582278481

3 -0.547822293952 0.230689016114 120 224 8.33333333333

8 -0.0222157919364 0.0240122144032 11 959 90.9090909091

1 0.0251198607722 0 1 1000 1000.0

1 0.023761619916 0 1 1000 1000.0

1 0.0246253721768 0 1 1000 1000.0

1 0.0248691965242 0 1 1000 1000.0

1 0.0252999367763 0 1 1000 1000.0

1 0.0231618104032 0 1 1000 1000.0

1 0.025258275084 0 1 1000 1000.0

1 0.0266347435073 0 1 1000 1000.0

1 0.0260813263104 0 1 1000 1000.0

1 0.024391672483 0 1 1000 1000.0

0 0.0244612686419 0 1 1000 1000.0

1 0.0252305641727 0 1 1000 1000.0

