1, 1249, 3505, 3841, 4605, 4903, 4984, 71, 1954, 3186, 3693, 4404, 137, 1755, 2436, 4224, 510, 2654, 2859, 684, 3495, 4561, 3300
2, 548, 805, 3914, 4274, 4469, 4961, 204, 3159, 3373, 3551, 3900, 4074, 416, 2267, 2271, 2706, 3895, 4642, 637, 1795, 3106, 612, 1582, 1756, 4910, 1354, 3563, 661, 1079, 703, 765, 1442, 3496, 3830, 788, 2836, 970, 1237, 4765, 986, 3364, 3969, 1169, 3144, 3047, 3892, 2210, 3310
3, 2761, 2919, 3374, 3524, 4096, 4151, 196, 396, 708, 1053, 2293, 298, 1577, 2342, 2979, 360, 1395, 3135, 1060
4, 523, 1219, 2522, 3451, 4600, 310, 2699, 4460, 4626, 4861, 4974, 385, 426, 3165, 3171, 3462, 1097, 1351, 2709, 3034, 4590, 4933, 537, 2393, 3441, 4898, 576, 674, 1031, 667, 4384, 4764, 1268, 2257, 762, 1779, 859, 3665, 3331, 3447, 4680, 1221, 3576, 2081, 2886
1705, 49, 596, 2026, 2467, 2760, 3283, 2624, 145, 811, 2783, 3085, 3142, 3831, 4962, 173, 209, 512, 3769, 3954, 4511, 988, 3428, 4867, 285, 314, 2553, 3311, 2091, 4255, 1995, 582, 1947, 2149, 3445, 827, 1591, 1294, 2474, 1749
5, 1006, 2004, 3456, 3823, 4246, 4911, 4097, 3753, 3351, 738, 1702, 2665, 3674, 2907, 972, 1774, 4485, 1900, 1997
6, 2506, 3515, 3650, 3698, 4657, 2620, 669, 2084, 2206, 3761, 4592, 814, 1804, 2805, 2989, 3326, 4625, 4298, 871, 3837, 3868, 4803, 4939, 1343, 4156, 1819, 1420, 1890, 4328, 4581, 2787, 1684, 2298, 2745, 1735, 2042, 2389, 3443, 4703, 2113, 4142, 2583, 2469, 2188, 2341
3064, 50, 992, 1607, 1643, 2310, 749, 1109, 1903, 2153
7, 103, 1671, 3309, 4305, 4842, 4948, 88, 816, 2174, 2656, 4324, 4270, 4607, 211, 1446, 422, 915, 1825, 3474, 1761, 1184, 2169, 1661, 2251, 2364, 1721
8, 163, 581, 902, 2846, 2993, 175, 620, 822, 1457
2536, 307, 2195, 3762, 3774, 4447, 4620, 429, 763, 2264, 4187, 3995, 4110, 4560, 1020, 2112, 3319, 2863, 2049, 2360, 3317, 3279
9, 2437, 3737, 3864, 3955, 4721, 4766, 58, 1135, 1488, 3383, 335, 411, 3733, 4291, 3339, 686, 982, 2515, 2482, 1041, 2820, 2865, 1322, 2781, 1641
10, 447, 854, 1942, 3043, 3213, 46, 1330, 1863, 711
4624, 40, 4116, 4202, 4441, 4869, 4976, 235, 2276, 3788, 350, 1594, 2615, 409, 3594, 3604, 4665, 3891, 4006, 1301, 3555, 1357, 1494, 2106, 2223, 2396
11, 503, 2602, 2861, 3055, 3539, 1584, 2108, 723, 831, 1035
1561, 4793, 238, 2460, 3622, 3992, 4022, 1694, 4810, 445, 1767, 2689, 3537, 4550, 1293, 531, 4016, 4259, 2077, 693, 933, 3641, 4007, 1256, 3385, 1108, 2677, 2853, 4516, 2870, 2629, 2842, 3414, 1292, 4482, 4858, 1515, 1623, 2637, 3013, 3369, 2156, 2481
12, 1832, 3005, 3732, 4722, 4740, 4808, 323, 4562, 4791, 520, 4268, 541, 621, 2811, 1334, 2397, 1848, 3065
13, 2096, 2299, 4024, 4329, 4709, 4809, 132, 702, 3631, 4201, 4668, 4738, 138, 4250, 4487, 4783, 589, 991, 4433, 2313, 2367, 3948, 1458, 3982, 2521, 2740, 1810, 2814, 1972, 3546
14, 3275, 3571, 4067, 4254, 4883, 610, 233, 276, 786, 2290, 3136, 3425, 4299, 2844, 3134, 4068, 4044, 4585, 2729, 4054, 4731, 653, 3950, 4846, 656, 4127, 2573, 885, 1259, 1664, 2203, 3798, 2869, 3490, 2376, 2502, 3026
2184, 23, 1180, 2087, 3327, 4173, 4223, 4794, 110, 2280, 2788, 3725, 3780, 4169, 4944, 115, 1579, 3634, 4913, 4914, 182, 3204, 3600, 4349, 4466, 257, 1188, 3202, 4596, 270, 2877, 638, 3703, 848, 2490, 1061, 1690, 1156, 1503, 1826, 2959, 1405, 3018, 1962, 3672, 1490, 1485, 4104, 1874, 1944
15, 1340, 3194, 3337, 3528, 3630, 3876, 133, 732, 2549, 186, 3219, 3997, 1126, 1285, 1508, 1700
16, 2312, 2468, 2786, 2906, 3397, 230, 1317, 2033, 265, 901, 1147
812, 524, 2955, 3274, 3627, 4086, 577, 1617, 721, 750, 1691, 2205, 3343, 2547
17, 996, 1063, 1764, 4001, 4077, 130, 1745, 2617, 4828, 4908, 4920, 185, 4331, 192, 3039, 580, 2429, 4211, 1045, 1401, 3991, 4678, 1134, 3066, 1144, 1841, 1904, 2702
1910, 62, 1190, 3145, 4659, 4886, 100, 2951, 3094, 4043, 4746, 4836, 2432, 4848, 481, 4163, 4285, 4047, 600, 3911, 4315, 4777, 4023, 710, 4398, 953, 3783, 958, 1089, 1466, 3467, 1562, 1877, 3023, 1610, 2499, 2591, 4247, 2284, 2628, 3695
18, 3402, 3972, 4122, 4695, 4864, 22, 769, 1084, 4455, 197, 2349, 2963, 205, 2682, 4467, 460, 1183, 2283, 3552, 2812, 832, 1834, 1364
19, 1665, 3389, 4162, 4587, 4873, 2491, 241, 2176, 3586, 4830, 2488, 357, 3893, 3945, 4373, 483, 1275, 2009, 579, 1204, 4158, 741, 4312, 771, 1790, 1675, 4139, 2666, 3103
4017, 190, 2073, 2374, 4010, 4554, 4753, 382, 1608, 1798, 2625, 3109, 1039, 4034, 4479, 1338, 2538, 4271, 1554, 3766, 1581
20, 1379, 3161, 3875, 4735, 4798, 45, 1851, 3933, 4372, 4919, 66, 366, 1076, 2727, 3608, 4197, 326, 1887, 2616, 2695, 3628, 730, 3838, 1891, 4579, 4694, 2765, 1422, 2171, 2379, 2564
4878, 29, 1867, 1930, 2898, 3559, 3975, 3935, 330, 1276, 1868, 3855, 4675, 2294, 997, 3869, 1088, 1870, 1693, 2014, 3111, 1793
21, 4484, 4572, 4770, 4822, 4921, 113, 1925, 3717, 3833, 4819, 256, 1861, 2528, 282, 2762, 3871, 518, 1282, 1952, 646, 4311, 734, 912, 1412, 2082, 1014, 1104, 1780
493, 3901, 225, 1586, 3773, 3776, 4253, 231, 3526, 3882, 4406, 4438, 3845, 327, 2086, 2207, 3929, 4021, 392, 495, 2446, 4973, 1814, 4258, 1067, 3011, 4545, 3660, 791, 2199, 4548, 4725, 4741, 823, 1468, 1981, 3173, 907, 998, 1846, 1313, 1650
24, 2535, 2905, 4827, 4943, 4972, 102, 1989, 4004, 4588, 121, 2900, 3812, 3879, 4495, 4843, 312, 973, 2713, 3741, 4344, 361, 404, 1905, 3143, 4379, 1957, 1717, 3228, 1122, 2578, 1195, 3025, 1811, 3463, 2303, 2683, 2297
4304, 480, 2574, 3439, 3920, 4335, 4481, 4483, 3277, 3264, 685, 3256, 4542, 4956, 4990, 820, 1368, 940, 4257, 4359, 3518, 1609, 1807, 3381, 3565, 2807, 2316, 2597, 2517
25, 616, 1495, 3370, 3635, 4307, 4417, 105, 410, 2987, 4199, 4957, 4988, 135, 3548, 4547, 232, 2224, 4272, 4752, 271, 1785, 346, 1847, 2758, 349, 3432, 2652, 4036, 465, 3037, 2279, 1431, 2901, 2949, 1551, 1783, 3535
26, 1193, 1261, 1959, 2933, 4207, 4744, 64, 364, 1143, 2664, 2721, 3323, 3819, 70, 2558, 3392, 3728, 176, 269, 2544, 3179, 2417, 3386
27, 439, 492, 3989, 4674, 4710, 4726, 67, 3404, 3624, 4519, 126, 3382, 3638, 955, 3396, 1043, 1685, 2035
28, 367, 921, 3263, 3507, 4971, 41, 3225, 3288, 3492, 3821, 4109, 835, 1805, 4597, 539, 1801, 2982, 618, 2830, 4090, 2324, 792, 1326, 3590
1974, 85, 3416, 4124, 4623, 4682, 4739, 234, 3269, 3464, 3961, 4205, 4840, 273, 3446, 3564, 306, 2667, 4346, 4853, 340, 2217, 2631, 4421, 3375, 1160, 2183, 1243, 3168, 4475, 4609, 1732, 1875, 3128, 2888, 3939, 2282, 4172, 3027, 4003
1892, 42, 3668, 4225, 4414, 4439, 4934, 60, 793, 1461, 4671, 4997, 394, 452, 1258, 3597, 585, 1915, 3247, 463, 3497, 3502, 4575, 1660, 4546, 570, 850, 1687, 2688, 4058, 1283, 3916, 3530, 2950, 2411, 3658, 2680
30, 166, 2884, 2940, 4185, 4633, 4940, 55, 1990, 3824, 4666, 4782, 1540, 4210, 236, 1316, 2808, 626, 785, 4716, 709, 2552, 761, 3618, 1027, 1056
31, 123, 1230, 1769, 2913, 4805, 86, 386, 687, 943, 1968, 3722, 916, 1246, 4640, 155, 2329, 3355, 3420, 1878, 2025, 2930, 648, 3182, 3190, 3433, 2236, 697, 1008, 2366, 3692, 1105, 2611, 2791, 1719, 2328, 2519, 1206, 1231, 2132
4630, 38, 1606, 1885, 3412, 4559, 4700, 83, 420, 1363, 1507, 1599, 3390, 4106, 164, 440, 753, 3832, 354, 3711, 3940, 4369, 4750, 374, 640, 2138, 3167, 4189, 2263, 2289, 4081, 4263, 4996, 3690, 611, 4051, 4945, 883, 3839, 1005, 2287, 1085, 1873, 1247, 2208, 2904, 1775, 2388
32, 339, 716, 1980, 3048, 3656, 4900, 68, 2372, 2685, 3899, 2420, 843, 4399, 485, 913, 3754, 3781, 4462, 586, 3099, 4523, 609, 1074, 706, 2259, 2921, 3844, 3112, 1636, 1318
33, 1347, 4049, 4256, 4574, 4754, 343, 3743, 3854, 479, 3764, 4290, 1454, 2726, 3469, 1739, 3303
34, 370, 1770, 3814, 4317, 4804, 107, 1090, 1869, 3068, 3988, 4570, 263, 1596, 3172, 3393, 3642, 4989, 506, 1434, 1883, 3181, 3449, 4473, 574, 682, 852, 1384, 2827, 3231, 4094, 826, 3704, 4656, 877, 1794, 4059, 2800
4288, 4362, 149, 3051, 4193, 4332, 4374, 4902, 598, 3986, 4338, 4603, 701, 2932, 3734, 2686, 2103, 1524, 2161
35, 1196, 4266, 4875, 4918, 4983, 1796, 4890, 2614, 558, 1058, 1626, 1838, 2539, 3835, 607, 4084, 4148, 4160, 4915, 2354, 808, 2040, 3763, 4651, 4970, 3778, 1456, 3772, 1181, 1098, 3720, 3816, 4734, 4916, 3998, 4041, 3726, 1263, 3286, 4354, 4723, 1425, 1527, 3129, 4231, 2961
36, 2066, 3281, 3930, 4747, 4847, 4240, 747, 2140, 2465, 3061, 4745, 1077, 2885, 4410, 4435, 1559, 2350, 2719, 2163, 3122, 2344, 2759
37, 142, 803, 2001, 2942, 3748, 1369, 2118, 319, 1217, 1271, 1467, 1864
1044, 1042, 119, 1499, 3407, 4079, 4571, 4612, 4771, 154, 1492, 3379, 372, 2819, 861, 1633, 2960, 1449
39, 2455, 2743, 2751, 3224, 3257, 258, 1187, 1333, 2561, 1772, 2196
4593, 4589, 266, 2219, 3203, 3946, 4663, 274, 2746, 3617, 4273, 3795, 418, 2124, 2619, 3678, 1472, 739, 837, 922, 1731, 1760, 917, 1349, 3485, 1378, 2525
3042, 4048, 3473, 694, 2181, 3368, 3873, 1430, 729, 2750, 3423, 4281, 4837, 1010, 1289, 2520, 1788, 1120, 3154, 3316, 1323, 3851, 2704, 2580, 1531, 1655, 1714
941, 117, 751, 2635, 4135, 4297, 4403, 4558, 255, 3183, 3677, 3980, 4388, 4518, 291, 1374, 3897, 967, 3760, 1416, 4601, 760, 2057, 2164, 3536, 3777, 1389, 4923, 946, 1509, 3164, 4350, 1254, 1639, 4471, 2363, 2255, 1450, 1506, 3354, 3978, 3246
43, 1615, 2675, 4430, 4527, 4968, 4251, 2148, 886, 3558, 408, 815, 3029, 3031, 3727, 448, 1191, 2896, 3377, 4857, 1565, 3951, 1648, 4894, 1518, 1127, 1375, 3091, 4395, 3024, 2923, 1752, 1521, 4229, 4578, 4608, 1821, 4761, 2413, 2815
1963, 342, 2952, 3579, 4444, 4756, 4958, 536, 3093, 4314, 4705, 566, 2778, 3452, 3683, 1215, 1681, 2587, 3700, 1491, 3685, 1620, 3805
44, 892, 3214, 3601, 4161, 4284, 111, 469, 2495, 4637, 802, 740, 1526, 3131, 4424, 2383, 633, 1138, 2391, 3937, 4235, 658, 2173, 2733, 3729, 2078, 3621, 4645, 3708, 841, 1297, 1553, 2262, 1387
2851, 294, 1386, 2766, 4386, 4584, 302, 1171, 3124, 3147, 3744, 430, 2336, 515, 931, 1166
2852, 3335, 3881, 407, 1119, 1941, 2031, 2673, 444, 1637, 527, 1635
47, 1799, 1934, 2555, 3210, 4711, 97, 2152, 3422, 3605, 3787, 129, 773, 2018, 3637, 4230, 4400, 284, 1383, 2716, 3177, 4742, 313, 4112, 4672, 424, 1003, 1522, 1360, 764, 1567, 1474, 2098, 846, 891, 3487, 2936, 1680, 3282, 3575, 1604, 3401
4419, 136, 3296, 4652, 4862, 4950, 3102, 784, 3236, 3453, 4454, 866, 2182, 2423, 4143, 4872, 876, 932, 1234, 3365, 1646, 2030
48, 358, 489, 744, 2850, 2866, 3499, 1287, 1470, 1163
3828, 172, 1711, 2094, 4520, 4852, 5000, 2700, 1435, 362, 2725, 3074, 3625, 446, 1595, 2560, 3480, 3941, 4648, 2599, 507, 2527, 2747, 4654, 538, 1601, 3033, 647, 1611, 689, 4831, 930, 2511, 1121, 2394, 4436, 1223, 2618, 1452, 1453
4382, 143, 1019, 3827, 4278, 4792, 1658, 290, 2319, 2692, 4242, 393, 1399, 3486, 4174, 4265, 470, 3545, 603, 1927, 1539, 2218
51, 1137, 1400, 2022, 2928, 3435, 289, 856, 994, 2386, 1040
4226, 4998, 77, 2804, 3707, 4874, 4897, 2572, 457, 1086, 4027, 834, 2767, 1165, 2197, 3701, 2556, 3082, 2843
52, 1123, 2170, 2186, 2722, 3217, 75, 151, 2240, 2375
1303, 170, 1186, 4351, 4569, 4759, 4788, 4445, 224, 2971, 4195, 505, 804, 2910, 2912, 949, 1011, 2449, 3192, 3444, 1118, 2410, 3278
53, 1483, 3120, 3137, 3255, 3566, 4011, 181, 2322, 2784, 434, 1678, 557
54, 1427, 3216, 4095, 4636, 4773, 217, 3489, 3676, 4120, 4775, 665, 3877, 4811, 698, 4125, 928, 3481, 1038, 2948, 1094, 1738, 2128, 2244, 2533
1884, 127, 845, 1815, 2214, 2943, 3619, 3874, 3253, 477, 1718, 2728, 3101, 3376, 4582, 514, 978, 1057, 678, 2095, 2509, 3116, 2225, 1939, 3584, 1564, 2461, 1162, 2854, 1751
4037, 96, 893, 4310, 4730, 4780, 4860, 244, 4026, 4070, 4647, 4692, 283, 3612, 344, 1370, 1919, 4937, 627, 2626, 4576, 672, 1478, 2058, 695, 1542, 1311, 1649, 1232, 4062, 1929, 1406, 4472, 1860, 2346
56, 3117, 3561, 3863, 4506, 4586, 4774, 120, 713, 956, 3721, 3913, 895, 1786, 2651, 2193, 2612
57, 874, 2238, 2622, 3087, 3723, 4821, 87, 2816, 3645, 4071, 4376, 2679, 388, 540, 2523, 4203, 438, 4621, 1955, 2421, 4736, 735, 3512, 4343, 813, 2736, 3125, 2774, 3418, 1706, 2069, 3095
59, 3713, 4306, 4358, 4611, 4693, 179, 3999, 4327, 337, 517, 1103, 2060, 2714, 1235, 2075, 1433
4136, 3582, 292, 622, 1139, 1192, 3718, 3846, 497, 1241, 4171, 4946, 3840, 4301, 4991, 858, 2610, 3104, 3938, 909, 2801, 1570, 3038, 2301
789, 2229, 644, 1071, 1227, 1983, 2822, 3509, 799, 1113, 1381, 2068
61, 98, 588, 3649, 4387, 4392, 4685, 2550, 2281, 4168, 4352, 153, 1982, 3681, 4544, 4676, 308, 2991, 473, 2918, 3513, 3751, 2640, 4494, 597, 787, 1484, 1673, 796, 1029, 1782, 2242, 2337, 2917, 4610, 2424, 3947, 1951, 2166
63, 2962, 4503, 4638, 4929, 4966, 4614, 174, 3097, 3803, 3909, 4540, 4802, 248, 659, 2944, 4209, 4529, 280, 1535, 2309, 3007, 4453, 332, 2317, 3338, 3554, 365, 4474, 562, 4098, 1034, 714, 3792, 830, 1500, 4616, 4776, 1202, 1985, 3276, 2817, 2821, 2613
4565, 4924, 259, 260, 1106, 1886, 4377, 4568, 756, 4361, 4407, 675, 3098, 4931, 947, 3387, 4371, 715, 927, 1307, 938, 4029, 4653, 3153, 878, 1759, 1975, 3979, 906, 3232, 3675, 4440, 3408, 3755, 4541, 3193, 3251, 1142, 2857, 1516, 1404, 1754, 2213
65, 4206, 4408, 4669, 4714, 4732, 4891, 317, 1225, 4784, 474, 4464, 4863, 1082, 3346, 1413, 2941, 2911, 1716, 2008, 2797, 2126, 2669, 3411, 2975
4082, 114, 2141, 3059, 3915, 3963, 4370, 288, 2899, 3511, 402, 2470, 2867, 1145, 2738
4276, 451, 4378, 4394, 4396, 4409, 736, 2221, 4146, 4025, 2115, 4038, 2862, 2990, 3195
69, 1670, 2377, 2442, 2878, 3252, 3298, 122, 1945, 2043, 2476
4839, 165, 400, 1131, 1996, 2826, 3163, 4425, 3949, 4491, 293, 1520, 2806, 4123, 4215, 4345, 378, 2139, 2016, 3785, 4643, 1059, 3797, 1284, 3944, 1233, 2256, 4015, 1692, 2457, 3765, 1587, 2074, 3770, 3110, 3602, 2969
660, 215, 412, 755, 3344, 4018, 4237, 868, 2799, 3517, 4170, 1471, 1125, 2633, 1588, 1902
72, 2840, 2958, 3003, 3786, 4619, 4951, 156, 250, 1865, 2462, 4221, 636, 1036, 2764, 2908, 522, 1336, 2968, 3710, 3738, 4673, 1281, 2402, 1075, 2569, 1226, 1348, 2311
73, 1666, 2146, 3468, 3834, 4222, 253, 1812, 2672, 2837, 1000, 2794, 1312
246, 80, 1872, 1961, 3557, 4815, 726, 2935, 3100, 4318, 254, 584, 3347, 3470, 3479, 3312, 490, 870, 4975, 552, 680, 1361, 3580, 643, 1211, 2684, 2596, 838, 2145, 1124, 2027
74, 2083, 2352, 3436, 4489, 4907, 606, 1339, 3075, 4245, 4820, 1012, 3567, 4323, 2769, 2835, 1679, 2190, 1724, 2045
4683, 168, 962, 4175, 4688, 4760, 4901, 2934, 239, 476, 1625, 2024, 4150, 4360, 4785, 3297, 379, 707, 1373, 4743, 974, 2382, 3440, 502, 898, 4033, 543, 1830, 4650, 2986, 2343, 2926, 869, 2017, 3405, 3971, 2321, 4397, 1114, 3870, 1199, 1792, 2749, 3146, 3294, 2858, 2657
76, 3808, 3943, 4190, 4353, 4366, 128, 157, 525, 3501, 2848, 2641, 2662, 3115
78, 1392, 2956, 3088, 3925, 4517, 4814, 4492, 202, 1092, 1358, 2753, 4183, 4478, 3682, 623, 1477, 1911, 2658, 4926, 628, 4707, 4781, 4615, 2036, 3086, 1843, 3036, 3542, 3680, 4356, 3084, 1423, 2691, 3016, 2253, 1618, 3359, 3779, 1817, 1820, 2708, 3155, 2414
79, 3148, 4530, 4627, 4690, 4818, 331, 161, 4134, 4427, 4486, 4557, 311, 1111, 1787, 2055, 3290, 3850, 4267, 4075, 516, 4628, 4833, 3287, 3208, 1296, 1547, 2002, 2516, 3442, 1603, 2566, 1642, 1725, 2006, 2300, 2053, 3040, 2492
4326, 92, 2233, 3403, 3613, 3657, 3964, 4936, 983, 1541, 3730, 3731, 4501, 1251, 2739, 3209, 4634, 1619, 2893, 3715, 2891
545, 3560, 3240, 397, 774, 1750, 4000, 4107, 4639, 462, 2269, 2768, 4241, 4393, 4052, 4493, 4498, 677, 1741, 2399, 2809, 4432, 733, 2731, 768, 1037, 1408, 2608, 4218, 2824, 1201, 3041, 1265, 1937
81, 1880, 2245, 2586, 3426, 4524, 140, 3241, 3362, 4061, 4416, 4871, 245, 461, 2789, 286, 1668, 2887, 4629, 2678, 2742, 3295, 806, 3141, 1046, 3603, 1068, 1385
82, 3659, 3861, 4364, 4367, 4778, 4824, 109, 1224, 3610, 3768, 4114, 4336, 118, 1776, 4938, 4365, 467, 836, 3942, 783, 2427, 1341, 4602, 1115, 1857, 2486, 2763, 1222, 1698, 2659, 4208, 4243, 3491, 1362, 1501, 1525, 2143, 2497, 3482, 3810, 2545
84, 1073, 2584, 4050, 4144, 4531, 4728, 309, 604, 1683, 2957, 3569, 398, 2302, 851, 1371, 3191, 2526
3880, 2144, 2567, 2433, 1026, 2151, 2307, 3572, 3782, 1482, 3092, 3315, 3702, 2977
2632, 4661, 671, 952, 1306, 3917, 4046, 4505, 1459, 2701, 4149, 1536, 2331, 3475, 2875, 1708, 2681
89, 456, 560, 968, 3836, 4909, 184, 2097, 2136, 4131, 4893, 2355, 281, 2703, 3220, 3593, 4887, 415, 4244, 4882, 4892, 427, 535, 2266, 3325, 2320, 567, 875, 919, 1909, 3067, 1674, 2796, 1713, 1505, 2296
90, 1168, 1858, 2475, 2879, 2927, 896, 1647, 2123, 923, 1327
91, 587, 4448, 4800, 4917, 4927, 158, 4340, 4959, 403, 4085, 4138, 4294, 556, 2007, 4194, 4461, 3020, 4452, 770, 2756, 778, 1081, 1262, 1024, 1157, 1299, 3987, 4567, 4457, 1394, 2828, 1908, 2418, 2235
3166, 191, 1652, 2239, 3114, 4391, 4422, 501, 1173, 3985, 1018, 1099, 1054, 1129, 1978
1315, 106, 1110, 2046, 3108, 3218, 3243, 3588, 305, 381, 1740, 1748, 881
93, 631, 3184, 3268, 4563, 4566, 4854, 177, 2378, 3211, 3212, 4217, 214, 2370, 3230, 3907, 2802, 3651, 879, 1977, 3872, 1016, 3320, 1153, 1335, 2288, 3666, 2732
94, 842, 4064, 4347, 4789, 4838, 4986, 4076, 663, 1723, 2142, 3019, 863, 1228, 2338, 2823, 2070, 3273, 1257, 1574, 1703, 2430
95, 2270, 2563, 2650, 2980, 3009, 167, 371, 2579, 4704, 4855, 3926, 300, 1486, 4153, 4186, 4844, 4982, 1164, 425, 496, 1009, 2111, 635, 2117, 2444, 2581, 724, 950, 4459, 959, 1747, 1004, 4118, 1585, 1688, 1417, 1473, 1914, 2101
899, 208, 2451, 3424, 4348, 4415, 4508, 4845, 237, 511, 615, 4635, 4896, 3771, 592, 1888, 1938, 2883, 2059, 3060, 3272, 4191, 2265, 4456, 4856, 1238, 3399, 3623, 1324, 2431, 1590, 1971, 1624, 2996, 2534
99, 419, 2924, 3606, 4555, 4641, 4877, 4599, 4868, 2630, 530, 1533, 3200, 918, 2621, 4698, 2471, 3201, 2192, 2385, 2401, 2359, 2715, 2724
101, 809, 1244, 2464, 2524, 2589, 2660, 2595, 3862, 4342, 4713, 1662, 1346, 3271, 3626, 4442, 1331, 1729, 2105, 2818, 3460, 1342, 1512, 3160, 4167, 1497, 2187, 2064
4859, 144, 964, 1523, 3852, 4295, 4463, 1382, 210, 1051, 1733, 4088, 4279, 542, 2674, 4664, 564, 1727, 2135, 3904, 1350, 1923, 3289
104, 3498, 3595, 4130, 4308, 4357, 478, 719, 2510, 3321, 3813, 629, 3267, 2361, 2065
108, 759, 2487, 2856, 3454, 3529, 3790, 124, 889, 728, 1960, 818, 929
148, 141, 2325, 2813, 4228, 4260, 4850, 4932, 499, 4679, 4963, 216, 1789, 1926, 2419, 3922, 4787, 2493, 484, 1176, 1921, 1964, 2261, 2130, 4549, 944, 3180, 3648, 1388, 1272, 1566, 2590, 3069, 3694, 1669, 4405, 4164, 4706, 1644, 1823
112, 1295, 3081, 3739, 4212, 4380, 3056, 692, 1185, 1426, 1302, 1612, 3820, 3021, 1366, 2157
2831, 4192, 195, 4216, 4283, 4389, 4632, 2833, 352, 3759, 3898, 383, 534, 780, 1576, 2332
4525, 3245, 147, 373, 4512, 4816, 4849, 4930, 4994, 272, 3654, 4133, 911, 2723, 3745, 1150, 3229, 2185, 3966, 2334
2439, 4280, 1152, 1455, 2540, 3049, 3237, 3611, 3724, 1298, 1538, 2090, 2965, 3553, 2028, 2478
116, 2034, 2712, 2995, 3556, 4035, 395, 1653, 2730, 801, 3410, 1253, 1602
2881, 189, 624, 880, 2365, 2782, 1445, 800, 1308, 849
125, 315, 3175, 3712, 3865, 4219, 4319, 605, 2438, 486, 969, 2216, 1763, 2189
131, 3500, 3789, 4140, 4470, 4594, 4995, 229, 2315, 3504, 4446, 450, 1557, 1631, 1159, 1411, 1956, 3333, 2005, 2158
134, 3366, 4532, 4649, 4655, 4684, 4762, 3170, 767, 641, 1899, 2285, 4063, 4179, 4553, 3384, 3826, 1629, 3361, 2380, 2605, 2044, 2357
3197, 247, 1831, 3919, 4249, 4667, 4799, 2757, 318, 2793, 4028, 521, 3670, 3970, 4261, 601, 2406, 3791, 828, 937
995, 194, 926, 1966, 3185, 3223, 4102, 222, 2671, 3455, 4275, 4779, 1514, 347, 550, 1730, 1920, 3522, 3817, 4880, 888, 4292, 798, 1549, 2234, 3076, 2012, 3188, 3234, 3615, 1365, 1672, 1933, 3342, 1504, 3207, 1583, 1876, 3096, 2268
139, 431, 2705, 4155, 4248, 4418, 4573, 494, 731, 3284, 717, 3078, 4056, 1367, 2690, 1140, 2047, 2453
146, 1288, 2947, 3932, 4045, 4147, 4526, 228, 1359, 1924, 267, 1558, 748, 1992, 754
150, 3292, 3857, 4390, 4499, 4701, 498, 3484, 821, 1935, 2845, 890, 903, 2810, 1710, 1809, 2227, 2314
152, 1682, 2390, 2945, 4825, 4888, 4912, 547, 3508, 3976, 4879, 619, 2542, 3012, 3661, 1069, 3993, 1151, 2076, 3669, 1214, 2237, 1305, 1563, 2604, 3301
4922, 303, 3646, 4681, 4835, 4925, 513, 4796, 544, 4126, 4449, 1133, 2050, 2627, 1988, 2890, 1403, 3609, 3585, 2037
4385, 334, 900, 1154, 1220, 1242, 3794, 4737, 2770, 406, 1965, 3053, 3927, 4302, 4515, 432, 2895, 3261, 508, 3885, 4717, 4801, 591, 4522, 4604, 782, 1447, 2839, 1409, 3318, 3799, 4065, 904, 3589, 910, 1575, 3532, 1091, 1148, 1737, 2092, 3138, 1421, 1605, 3457
159, 2447, 2925, 3406, 4055, 4341, 324, 4032, 4697, 345, 2450, 2897, 3080, 471, 3434, 3644, 4286, 554, 3957, 1829, 691, 772, 2915, 924, 1260, 3044, 3119, 2931, 3072
160, 3531, 3705, 3878, 4865, 4884, 328, 1762, 3127, 4101, 4368, 4881, 399, 2504, 1064, 1638, 2003, 3356, 1095, 1377, 3259, 3598, 2639
162, 2155, 2211, 3400, 4426, 4644, 4955, 3691, 1768, 2371, 563, 4128, 4238, 4953, 1015, 3015, 2790, 1840, 4233, 1866, 2308
936, 336, 1970, 2966, 4536, 4699, 3258, 2514, 3477, 3888, 945, 4137, 1239, 1428, 3329, 1627, 1917, 3058
1290, 2038, 351, 1372, 2981, 3398, 3973, 4480, 4949, 551, 2974, 4631, 722, 1822, 2178, 4431, 4823, 3262, 987, 3008, 3587, 1049, 2175, 2773, 1050, 3709, 1943, 2067, 1600, 2405
2880, 169, 1994, 2531, 3461, 4252, 4952, 4807, 4129, 417, 2458, 3684, 4980, 568, 1593, 1667, 2967, 3811, 4999, 683, 4181, 920, 1441, 3121, 3639, 1402, 2121, 2518, 1556, 4969, 1496, 3089, 2107, 3450
171, 1712, 2485, 3324, 3349, 3620, 413, 2741, 573, 794, 1407, 2339
4715, 322, 864, 1017, 2697, 4176, 4677, 384, 3156, 3270, 3697, 583, 3391, 3520, 1270, 2892, 2071
2939, 433, 2609, 3113, 3472, 3953, 3981, 630, 2916, 4157, 1240, 2562, 1396, 1463
178, 1842, 3233, 3336, 4757, 4772, 4790, 1182, 341, 2150, 3752, 363, 2834, 2998, 4019, 3928, 645, 3174, 951, 1130, 3581, 4552, 1136, 2304, 2403, 1218, 1946
180, 757, 1203, 2507, 2771, 2864, 226, 705, 976, 1517, 652
183, 1172, 3643, 4113, 4330, 4450, 4591, 414, 3629, 4622, 905, 3360, 1100, 1487, 4040, 1393, 2735, 2648, 3187
187, 639, 1460, 1765, 1984, 2748, 2838, 2780, 737, 961
188, 642, 2220, 3162, 3291, 3334, 221, 243, 1087, 1066, 2676, 1651
193, 4115, 4598, 4755, 4795, 4947, 519, 1781, 3431, 4287, 1177, 1889, 3057, 3215, 3062, 1835, 1906, 2109, 2565
198, 199, 220, 2088, 2636, 2984, 3663, 632, 2198, 3140, 261, 1844, 1845
200, 1552, 3534, 3906, 4262, 4727, 2792, 1072, 4132, 2543, 1304, 2228, 2737, 3459, 3591, 2600, 2340
201, 1083, 2368, 3070, 3071, 3510, 4758, 468, 742, 1229, 4420, 649, 1871, 2125, 2663, 3196, 4834, 2441, 3959, 817, 1882, 3640, 4646, 1726, 3313, 4111, 2398
203, 1676, 1916, 2011, 2480, 3655, 4013, 316, 2056, 2477, 3533, 1078, 1209, 1528, 1560
206, 2777, 3750, 3924, 4381, 4534, 4660, 3151, 466, 2505, 3578, 3706, 3931, 948, 1117, 1007, 4313, 2381, 1659
207, 2120, 3242, 3843, 4434, 4577, 213, 1511, 2019, 2063, 2825, 4437, 571, 4091, 1205, 1479, 4178, 4309, 664, 4617, 4812, 4841, 824, 1901, 3886, 999, 4496, 1475, 2976, 2744, 3357, 2079, 2452
2795, 223, 3413, 3466, 3592, 3742, 472, 2434, 3010, 1686, 1856
212, 2104, 3226, 3547, 4165, 4533, 4543, 376, 797, 3123, 3802, 4595, 555, 4749, 2500, 2718, 3652, 3853, 1628, 1757, 1859, 2362, 3022
218, 4141, 4289, 4401, 4564, 4712, 3227, 718, 2576, 3415, 4889, 758, 1155, 1332, 4906, 779, 4504, 4870, 939, 1047, 2693, 957, 1695, 2803, 3205, 4277, 977, 4232, 1949, 2571, 1273, 1534, 2392, 3514
219, 1987, 2983, 3996, 4182, 4960, 296, 3314, 4200, 4977, 2643, 3493, 528, 2530, 3158, 3488, 4121, 3633, 1213, 4797, 1502, 1621, 2093, 1913, 2603
4296, 355, 2099, 2159, 2922, 3152, 3340, 4188, 4412, 578, 935, 3562, 4768, 655, 2048, 3429, 4538, 1806, 1314, 1429, 2039, 2110, 1828
227, 1498, 2598, 2946, 4724, 4767, 275, 1022, 1852, 3896, 4320, 2230, 454, 533, 2404, 3149, 3437, 1569, 1736, 1803, 4069, 746, 2529, 4428, 1291, 4719, 966, 1476, 3577, 4899, 2607, 4539, 1255, 2412, 2829, 1548, 2369, 3525, 1833, 2275
2426, 387, 569, 2248, 2501, 2871, 3332, 435, 1448, 2305, 617
240, 2154, 2720, 3549, 3671, 3889, 4687, 252, 3105, 3806, 4236, 1578, 3307, 4686, 613, 1101, 1777, 4042, 781, 1170, 3614, 795, 3118, 3653, 4477, 1976, 960, 1167, 3968, 1462, 3006, 2295, 2988, 3178, 3960, 1178, 4702, 1198, 2606, 1663, 3934, 1656, 1689
242, 673, 2127, 2548, 2694, 3735, 262, 3465, 3714, 3775, 4411, 405, 743, 2119, 2180, 3299, 700, 3856, 1849, 2623, 4321, 1174, 1936, 1269, 2508, 1267
4383, 4465, 500, 1897, 2356, 2443, 3596, 4316, 509, 3239, 3573, 855, 3516, 3616, 4556, 865, 2435, 1309, 4154, 1493
4333, 301, 681, 2041, 2080, 2645, 3568, 1598, 4014, 4502, 829, 1280, 3266, 1967, 1999, 2373, 2029
249, 1580, 3807, 3809, 3884, 4851, 389, 2260, 3538, 4196, 2954, 1510, 3905, 4002, 2557, 1816, 2292, 2775
251, 268, 2532, 4009, 4080, 4083, 4363, 1958, 3352, 559, 2772, 1440, 1571, 2258, 1715
3328, 338, 3829, 4234, 4514, 4718, 348, 679, 3280, 401, 593, 2162, 3570, 2855, 1278, 1589, 2052, 1784
264, 4220, 4476, 4606, 4981, 4993, 908, 3859, 4159, 4829, 1352, 3583, 1855, 2010, 3304, 3923, 2849, 3494, 3574
4985, 297, 1489, 1699, 3503, 3696, 4733, 436, 2327, 2494, 3506, 4500, 894, 2222, 3322, 3883, 4204, 1141, 2973, 3716, 2415, 1438, 1537, 2559, 3079
277, 421, 2456, 3544, 3967, 3983, 4748, 356, 990, 1030, 3540, 4213, 4941, 3305, 491, 488, 2353, 3001, 4468, 839, 2400, 662, 980, 1969, 2601, 3647, 2191, 1758, 3747
278, 2172, 2254, 4066, 4413, 4817, 602, 2422, 2868, 3793, 4905, 2985, 2358, 1023, 2999, 1080, 3372, 3849, 1640, 1197, 1555, 1895, 3521
279, 625, 775, 2177, 2551, 3030, 565, 2116, 2351, 1437
965, 504, 4337, 4429, 4691, 4696, 4708, 4967, 833, 4729, 1529, 4072, 3176, 2582, 1696, 2832, 1734, 2592, 2179, 3150
287, 2247, 2483, 2997, 3293, 3689, 482, 3285, 3371, 650, 1128, 1742
2200, 860, 2277, 2841, 3017, 3139, 3222, 1250, 1300, 1622, 1657
295, 1432, 3133, 3438, 3541, 4689, 1481, 1286, 777, 1207, 2102, 3825, 3952, 4443, 867, 1464, 3894, 4293, 4510, 4965, 2920, 1200, 1808, 2278, 3687, 4005, 1544, 4964, 2395, 1397, 2347, 4089, 2246, 2479, 2243, 3632, 1614, 2448, 2711
299, 934, 1940, 3054, 3367, 3421, 3476, 2306, 971, 1132, 993
304, 1451, 2286, 3045, 3250, 3353, 4117, 526, 1697, 3341, 853, 2134, 2232, 2653
320, 1065, 1632, 1950, 3866, 4214, 4763, 325, 449, 2661, 2929, 3132, 3673, 441, 1032, 4334, 443, 696, 3169, 3858, 453, 2696, 1356, 1839, 1070, 2202, 1545
321, 4339, 4806, 4826, 4942, 4987, 666, 3028, 3199, 4100, 807, 2072, 3427, 989, 2994, 1465, 2454, 3419, 4423, 1613, 2670, 3527, 3804, 1746, 3130, 2687
4264, 442, 3388, 3796, 4057, 4087, 4198, 529, 2503, 2647, 1112, 1907, 3550, 1894, 2785
4583, 3265, 3908, 3912, 688, 840, 2440, 3990, 4108, 4885, 727, 3448, 4145, 4402, 1824, 981, 2512, 3599, 4031, 1107, 2513, 1179, 1216, 1818, 1836, 1854
329, 333, 2546, 4509, 4658, 4876, 4978, 3380, 380, 2085, 4662, 423, 2752, 4078, 3749, 2914, 1616, 4039, 3801, 2051, 4322, 2133, 3478
3848, 2755, 634, 2568, 3126, 3902, 3984, 1028, 2588, 3736, 3962, 1236, 2318, 2484, 1948
4490, 4618, 4928, 657, 984, 3636, 4303, 4535, 810, 1025, 1630, 2445, 3686, 3867, 2015, 4580, 4119, 1328, 1898, 2425, 3090, 3107, 2020, 3046, 1827, 2472, 3860, 2333, 2634
1158, 375, 1208, 1252, 1415, 1998, 3235, 532, 590, 1813, 3198, 1444
353, 1480, 2167, 2874, 3000, 3077, 2798, 2323, 1274, 2734
3032, 3073, 4904, 1704, 963, 3784, 4325, 4769, 4866, 1189, 2972, 4008, 4103, 3014, 3994, 2231, 3395, 2345, 2953
359, 1519, 2594, 3822, 3887, 4239, 4513, 368, 2938, 3394, 985, 1707, 2250, 3330, 2644
369, 2209, 3740, 3746, 3758, 4012, 766, 1677, 2459, 2754, 1001, 2241, 2554
377, 1093, 1337, 1728, 1931, 3002, 676, 1753, 699, 847
1048, 3430, 2326, 3302, 4180, 4528, 4537, 1055, 1744, 2023, 2537, 1973, 2204, 2335, 2129, 2416
390, 428, 654, 2147, 4177, 4832, 4497, 4935, 487, 1264, 1319, 4813, 2131, 2779, 3910, 884, 1543, 954, 2894, 3815, 1033, 3248, 1210, 2466
391, 3206, 4020, 4282, 4507, 4954, 975, 1709, 3977, 1532, 1800, 1390, 2252, 2655, 3050, 4551, 1530, 2698, 3254, 1743, 2872, 2089
437, 4184, 4300, 4451, 4786, 4895, 670, 1634, 4152, 4166, 4521, 857, 2348, 1391, 1513, 1546, 2902, 3409, 2473
553, 4030, 3238, 1096, 2160, 3818, 3958, 1418, 1896, 1979, 4099, 1149, 2273, 1266, 1879, 1993
455, 2407, 2889, 3662, 3667, 3756, 873, 1953, 3350, 1002, 1212, 1161
458, 2194, 2570, 2649, 3260, 4269, 4751, 844, 1021, 1893, 2408, 942, 1778, 2387, 1645, 1398, 2272, 1568, 2593
459, 1102, 2577, 2882, 3249, 3458, 3543, 599, 1932, 752, 1573
464, 1146, 3757, 3767, 4093, 4613, 4670, 475, 668, 2021, 3688, 3378, 4053, 4227, 2274, 1766, 3004, 1597, 2249, 2201, 2876
546, 1436, 1701, 2032, 3417, 3921, 882, 1013, 2165, 3345, 1325, 1469
549, 2489, 2668, 2860, 2873, 2903, 3157, 1922, 1802, 2215
2137, 872, 2541, 3306, 3523, 3918, 3956, 1245, 3308, 3483, 4105, 1410, 3063, 1424, 1773
561, 720, 790, 1654, 1722, 1797, 2463, 575, 2409, 1771, 1853
572, 1837, 2330, 3244, 3903, 4488, 595, 1550, 2710, 3471, 4092, 4355, 614, 1344, 3800, 776, 1380, 1572, 1850
594, 825, 1353, 3052, 3936, 608, 704, 819, 1310, 1720, 1439, 2498, 925
2062, 979, 3664, 3699, 4073, 4375, 4458, 1321, 1791, 3679, 3974, 1376, 3348, 1443, 3358
1862, 690, 887, 1277, 1918, 1986, 2061, 2291, 712, 1592
651, 1912, 1991, 2428, 2585, 3363, 862, 1355, 1279, 1329, 2168
725, 1062, 1248, 2100, 2122, 2642, 3221, 745, 1175, 1881, 1345
897, 3607, 3965, 4720, 4979, 4992, 1116, 2212, 2384, 1194, 2970, 2978, 3035, 1414, 2013, 4060, 1419, 2496, 2575, 2776
914, 2054, 2638, 2847, 2909, 2964, 3083, 1320, 2646, 1928
2226, 1052, 2114, 3189, 3842, 3847, 3890, 2000, 2937, 2992, 3719, 2717, 3519, 2707
