1, 970, 2445, 3056, 4814, 4947, 88, 2315, 2382, 2511, 4089, 1070, 109, 2263, 4219, 4277, 4404, 4543, 159, 2378, 4731, 4785, 4571, 1091, 236, 1346, 1544, 3746, 246, 2282, 3678, 4270, 348, 2681, 439, 651, 3434, 935, 1256, 2135, 3778, 4203, 1945, 2197, 1166, 3394, 1232, 2674, 2651, 2826
4074, 4911, 303, 3024, 4180, 4890, 471, 1140, 1248, 4159, 1632, 539, 3797, 4948, 4988, 635, 4252, 4261, 2728, 691, 972, 710, 3159, 837, 4166, 2397, 3982, 3928, 1441
2, 1291, 4110, 4818, 4846, 4905, 171, 4382, 4592, 264, 4594, 353, 462, 2718, 618, 3423, 798, 1535, 3490
3683, 659, 2816, 3417, 3480, 4142, 747, 1946, 825, 1027, 2180, 3317, 1857
3, 279, 3627, 4057, 4513, 4563, 39, 527, 575, 2763, 4646, 77, 1290, 3032, 3914, 144, 1520, 3491, 3673, 4155, 4915, 2986, 2988, 304, 838, 2304, 3453, 435, 721, 474, 641, 727, 1061, 3045, 700, 763, 4223, 1529, 2414, 1545, 2120
3968, 2143, 739, 1164, 2964, 4139, 4365, 3563, 1247, 2164, 3345, 2958, 2396
4, 1228, 3696, 4607, 4608, 4771, 3687, 4374, 172, 3648, 4063, 4729, 4743, 4920, 1146, 515, 2418, 574, 4135, 774, 3343, 4902, 794, 3184, 3327, 3768, 1838, 928, 1003, 4005, 1057, 2982, 3099, 3166, 3697, 4048
3234, 779, 3319, 3992, 4133, 4539, 4756, 1237, 4140, 4234, 2427, 1627, 2606, 3692, 3572
5, 3067, 3079, 3486, 4125, 4918, 89, 401, 3865, 3907, 4085, 121, 1530, 2391, 2808, 3487, 441, 3106, 2213, 4671, 742, 2002, 3177, 3763, 4396, 2248, 578, 3145, 4285, 614, 3841, 4675, 866, 2471, 4567, 1234, 1307, 4246, 1526, 1169, 2631, 4852, 1300, 4562, 1420, 1993, 2642, 3612
3400, 570, 1125, 1266, 3149, 3546, 3782, 4145, 725, 2301, 924, 1752, 2043, 1008
6, 1580, 2574, 3293, 4560, 4845, 1329, 226, 1225, 1927, 4375, 3632, 1457, 3164, 456, 729, 541, 976, 3259, 3349, 1167, 2015, 4065, 1111, 3108, 3860, 1324, 2489
84, 11, 1255, 1918, 2866, 3176, 3853, 1992, 2240, 3155, 142
7, 1135, 1921, 4107, 4992, 4323, 4256, 2442, 4217, 3000, 1686, 2810, 389, 2131, 3310, 3625, 4344, 4007, 835, 2439, 2464, 983, 990, 2657, 4747, 1035, 3062, 1478, 3406, 3922, 2069
234, 17, 480, 2478, 2784, 3376, 4213, 4968, 110, 4673, 4715, 4865, 4888, 722, 2316, 4408, 4866, 335, 3141, 3766, 1615, 3418, 3720, 3743, 3781, 552, 1322, 2124, 4558, 2338, 3436, 799, 2264, 4147, 965, 1465, 2121, 4466, 1107, 1738, 4424, 3275, 1359, 1466, 1922, 2223
3662, 82, 1581, 3316, 4395, 4488, 4569, 104, 330, 1407, 3223, 4461, 4862, 191, 2090, 3711, 3886, 250, 1579, 3845, 4817, 4833, 394, 2509, 702, 3489, 2996, 906, 1387, 4660, 1230, 1178, 1647, 3744, 3952, 1283, 2650, 4373, 1751, 4320
8, 3278, 4112, 4171, 4542, 4966, 185, 1304, 4231, 4991, 317, 3049, 4296, 4362, 557, 737, 3483, 3564, 668, 1194, 1540, 1534, 2019
3731, 74, 278, 2342, 2716, 2918, 3452, 200, 1391, 1757, 3160, 3872, 4573, 202, 222, 1850, 2432, 3232, 4507, 215, 1948, 3949, 3953, 4906, 3842, 4381, 4302, 4534, 321, 425, 1287, 3306, 649, 991, 3863, 4319, 1028, 2294, 2318, 3214, 1386, 1569
9, 3590, 3676, 3893, 4060, 4727, 20, 1976, 3324, 3921, 4522, 76, 2505, 4477, 3984, 512, 2051, 787, 2844, 1335, 2899, 3885, 1412
4422, 4552, 1060, 197, 3647, 4275, 4291, 1357, 1418, 1281, 4069, 4169, 595, 1606, 2746, 3716, 4650, 3639, 1445, 1073, 720, 1877, 2913, 3017, 3598, 3747, 953, 1002, 2598, 4272, 4896, 1207, 4508, 1051, 2168, 2173, 3384, 1163, 1872, 4117, 3435, 2535, 1848, 2655, 2435, 1674, 2077, 3986, 3887
10, 1278, 3447, 3569, 4230, 61, 1786, 2477, 1067, 1630, 1625, 1417
3069, 2647, 186, 4867, 127, 2105, 3396, 3987, 4877, 3297, 169, 2344, 3072, 3969, 3970, 2229, 4797, 194, 3929, 3655, 340, 1830, 396, 1220, 3621, 490, 2375, 2897, 922, 2991, 1106, 1309, 3344
3494, 4822, 1285, 124, 373, 4039, 4430, 4582, 4627, 156, 4308, 4439, 4606, 4983, 3182, 331, 2265, 339, 1878, 3018, 3726, 3803, 4686, 647, 1063, 4544, 915, 957, 2160, 2061, 1205, 4436, 1508
3276, 3635, 151, 521, 810, 971, 4710, 4831, 346, 2218, 2167, 2577, 4949, 4273, 4467, 4993, 4411, 1704, 3653, 3958, 1903, 898, 1340, 3010, 3281, 2308, 4255, 3775, 4402, 3926, 1428, 1699, 2365, 4616, 2034, 4006, 1925, 2846
12, 1360, 1964, 3292, 4162, 4198, 138, 174, 1153, 2836, 381, 1847
13, 1897, 3416, 3710, 4232, 4283, 71, 929, 3950, 4237, 126, 565, 1342, 4059, 4278, 1955, 4872, 4148, 405, 777, 1240, 2402, 3207, 3295, 4080, 3081, 1305, 1337, 4053, 3342
2782, 338, 78, 1221, 1543, 3427, 4287, 178, 2215, 3428, 4257, 1900, 2735, 3857, 4009, 4314, 2052, 1349, 524, 3626, 542, 1212, 2526, 3779, 678, 1975, 2890, 685, 1711, 2621, 3522, 744, 1017, 1018, 2850, 1685, 1879, 2494
14, 137, 3839, 4812, 4895, 807, 4564, 4893, 3198, 263, 544, 2194, 4882, 526, 3822, 2815, 3661, 4154, 4250, 2978, 3133, 3221, 4153, 2108, 1145, 1375, 1828, 3339, 1192, 1196, 1438, 3074, 2543, 3026, 3824
1926, 475, 728, 1668, 1725, 2325, 2921, 826, 1137, 1750
2925, 43, 554, 4418, 4722, 4953, 411, 72, 2219, 3104, 4587, 4690, 2671, 2748, 420, 1096, 1449, 4317, 470, 2084, 1350, 1622, 856, 2969, 4318, 4808, 960, 4163, 1263, 2480, 2879
15, 984, 1054, 2665, 4644, 4873, 229, 2062, 2374, 4810, 1701, 2798, 3700, 3834, 1497, 1288, 914, 2293, 3220, 4126, 4518, 2789, 2258, 3463, 1577, 4434, 1219, 3691, 3869, 2106, 1338, 1687, 2926, 4304, 2205
4393, 3158, 95, 1720, 4704, 4926, 4932, 168, 2388, 2729, 4971, 259, 1203, 2715, 502, 1517, 3009, 525, 4389, 4652, 746, 2330, 1037, 2630, 1202, 1689, 2354, 2193, 1605, 2518, 2487, 2310
16, 457, 2055, 3156, 3595, 4358, 2358, 3741, 66, 123, 4346, 4655, 4841, 2340, 290, 2372, 4480, 3645, 560, 3847, 3956, 2813, 4514, 458, 1341, 2259, 3203, 4752, 1780, 623, 2187, 3891, 646, 3636, 687, 4088, 834, 4017, 1081, 2752, 1174, 1413, 1734, 1831, 2262, 3771
2220, 363, 3474, 3554, 3825, 4134, 4464, 3366, 693, 1217, 1393, 2321, 4438, 753, 4463, 2768
2519, 518, 158, 1211, 2298, 3066, 4782, 4894, 4339, 254, 2295, 2579, 3362, 3717, 871, 3609, 2279, 1448, 1735, 1590, 2244, 1712, 1747
18, 57, 3503, 3703, 3951, 4426, 2605, 3251, 3475, 3515, 636, 3898, 496, 754, 2113, 3161, 4350, 507, 3181, 3867, 2350
4816, 4813, 2766, 465, 1134, 2550, 4613, 4961, 533, 4662, 715, 1513, 3286, 4987, 3304, 927, 1931, 4353, 967, 1302, 2976, 4191, 1892, 1271, 1949, 2787
19, 2276, 2299, 3264, 3414, 1416, 644, 1601, 1713, 1867
4136, 4849, 3698, 355, 1262, 4200, 4637, 509, 909, 2204, 3340, 701, 2531, 3255, 3473, 3675, 760, 885, 3152, 4908, 4243, 3644, 2514, 2323
3873, 892, 4222, 296, 3965, 3994, 4337, 4370, 1748, 532, 2000, 4348, 4829, 620, 3525, 3890, 4336, 726, 3209, 1377, 796, 1043, 3738, 823, 2959, 3996, 4221, 3765, 3882, 3940, 1127, 2633, 1229, 2009, 2470, 4416, 1620, 2379, 3618, 2355, 3520, 2182, 2228, 2347
21, 1845, 2456, 3457, 3916, 4933, 1890, 141, 1352, 2567, 3829, 4165, 1696, 205, 822, 1001, 738, 1849, 764, 3205, 749, 3301, 4491, 992, 1555, 2699
1801, 268, 2097, 2965, 3774, 4073, 4803, 875, 2611, 666, 2483, 2839, 3004, 2380, 1284
22, 910, 1551, 2894, 4931, 4946, 485, 2672, 4175, 4289, 751, 3702, 4207, 3014, 1397, 4062, 1907, 3383, 1968, 2171
2157, 2384, 134, 1568, 2582, 3171, 3537, 1155, 1869, 1621, 2776
23, 2184, 3002, 3493, 3666, 4132, 2856, 1816, 704, 2640, 1587, 2530, 2128
4398, 67, 1066, 2176, 2387, 4224, 4324, 211, 1761, 3100, 3180, 4268, 4484, 1574, 4498, 4188, 2075, 612, 2383, 3233, 1919, 2005, 2590, 883, 1072, 3580, 4755, 3387, 4783, 3236, 1227, 1941, 2224, 2370, 2887
24, 193, 1168, 2269, 4475, 2433, 1790, 1806, 4008, 3567, 244, 2434, 3792, 4444, 4082, 674, 610, 1502, 2825, 3536, 2479, 3398, 3624, 3819, 755, 1414, 3284, 4335, 4503, 2835, 781, 2119, 2679, 4506, 785, 868, 1888, 1372, 3649, 987, 1090, 1934, 2421, 3931, 3850, 4299, 1899, 3113
2648, 31, 2024, 4128, 4316, 4786, 4857, 54, 3335, 3602, 199, 816, 1364, 242, 3124, 3372, 4322, 419, 579, 1270, 1171, 1680
3937, 63, 658, 3880, 3925, 4380, 473, 2255, 3007, 3034, 955, 2607, 1006, 1501
25, 633, 3560, 3920, 4707, 4922, 90, 302, 913, 2840, 3412, 4527, 139, 2538, 2741, 4294, 4734, 214, 786, 2867, 4047, 4138, 4559, 223, 1383, 4452, 4383, 1755, 3905, 1950, 2289, 4631, 4989, 847, 3035, 2083, 1272, 1547, 1571, 2409, 2696, 3235, 2900, 3130, 4055, 2939, 3767
26, 782, 1482, 4763, 4764, 4090, 4712, 149, 920, 2125, 2817, 4628, 160, 1325, 2363, 4454, 173, 4978, 4081, 4593, 1469, 424, 917, 1186, 2238, 624, 2211, 2314, 3148, 2956, 3895, 2740, 2637, 1898, 1020, 2150, 1113, 3930, 1224, 4327, 1688, 2709, 2829
4333, 393, 3674, 3680, 3919, 4388, 591, 3677, 745, 2979, 2497, 1208, 3064, 2756
4825, 2819, 4049, 313, 2217, 3578, 3770, 3802, 4496, 343, 2694, 3402, 4718, 4925, 357, 1049, 3783, 4899, 366, 1235, 1766, 4300, 640, 2156, 1065, 2014, 1524, 3753, 1313, 1384, 3269
27, 1521, 1531, 2311, 4406, 4950, 99, 1851, 3128, 4730, 4957, 241, 4515, 4897, 399, 448, 772, 418, 4227, 1103, 1277, 2341, 556, 2917, 3806, 904, 2280, 1361, 1714, 1488, 2794
3820, 540, 3866, 4282, 4342, 4372, 584, 3630, 597, 3482, 1676, 1908, 1935
28, 374, 4021, 4354, 4394, 4748, 2970, 1509, 1276, 1592, 586, 1834, 3507, 4830, 516, 2927, 3495, 4292, 530, 1044, 2177, 3260, 581, 3093, 4310, 3011, 3409, 681, 1100, 1825, 2636, 2774, 695, 3305, 930, 1494, 4118, 1159, 2058
4990, 3601, 166, 1718, 1891, 2524, 4741, 4753, 210, 3622, 4441, 4482, 4550, 4557, 2641, 3828, 286, 3777, 4532, 438, 1800, 2153, 4623, 568, 4937, 863, 4996, 1429, 1198, 3290, 2441, 4624, 3836, 1471, 4432, 1484, 3470, 2312, 4214, 2800, 3323
29, 4588, 4621, 4777, 4815, 4929, 33, 2765, 4247, 4696, 1303, 561, 1238, 4746, 4288, 707, 3856, 1160, 878, 1432, 1296, 1895, 1628, 1708
3877, 2292, 4725, 255, 1884, 2101, 3360, 4152, 272, 529, 4493, 4610, 4719, 407, 3719, 3852, 4959, 1213, 3421, 4762, 555, 1491, 815, 1293, 4892, 2912, 3550, 1742, 1865, 3388, 2188, 2367, 3808
30, 2462, 3102, 3892, 4714, 213, 404, 1624, 3374, 3523, 347, 2141, 3585, 397, 2928, 3105, 563, 1269, 2086
2589, 3979, 152, 1430, 3980, 4583, 4871, 4965, 403, 2066, 2842, 3098, 4554, 867, 950, 1395, 1779, 4854, 4772, 886, 959, 2437, 2557, 1233, 3055, 4962, 1118, 1677, 4182, 2191, 2461, 1870, 3008, 4086, 3911, 1906
32, 1144, 3025, 4120, 4349, 154, 890, 1210, 484, 514, 2760, 2254, 2348, 2037
3261, 325, 2549, 3061, 3973, 4151, 4565, 4158, 498, 3199, 3862, 4361, 4793, 3859, 550, 2032, 4235, 4824, 625, 4412, 4955, 2096, 819, 1965, 4071, 4295, 1596, 1533, 4025, 4633, 2468, 3271
4940, 655, 2564, 2973, 4414, 4604, 767, 1860, 3514, 4505, 1435, 2243, 3509, 4802, 1525, 1616, 1694, 2249
34, 2593, 2786, 3552, 4022, 3318, 705, 2708, 3146, 830, 1468
35, 1014, 1672, 1939, 2777, 3248, 277, 1565, 2206, 2686
36, 49, 2422, 2886, 4661, 4768, 1156, 1741, 2553, 4917, 55, 880, 1124, 4632, 4847, 879, 3138, 146, 2615, 2837, 3218, 165, 1645, 4290, 4525, 4619, 4804, 1236, 327, 840, 1788, 2931, 1514, 723, 1095, 2021, 828, 2901, 2608, 2870, 2460, 3110, 1664, 3082, 4864, 2419, 1770, 2871
2644, 86, 380, 3022, 4437, 4446, 4618, 3005, 297, 1905, 2319, 3287, 1187, 2542, 1019, 2482, 1131, 3217, 3302, 1666
37, 3597, 4002, 4010, 4700, 4984, 38, 3441, 4598, 4909, 3773, 665, 679, 1554, 2626, 3151, 2178
3805, 2795, 113, 1570, 3380, 3408, 4584, 4827, 248, 3582, 4146, 4301, 4744, 253, 748, 2868, 3226, 274, 2273, 3140, 4212, 3504, 365, 472, 1732, 3127, 3804, 481, 4481, 4859, 1399, 3772, 4997, 759, 1657, 1771, 3545, 1222, 2181, 2666, 2159, 2585, 2933, 1467, 2581, 2736, 2039, 2395
2026, 2359, 4941, 709, 434, 2504, 4927, 3347, 4284, 4575, 4954, 483, 887, 2541, 893, 1824, 1910, 1185, 2112, 1463, 1727
3143, 4944, 964, 1695, 196, 1542, 3333, 3425, 3440, 4654, 207, 1515, 2772, 4181, 4345, 675, 3755, 432, 2796, 3020, 4392, 4784, 447, 2089, 4490, 4869, 451, 2533, 1123, 621, 2591, 3193, 4805, 1076, 2527, 797, 3288, 873, 1082, 1319, 1722, 3357, 3999, 2704, 1206, 1504, 3575, 2063, 3433
40, 4366, 4469, 4664, 4820, 4960, 281, 3558, 4790, 4998, 569, 3713, 4204, 1253, 1861, 2953, 1990, 2297, 2431
2085, 175, 1973, 2714, 4038, 4629, 4761, 349, 2459, 4016, 372, 3955, 1087, 2781, 1314, 1691, 1746
41, 2828, 2914, 3995, 4259, 4455, 136, 593, 639, 4258, 3901, 2503, 4003, 3565, 468, 3065, 4084, 4113, 1920, 4492, 4595, 1456, 859, 1889, 2332, 3542, 2726
42, 3499, 3888, 3957, 4528, 4995, 192, 2054, 3109, 3147, 4868, 4969, 378, 2720, 3309, 4981, 2444, 3548, 743, 2345, 2623, 762, 1294, 4679, 1000, 2004, 2045, 1218, 4549, 1853, 2485, 1972, 3902, 3033, 3904, 2212, 2685, 2352
2883, 157, 1242, 1280, 3369, 3714, 209, 1245, 1434, 4202, 4630, 251, 2702, 4097, 334, 877, 2094, 4636, 4835, 538, 4208, 713, 2775, 4137, 2138, 626, 2771, 3422, 3568, 2496, 795, 1682, 1836, 802, 962, 1142, 3530, 2408, 973, 4116
3410, 4279, 3338, 846, 1846, 1966, 4369, 3450, 2454, 2469, 1822, 3227, 3451, 3368, 2236
44, 1528, 4523, 4703, 5000, 3481, 1470, 239, 1371, 3280, 4429, 383, 4228, 4789, 4819, 2639, 454, 3962, 4591, 3652, 660, 3954, 4215, 4376, 851, 1833, 3094, 897, 4293, 1462, 1539
3334, 2841, 150, 2523, 3555, 3784, 4450, 4807, 267, 732, 1556, 3993, 293, 4659, 4765, 386, 2902, 3071, 3532, 3764, 390, 422, 2145, 2851, 3119, 3695, 4586, 4693, 4861, 2955, 844, 2285, 3587, 4068, 4642, 902, 2041, 1410, 1609, 1756, 3188, 1893, 2018, 3031
4910, 79, 2326, 4410, 4678, 4699, 292, 3230, 4201, 4924, 371, 3415, 3900, 988, 4672, 1062, 1762, 3123, 1120, 2025, 1862
45, 2260, 4359, 4443, 4599, 91, 1489, 1765, 2147, 4036, 3043, 3762, 261, 1474, 3118, 3935, 4561, 284, 809, 4216, 2328, 2165, 698, 3023, 4254, 2983, 3299, 1697, 2416
4643, 3939, 3576, 426, 2778, 3631, 4519, 4994, 576, 776, 3975, 4031, 4170, 1661, 4156, 1810, 3443, 2565, 2625
46, 1626, 3449, 4143, 4520, 4590, 495, 1760, 2072, 4076, 543, 1119, 2521, 2635, 1147
47, 153, 3080, 3303, 4269, 108, 2047, 2290, 3496, 3724, 4054, 3752, 510, 2011, 3551, 4781, 187, 1981, 2807, 3058, 4150, 289, 1045, 1439, 2616, 3365, 778, 437, 956, 2617, 1683, 4668, 4856, 3535, 3688, 963, 2033, 2528, 1097, 2559, 3787, 1180, 1243, 1662, 2133, 2136
48, 546, 1406, 1611, 4244, 2226, 217, 1299, 2987, 227, 1795, 3254, 2515
3823, 291, 884, 4262, 4767, 4795, 4778, 3144, 429, 2612, 4677, 3897, 4280, 1013, 1994, 4176, 1209, 1983, 1452, 1650, 3577
50, 1181, 1772, 2711, 2884, 3420, 1223, 1942, 1638, 1250
1887, 3909, 314, 3918, 4033, 4487, 4688, 379, 3455, 3464, 4245, 4330, 855, 3355, 1093, 1635
51, 667, 2081, 2202, 2753, 273, 1426, 1702, 2811, 2491
2961, 80, 2412, 2820, 4067, 4419, 4828, 2142, 2854, 307, 3912, 4875, 4986, 1366, 605, 2791, 3125, 2333, 1025, 2235, 3889, 1655, 3021, 3605, 3670, 3816
52, 2499, 3202, 4263, 4574, 4774, 4179, 3096, 2733, 449, 1254, 1855, 2452, 2963, 2792, 806, 1537, 4656, 3462, 1126, 2534, 1483, 3116
53, 269, 310, 968, 2599, 3910, 164, 663, 1453, 2031, 4913, 219, 629, 2678, 3638, 4674, 2823, 2134, 4368, 4836, 3798, 606, 4474, 1813, 2597, 2944, 3705, 977, 1374, 4075, 2950, 2091, 1516, 1971, 1723, 2446, 3997, 3403
4757, 1706, 4390, 316, 631, 1785, 2169, 864, 2327, 2652, 3854, 1876, 2568, 1458, 3469
4972, 97, 3114, 3936, 3988, 4070, 4504, 3933, 416, 520, 1654, 2609, 4697, 4726, 493, 1937, 3593, 4891, 1038, 528, 3818, 3826, 656, 1608, 3604, 4717, 1737, 1424, 3087, 3291
56, 3659, 3917, 4622, 4728, 4883, 4210, 368, 2252, 3404, 632, 3903, 3373, 706, 1663, 888, 4015, 4386, 1162, 3844, 2042, 2267, 1943, 3488
3460, 2551, 96, 467, 3019, 4042, 4421, 4698, 2430, 2232, 4405, 505, 3361, 4460, 4694, 3861, 662, 2144, 3814, 1894, 1977, 2675, 3040, 2804, 3934, 2490
58, 939, 4023, 4329, 4597, 4999, 65, 336, 2317, 2450, 3411, 3881, 294, 941, 2306, 4035, 4848, 1056, 4157, 4338, 359, 2415, 497, 805, 852, 1745, 4453, 1523, 982, 1009, 1817, 1419, 2313
59, 2428, 3174, 3359, 4004, 4431, 719, 1775, 2622, 3329, 3538, 1356, 3057, 3871, 1598
4297, 68, 3505, 4456, 4651, 4912, 198, 1716, 3815, 1475, 1479, 1604, 1507, 2186, 2392, 2898
60, 580, 4233, 4580, 4601, 4658, 417, 3142, 3758, 858, 3640, 2241, 1258, 1873, 1936
4494, 1433, 2221, 2618, 4124, 2040, 385, 1069, 3722, 3942, 3981, 3894, 4553, 895, 1204, 1318, 2453, 2673, 1031, 1487, 1913, 4305, 3878, 4615, 4928, 4014, 1917, 2385, 4834, 1962, 1665, 3363, 1796, 1798, 3294, 3629, 2080, 1958, 3358, 2954
62, 872, 2690, 3027, 4248, 3606, 2619, 4776, 98, 3331, 4093, 4495, 4617, 4974, 225, 1249, 1259, 4634, 4685, 375, 2003, 4840, 398, 1394, 1511, 3945, 590, 1705, 2111, 3364, 690, 3751, 3943, 708, 1440, 3846, 4196, 3594, 4647, 783, 4356, 986, 3296, 1071, 1612, 1092, 1165, 1987, 1273, 1573
1709, 87, 352, 1740, 2984, 4843, 4945, 190, 1634, 2592, 2878, 4641, 3052, 1351, 2175, 3611, 4509, 1473, 3641, 413, 1854, 3971, 4331, 4958, 421, 734, 638, 944, 1881, 3385, 3608, 1378, 948, 1214, 3397, 1493, 4387, 2410, 1354, 1373, 3085, 2357, 1837
2563, 75, 1787, 3529, 3619, 4056, 271, 2284, 445, 2424, 1053
64, 477, 3800, 4611, 4648, 4806, 81, 1175, 2877, 4011, 1519, 683, 350, 2076, 2862, 900, 2100, 1781, 2888, 3051, 3263, 718, 1199, 1400, 1039, 1619, 2174, 4433, 1184, 1843, 1841, 4029, 2750
4720, 2785, 4682, 4791, 2407, 3484, 299, 2706, 4445, 4657, 1376, 415, 2797, 4721, 1961, 4141, 860, 1669, 4750, 3472, 2411, 1896, 1339, 3513, 4638, 1656, 3596, 1932, 1863, 4199, 2334, 2102
3395, 94, 2539, 3195, 3732, 4122, 4773, 224, 270, 2683, 3239, 3685, 486, 1149, 2189, 3168, 1252, 1947, 4026, 2832
4645, 237, 4276, 4428, 4663, 4809, 364, 2438, 4160, 4241, 442, 1257, 4855, 3699, 1613, 3341, 1029, 4114, 2849, 2869, 1344, 2465, 1347, 4536
430, 4881, 979, 315, 1170, 1241, 2364, 4907, 2895, 1408, 3574, 3584, 3817, 684, 3322, 4087, 4260, 2320, 4271, 843, 1586, 1721, 3651, 869, 3046, 4529, 4149, 3848, 1110, 1129, 4596, 1353, 2035, 1538, 2572
4568, 102, 1912, 2114, 3858, 4034, 4692, 3289, 107, 1933, 3793, 4218, 4516, 4684, 195, 2680, 4018, 3511, 332, 4298, 4876, 4980, 2667, 661, 1567, 4352, 896, 3399, 2638, 4012, 3308, 1132, 1244, 3754, 3835, 3990, 2020, 2831, 3531, 3941, 3616, 3088, 2922
69, 391, 566, 768, 1158, 3201, 3274, 147, 3796, 3831, 4313, 4556, 2758, 221, 1550, 2377, 2966, 3461, 2343, 3559, 4106, 409, 585, 2610, 3139, 2614, 4626, 3669, 1603, 3809, 598, 2997, 3175, 630, 4197, 642, 1026, 2079, 757, 3966, 925, 4478, 2853, 2632, 2361, 1431, 1809, 2968
70, 602, 1916, 2399, 3405, 1782, 2566, 2863, 1034, 1215
4205, 295, 182, 1593, 3246, 3429, 3681, 4415, 235, 3320, 4306, 4545, 4669, 4853, 599, 672, 4635, 300, 494, 3337, 2833, 358, 450, 500, 1336, 3534, 4640, 4939, 506, 1216, 2492, 1652, 3213, 4879, 756, 2558, 2356, 3228, 773, 2436, 3115, 2309, 1558, 2288, 1411, 1610, 2580, 2586, 2896
4796, 135, 995, 2095, 4605, 4885, 4970, 162, 1036, 3570, 849, 351, 1885, 3528, 382, 594, 1389, 3321, 4711, 508, 3501, 3549, 523, 2838, 3270, 673, 3204, 4194, 891, 2498, 1011, 1562
4385, 3701, 275, 446, 3459, 3790, 4186, 1754, 3794, 4092, 4312, 463, 4749, 804, 1021, 3162, 911, 4079, 1101
73, 1909, 2008, 2946, 4189, 4713, 132, 901, 2859, 4735, 4794, 2406, 4355, 453, 571, 4581, 2824, 4061, 813, 2286, 2761, 4702, 870, 1653, 1911, 966, 1791, 2028, 2107
1108, 92, 2078, 2998, 3262, 3282, 3786, 1030, 1952, 1297, 1522
130, 821, 1128, 4423, 4839, 4985, 3391, 408, 2404, 4759, 2463, 814, 1536, 2793, 839, 2337, 1010, 2349
3734, 208, 2261, 3967, 4341, 4397, 308, 423, 2154, 2755, 1089, 2022, 1315, 1503, 2256
3521, 3544, 1649, 827, 1924, 3183, 3354, 2995, 2400, 2371, 2889
83, 1301, 1476, 2071, 2529, 4724, 654, 101, 2646, 3485, 4399, 220, 1979, 2570, 3615, 257, 1629, 3556, 3884, 4242, 517, 1398, 2324, 3101, 427, 2537, 4689, 1902, 2322, 1643, 981, 3437, 1102, 2162, 3813, 1500, 1292, 1358, 1362, 2754
85, 3838, 4083, 4225, 4267, 4792, 4500, 2584, 2845, 1915, 1015, 1764, 3735, 4779, 4052, 1578, 1585, 2536, 4403, 4485, 4760, 3706, 2443, 2661
2331, 1777, 4190, 455, 1823, 2624, 2653, 3868, 3237, 3527, 2046, 1840
1739, 216, 1190, 2860, 4400, 4832, 4904, 436, 1692, 1882, 1267, 2762, 1041, 1588, 997, 2068, 2501
93, 2745, 3277, 3424, 3444, 243, 245, 648, 3257, 469, 2448, 682
1141, 4521, 1744, 4766, 535, 2087, 2935, 3003, 3196, 4104, 985, 1724, 2934, 999, 2050, 3760, 1421, 1842, 2634
2947, 143, 2161, 3103, 4040, 4447, 4551, 4930, 3167, 1553, 4078, 2360, 845, 1117, 377, 3238, 3351, 4951, 392, 1996, 2903, 3708, 3855, 3642, 4489, 1005, 2203, 1022, 3197, 3729, 1050, 1396, 3682, 3704, 1075, 1423, 2595, 1875
100, 1068, 1637, 2057, 3543, 3679, 1183, 4769, 163, 2417, 4858, 4919, 318, 1868, 4975, 461, 791, 2701, 664, 1743, 3268, 3617, 1736, 1310, 3267, 1157, 2649, 3153, 1768
2067, 111, 1088, 2103, 3178, 4609, 4226, 820, 3573, 3588, 2659, 961, 1392, 1793, 1401, 4001, 1549
103, 613, 2512, 2725, 2938, 128, 573, 2104, 2957, 889, 2670, 3090
105, 1564, 2257, 3497, 3689, 4091, 4413, 2682, 946, 2163, 3502, 1871, 1997, 2780
106, 1173, 2467, 2910, 4379, 4838, 125, 1959, 1985, 4321, 4667, 155, 3091, 3095, 3163, 3899, 4701, 938, 283, 1143, 4976, 949, 360, 1308, 4020, 3795, 1576, 1363, 2692
112, 183, 645, 4465, 4501, 4614, 3519, 3526, 3562, 4129, 2208, 311, 1671, 1789, 3240, 1886, 4548, 4449, 3665, 4281, 1246, 1792, 2560, 1279, 2368, 3393, 4540, 1991, 2287, 3212, 4332
3733, 116, 1152, 2603, 2731, 4266, 4274, 201, 1679, 4013, 4130, 400, 1999, 3603, 3761, 553, 2951, 3876, 4377, 4973, 4620, 3083, 833, 2302, 4064, 2510, 3258, 2576, 3748, 1189, 1969, 1330, 1477, 1904, 2281, 3169, 1641, 2719, 1733, 1986
114, 491, 736, 2209, 4378, 4963, 2495, 4471, 4936, 511, 1560, 2099, 2940, 3325, 548, 2588, 2779, 608, 637, 1496, 3690, 4844, 3386, 2093
115, 3092, 3479, 4115, 4736, 129, 3837, 4780, 4874, 2554, 276, 3129, 3923, 4164, 4457, 2799, 609, 2930, 3266, 4716, 3991, 671, 923, 1405, 686, 2916, 853, 1007, 1367, 3073, 2044, 2751, 2179, 3438, 2744, 2029, 1583, 2222
117, 3978, 4058, 4131, 4751, 4914, 2613, 1783, 4483, 479, 857, 4458, 4470, 501, 1767, 2601, 3328, 582, 1048, 2486, 2923, 4103, 3500, 1512, 4499, 1321, 958, 2092, 3044, 3471, 1980, 3668, 1138, 3614, 4577, 1678, 2247, 1995, 3244, 4000, 1557, 2070, 1681, 2664, 3498
118, 3657, 4625, 4665, 4880, 4935, 204, 3330, 4050, 247, 945, 2687, 3742, 459, 1559, 2920, 534, 3038, 1639, 2513, 2600
119, 1852, 2587, 2948, 3832, 4964, 252, 3135, 3336, 370, 499, 2473, 2693, 3121, 615, 2662, 653
3757, 203, 836, 2027, 4028, 4440, 4473, 1444, 3352, 4512, 3506, 567, 2118, 1758, 3389, 1660, 592, 1866, 2861, 4448, 4459, 697, 841, 3908, 3938, 3172, 3458, 865, 842, 3610, 1584, 1856, 2277, 1055, 1982, 2214, 1320, 3807, 2738, 3314, 2155, 2945, 1858, 3566, 2227
120, 2830, 3200, 3915, 4096, 4801, 1084, 1161, 440, 1844, 2116, 2369, 547, 1260, 2006, 4111, 4691, 2200, 2488, 703, 4409, 4497, 4826, 4887, 2545, 942, 2892, 3634, 1004, 1012, 1459, 2507, 1594
122, 712, 2697, 2962, 4451, 4889, 932, 319, 1658, 3063, 4187, 587, 3607, 4253, 2272, 2522, 1710, 3029, 2562, 1079, 3745, 2413
3932, 3684, 4687, 231, 1122, 4546, 4739, 531, 4758, 694, 1188, 2148, 3078, 3311, 2117, 2663, 2237, 2394, 2420, 3042, 3283
1595, 2627, 482, 1437, 2440, 2472, 2919, 2140, 1077, 1623
4425, 1282, 322, 3015, 4401, 4541, 4709, 4923, 4043, 2703, 2516, 3137, 4547, 2759, 670, 1332, 3448, 1116, 2880, 3671, 3028, 3307, 4220, 1684, 1548, 1811, 2129, 4046, 3216
1264, 604, 1085, 1333, 1415, 2821, 3371, 1193, 1064, 1998
131, 1707, 2210, 3780, 4240, 4535, 324, 3273, 3541, 2981, 758, 1133, 4167, 1032, 2990, 1369, 2335
4903, 232, 940, 1498, 4600, 326, 2245, 2548, 3707, 4576, 4183, 829, 4024, 3785, 1928, 2876, 1954, 2362, 2788, 2520
133, 2937, 3948, 3998, 4044, 4238, 341, 2734, 4177, 1275, 3478, 1455, 3250
3315, 3077, 238, 1327, 2192, 2216, 2717, 4309, 256, 3432, 4788, 258, 3465, 4603, 4884, 1197, 460, 2677, 3944, 680, 4303, 4363, 3157, 1425, 3581, 3906, 2668, 1370, 2146, 4326, 1492, 3242, 3789, 1505
2943, 170, 2909, 3419, 4251, 4351, 4967, 414, 488, 3154, 3924, 769, 1080, 824, 1427, 2569, 2967, 1295
140, 1148, 1182, 2275, 2855, 2857, 260, 282, 1989, 741
2484, 412, 4938, 788, 4863, 2152, 3252, 3870, 650, 1139, 3279, 4206, 1874, 817, 848, 2056, 882, 1016, 2707, 2865
145, 1715, 2852, 3756, 3791, 4123, 4602, 228, 3613, 487, 522, 1821, 1561, 2915, 3561, 2271
148, 750, 3730, 4360, 4775, 4901, 3571, 489, 2012, 3136, 3879, 3983, 4286, 588, 919, 730, 811, 1940, 789, 1805, 3050, 3430, 1323, 1769
2283, 766, 1298, 2449, 2769, 2864, 3972, 969, 2743, 1047, 1829, 1274
1633, 212, 3694, 4367, 4566, 4570, 4979, 1589, 288, 2170, 2405, 2885, 3442, 428, 4066, 4745, 921, 2712, 2373, 1481, 3134, 3512
4533, 188, 2906, 3431, 4486, 4921, 3557, 323, 761, 3107, 3667, 367, 1914, 2773, 936, 1819, 1191, 2578, 1379
161, 1261, 2783, 4100, 4105, 4537, 344, 3190, 2376, 617, 1575, 2942, 2198
4811, 3776, 4121, 4585, 1114, 3313, 4417, 1380, 3646, 3811, 1404, 1495, 1636, 2604, 2166
4555, 184, 4077, 4733, 4787, 4916, 4982, 1719, 444, 464, 1099, 696, 2555, 2932, 545, 2082, 657, 2767, 994, 3477, 3737, 2749, 3194, 2881
1355, 206, 536, 3977, 4098, 4798, 4823, 1799, 3589, 4934, 583, 1597, 2818, 4192, 4842, 669, 2123, 3326, 4340, 4706, 677, 3298, 2130, 2110, 861, 4051, 2016, 1614, 3068, 3413, 2872, 3801, 3030, 1717, 2109, 1776, 4364, 1956, 2972
1381, 2643, 189, 619, 1644, 2975, 4072, 298, 2339, 2594, 1631, 607, 1749
167, 1460, 4178, 4476, 4670, 4956, 233, 3375, 4094, 4407, 577, 3060, 993, 1442, 2952, 3426, 1286, 2233, 2300, 2036, 1814, 2007
4030, 230, 3247, 4019, 4102, 4264, 4420, 356, 752, 1040, 1074, 2336, 1388
1988, 3086, 2907, 1402, 1436, 1673, 2993, 3241, 2207, 2727, 3672, 3249, 2999, 3540
3120, 2723, 443, 916, 1642, 3390, 4851, 4942, 652, 2013, 3231, 3654, 733, 3243, 3833, 952, 1773, 3510, 2115, 3272, 2053
176, 2231, 2266, 2506, 3721, 4435, 1518, 395, 2307, 2426, 3179, 3740, 3840, 478, 1172, 1815, 4307, 4384, 601, 4168, 4184, 4639, 943, 899, 3446, 4161, 1024, 2583, 4680, 2048, 3727, 1951, 2493, 4209, 1730, 1832, 3960, 2239, 3927, 1839, 2476, 3664
177, 1802, 2571, 4174, 4311, 2757, 551, 2030, 2172, 3660, 2502, 1480, 1794, 1812, 2654, 3006, 1703, 2158, 2936, 3712, 3736, 1818, 1820
179, 2122, 3097, 4427, 4572, 4878, 402, 2721, 2858, 4119, 4898, 831, 2546, 1058, 1086, 1251, 2351, 3215, 3265, 2060
180, 1042, 1753, 2366, 3539, 3658, 388, 1382, 1566, 1970, 2403, 1541
1607, 2475, 559, 1883, 2974, 3524, 4479, 1446, 2827, 1104, 1226, 2064, 2764, 1403
181, 1960, 3075, 3718, 4472, 4517, 266, 1136, 3913, 4531, 387, 1268, 2620, 3208, 4510, 931, 3187, 4144, 989, 3392, 1312
3439, 287, 2088, 2190, 3663, 4249, 4705, 2739, 1348, 2139, 1808, 2805, 3210, 2230, 1957, 2049
320, 2949, 249, 1953, 3401, 3693, 4589, 4695, 627, 2149, 3054, 2695, 1651, 980, 1667, 2992, 3656, 850, 1797, 3810, 2904, 1033, 1572, 1646, 4530, 1052, 3709, 1343, 2573, 3759, 1700
3122, 3225, 285, 996, 2303, 3445, 4860, 2790, 714, 3131, 4653, 4870, 3016, 812, 975, 3112, 3466, 3517, 3947, 3964, 3715, 4524
4526, 2691, 362, 564, 2874, 3379, 4325, 4462, 3875, 3961, 4236, 600, 4681, 2278, 2924, 1239, 2346, 1499, 2629, 2911, 3476, 4666, 2834, 3173, 2747
218, 1409, 2183, 2389, 2628, 4185, 1510, 628, 1098, 2544, 2742, 2676, 2822
1447, 376, 1490, 2234, 2251, 3827, 4195, 406, 452, 716, 907, 2732, 3592, 792, 1311, 3229, 4799, 611, 622, 2447, 3821, 1930, 2225, 2508, 3036, 2684, 1385, 1763, 1599, 1486
2803, 3723, 3013, 1963, 312, 689, 1231, 3245, 4357, 492, 596, 1803, 2656, 4952, 4391, 4468, 4683, 4977, 4754, 2423, 724, 3382, 4821, 2126, 808, 2201, 4211, 933, 1859, 1046, 2065, 1200, 2246, 2481, 3974, 1974
240, 1640, 3126, 3583, 3769, 3830, 280, 1485, 1591, 954, 974
2250, 947, 603, 2602, 2905, 3377, 3896, 3946, 2561, 2882, 2455, 2705
2847, 1938, 717, 2127, 2552, 3206, 771, 1368, 2023, 918, 1659, 2398
262, 1083, 1826, 2074, 4101, 4676, 309, 1693, 2812, 328, 431, 937, 1731, 2137, 2873
3963, 3037, 4334, 634, 1151, 2737, 4578, 4579, 4742, 740, 770, 1177, 4172, 4511, 765, 2575, 3579, 780, 1967, 4708, 862, 1464, 3725, 4045, 908, 1804, 3620, 978, 3378, 2001, 4502, 1289, 1864, 2540, 2038, 2196, 2802
265, 2843, 3468, 3643, 4442, 513, 2848, 3047, 731, 3191, 3256, 2451, 2195
3851, 342, 3633, 4099, 4109, 4328, 345, 894, 3749, 818, 3623, 1121, 2353
4347, 3001, 558, 589, 3454, 4095, 4738, 854, 688, 1365, 1648, 790, 3059, 1984, 1726
2809, 2291, 384, 2689, 3353, 3533, 3591, 1827, 2010, 2393
4737, 329, 572, 3989, 4371, 4886, 3467, 1698, 2253, 4315, 4800, 3132, 1506, 876, 4041, 1759, 2457, 2980
301, 800, 3224, 3348, 4770, 369, 1316, 1331, 3222, 4229, 503, 912, 1328, 1582, 3508, 3628, 775, 2474, 4027, 3650, 4612, 1112, 1600, 3553, 1784, 1807
305, 361, 1154, 2329, 2532, 3012, 2700, 2713, 3039, 2547, 519, 1109, 3599, 4032, 4723, 616, 676, 2645, 2977, 2989, 1130, 1472, 2390, 2994
306, 354, 3041, 3186, 3346, 3370, 333, 337, 433, 934
2660, 410, 1265, 2386, 3253, 3367, 537, 2698, 3864, 1563, 2710, 692, 4343, 903, 1390, 1617, 1778
2268, 1774, 4900, 2274, 832, 2730, 3728, 4538, 4732, 926, 4649, 1201, 2929, 3350, 1461, 1675
3547, 2814, 562, 2429, 3874, 4265, 1094, 2073, 2296, 2401, 1115, 1552, 1443, 1978
711, 1078, 1532, 2891, 3089, 3492, 2185, 2770, 1317, 1546
4173, 466, 3219, 4037, 4837, 4850, 476, 1880, 3600, 4740, 881, 2242, 2458, 2500, 3356, 1176, 1835, 1334, 2688, 2151, 2658
3686, 504, 803, 2381, 2971, 3053, 3518, 549, 1306, 2525, 2875, 4943, 1451, 3586, 1602, 1105, 2941, 3048, 3150, 3739, 3843, 3192
3189, 784, 3381, 3883, 4108, 874, 1345, 1422, 3985, 3211, 3516, 2517, 1923, 2017
1326, 1527, 1179, 905, 2801, 3959, 4193, 951, 3456, 3750, 998, 2556
4239, 3285, 1729, 735, 2199, 3312, 3407, 4127, 1059, 2722, 3070, 3117, 2132
643, 801, 2059, 2466, 3076, 699, 1690, 3849, 793, 1023, 2270
2596, 3799, 2960, 1929, 1670, 2669, 2908, 3812, 3976, 1728, 3332, 2098
1195, 3300, 3170, 1150, 1450, 2425, 2724, 3185, 2806, 2985, 1454
1944, 3111, 1618, 1901, 2893, 3165, 3637, 3788, 2305, 3084
