1, 597, 3925, 4228, 4278, 3996, 2193, 507, 689, 3467, 4481, 545, 966, 1077, 1668, 2736, 4986, 2075, 3189, 736, 3380, 4797, 1651, 1957, 1470, 2360
1029, 4268, 2885, 3993, 2909, 1606, 3852, 595, 2611, 1371, 3489, 532, 2679, 3301, 1864, 4404, 4528, 4640, 2479, 751, 1688, 4253, 819, 1161, 2851, 3965, 851, 1824, 3215, 3567, 2546, 3404, 3889, 4808, 2456, 2814, 1571, 2108, 1628, 2169, 2238, 1730, 1739, 1766, 3152, 3869
3571, 4503, 4836, 25, 2473, 3236, 3032, 79, 2503, 4539, 4721, 2732, 843, 2327, 4261, 2986, 629, 4269, 3350, 2395, 4310, 3083, 4128, 4858, 2961, 4226, 3840, 2579, 1221, 2445, 4283, 3465, 1589, 2184, 2502, 2006, 3216, 2625, 4709, 2406
2, 2747, 3284, 4471, 4508, 2974, 4152, 4281, 362, 2934, 3181, 4678, 4739, 401, 1810, 2752, 4163, 1882, 3471, 2332, 901, 2323, 3019, 1022, 2813, 4407, 1032, 1136, 3710, 1743, 1835, 4011
404, 38, 3646, 4496, 4763, 4794, 3819, 290, 2818, 4512, 761, 1039, 1716, 2650
1841, 43, 1447, 3378, 4195, 4580, 84, 648, 3220, 3712, 3985, 4715, 1797, 94, 654, 4111, 4655, 4778, 1280, 1351, 1292, 2463, 325, 641, 799, 3673, 380, 2003, 2692, 2038, 432, 1061, 1567, 3784, 457, 2723, 3634, 4526, 510, 2984, 1275, 768, 1462, 933, 1310, 3736, 4113, 2872
3, 2132, 3608, 4799, 4952, 4977, 8, 345, 892, 1840, 4705, 3158, 2881, 286, 1986, 414, 3530, 4252, 435, 3755, 494, 4488, 498, 1984, 891, 4017, 1209, 1721, 4450, 2163, 3115, 907, 2867, 2324, 1430, 1846, 2756
3394, 2945, 4604, 2121, 133, 3837, 4367, 1881, 3483, 273, 523, 3333, 3697, 4949, 1107, 471, 1865, 4876, 513, 1647, 2774, 4737, 2156, 4993, 526, 2606, 968, 3330, 4065, 4158, 2462, 3691, 1172, 3963, 1996, 1585, 3585, 3647
4, 3241, 4291, 4416, 4856, 4086, 27, 1512, 3957, 4573, 36, 1941, 3364, 1414, 845, 762, 1959, 2069, 1374, 2913, 3002, 3531
3476, 2970, 323, 2589, 4614, 4669, 4780, 415, 861, 1697, 4935, 3382, 2106, 573, 3116, 4538, 865, 1980, 2808, 3087, 3112
3525, 62, 1803, 3542, 3882, 3335, 1656, 1139, 2949, 1998
5, 1175, 3085, 3995, 4742, 19, 386, 3719, 4785, 4934, 919, 64, 2220, 3858, 4413, 4676, 68, 1521, 3359, 1432, 2061, 218, 1943, 2290, 2526, 800, 479, 2599, 4073, 1327, 3689, 3170, 991, 2857, 3909, 2237, 1659, 2371, 3300
3539, 4244, 1597, 2185, 111, 952, 3054, 4311, 4800, 4892, 120, 3812, 3831, 4025, 543, 186, 1113, 1238, 3527, 4292, 1240, 2591, 406, 707, 3864, 3670, 1720, 600, 4173, 2755, 1328, 3555, 4159, 4186, 835, 2953, 4064, 943, 3490, 969, 3365, 3237, 1538, 1336, 2062, 1687, 1995, 3177
6, 2705, 3146, 3815, 4385, 1515, 1203, 3294, 396, 4054, 4605, 4048, 3156, 1530
4238, 4602, 2803, 92, 4303, 4578, 4927, 4941, 4954, 244, 4343, 725, 1035, 3726, 3379, 1276, 1537, 2902, 2393, 3462, 3582
4847, 124, 837, 1664, 3908, 157, 694, 1244, 2866, 3802, 452, 1856, 3948, 2338, 4395, 1861, 2779, 1611, 2206, 1241, 1445, 1778, 4099
7, 1935, 3315, 3729, 3786, 131, 2315, 4506, 222, 2128, 2892, 2667, 821, 397, 1924, 4289, 4833, 419, 499, 1277, 1901, 1406, 3780, 3797, 2948, 1166, 1486, 2229, 3397, 1837, 1963
1133, 4909, 4243, 4397, 4984, 1637, 4304, 627, 3977, 688, 748, 1522, 2436, 3938, 1222, 1147, 2527
4646, 1196, 150, 3544, 4251, 4469, 4548, 3558, 153, 1677, 2242, 2859, 155, 4333, 4401, 4514, 170, 774, 2656, 4974, 2596, 236, 1109, 4712, 371, 1060, 1501, 3599, 425, 1184, 2714, 3493, 4024, 428, 1204, 3414, 582, 2063, 659, 1915, 2199, 957, 3172, 3988, 1365, 2136, 4239, 2820, 2306, 2761
1713, 3026, 192, 3340, 4031, 4357, 4793, 3208, 1681, 1485, 3990, 4956, 825, 1768, 1354, 2468, 3224, 1661, 3830, 4117, 2411, 2101, 2316
4878, 4766, 2912, 2901, 4777, 2889, 2561, 956, 2955, 1052, 1958, 4942, 4405, 3713, 1413, 2914, 2174, 1902, 3861, 2250, 2025
9, 227, 4256, 4665, 4832, 1969, 4298, 91, 2111, 4047, 3955, 4345, 2817, 134, 253, 1883, 2042, 3302, 2711, 1239, 1781, 4978, 245, 2893, 4637, 3521, 650, 275, 2402, 4629, 3211, 732, 4218, 2519, 1091, 4819, 1335, 1760, 1922, 2140, 3968, 4701, 2487, 2696
548, 2670, 4169, 1020, 168, 1769, 2837, 2931, 268, 3897, 4893, 4895, 1187, 4769, 903, 1049, 2610, 1264, 687, 2465, 2582, 4807, 4880, 950, 1981, 1487, 4565, 4719, 1079, 2751, 1387, 2388, 1709, 2998, 2376
3644, 3777, 2521, 3787, 267, 1284, 2330, 3543, 4748, 279, 3282, 3945, 4264, 4906, 2887, 366, 392, 1850, 3762, 4250, 2605, 4874, 638, 3652, 3863, 716, 3253, 3535, 777, 1190, 3703, 870, 3371, 4483, 921, 3074, 967, 4192, 1623, 2213, 2375, 3255
10, 696, 3408, 4063, 4149, 48, 1245, 2882, 4452, 4522, 81, 2223, 3139, 4267, 1418, 399, 4429, 1867, 973, 490, 1798, 4365, 3603, 2593, 3234, 2997, 1448
1185, 337, 3469, 3832, 2307, 3454, 335, 2391, 3291, 3205, 4317, 4595, 4740, 2999, 408, 1198, 3422, 1719, 477, 908, 4913, 503, 3101, 4657, 4491, 671, 1186, 3738, 3133, 1906, 2251, 4368, 1402, 3212, 1596, 2389, 1955, 2429
11, 1083, 3017, 3685, 4230, 20, 3102, 715, 778, 2117, 1727, 2060
3252, 14, 3699, 4355, 4814, 4844, 39, 1251, 3043, 3392, 4388, 4811, 4601, 4962, 194, 2571, 3226, 4000, 906, 4145, 1823, 4724, 877, 3240, 918, 3060, 3296, 2731, 1652, 2461, 2708, 3464, 3055, 4965, 1921, 3875, 2604
4914, 1862, 3082, 1266, 180, 2689, 3306, 3407, 4417, 310, 2001, 2098, 2518, 3904, 332, 4044, 4097, 4567, 4036, 365, 3732, 4078, 4866, 3293, 444, 1705, 450, 4354, 2459, 1062, 2165, 2099, 1151, 3510, 1135, 2164, 4648, 1326, 4204, 3835, 4045, 1250, 2123, 2368, 1692
12, 677, 3698, 3962, 4644, 1945, 4167, 2007, 3184, 4389, 1516, 1500, 2409, 2040
2906, 3313, 211, 2452, 3214, 3687, 4459, 4731, 3108, 3015, 552, 929, 1460, 3492
4254, 2240, 1694, 4734, 4236, 4796, 693, 3202, 805, 2722, 893, 2004, 1081, 1622
13, 961, 1749, 4098, 4543, 83, 836, 1349, 3231, 3716, 1200, 125, 1594, 4610, 3518, 4791, 1254, 407, 1548, 3891, 442, 2396, 2880, 3754, 4166, 4773, 2549, 2834, 1160, 4867, 1910, 3266, 1559, 2313, 1290, 3299, 1573, 2190, 2787, 1847, 2039, 3794, 2263, 2750
2832, 15, 1764, 3793, 4451, 4792, 4995, 161, 412, 4335, 4613, 955, 1889, 1332, 4376, 4969, 3666, 1465, 4100, 620, 4399, 810, 3251, 3770, 858, 2204, 4981, 1473, 1124, 3071, 3005, 2294, 3014, 4534, 1638, 1904, 3062, 4095
4131, 30, 158, 1644, 2051, 3548, 1771, 2762, 434, 4016, 4760, 2153, 274, 1645, 4839, 4958, 3563, 313, 988, 1451, 4231, 346, 2897, 369, 2954, 3167, 4139, 4179, 1004, 3839, 4945, 588, 724, 976, 1384, 3039, 1058, 2243, 1112, 2217, 2632, 2133, 2325
132, 2428, 3984, 4688, 4973, 3538, 3517, 2269, 651, 4741, 375, 529, 1330, 2254, 3810, 2284, 930, 1866, 4846, 1265, 3768, 4184, 4189, 2082, 3320, 2320, 1003, 1627, 3816, 1059, 2963, 4297, 3651, 3676, 1772, 1555, 4119, 2224, 3424, 3245
3989, 684, 4643, 2357, 363, 4232, 4916, 517, 2864, 4175, 4664, 4982, 521, 4465, 2535, 3218, 4749, 998, 4266, 2652, 1960, 3137, 2011, 2423
3366, 46, 983, 1306, 4566, 4910, 49, 682, 4211, 4735, 4924, 195, 3867, 265, 2288, 381, 2617, 3010, 476, 666, 3244
4783, 4443, 3447, 2386, 151, 4277, 4957, 260, 4302, 2424, 3238, 2177, 990, 4223, 1857, 4057, 2183
16, 515, 3450, 3731, 3747, 116, 3554, 2841, 633, 802, 1683, 1181, 898
474, 37, 3884, 3987, 4787, 4955, 57, 1357, 3975, 4521, 4660, 3056, 174, 1582, 262, 785, 974, 1569, 3411, 512, 2936, 564, 1525, 1621, 2013, 3368, 1595, 4821, 3431, 1831, 3122, 2131
2888, 117, 1242, 1480, 1586, 3711, 3943, 1270, 663, 2143
17, 4559, 4563, 4651, 4940, 3426, 122, 2049, 2513, 2925, 2911, 372, 2916, 489, 928, 2815, 4468, 3328
2796, 3222, 402, 2695, 3688, 4324, 4862, 2031, 584, 1033, 1205, 3901, 841, 2565, 3425, 2364, 1635
4423, 51, 1294, 3413, 3924, 223, 846, 4624, 320, 2894, 2236, 3844, 989, 2045
18, 927, 4190, 4632, 4809, 2048, 2631, 4751, 3817, 2266, 266, 3348, 3353, 4379, 4524, 344, 1174, 2603, 393, 3275, 3523, 1767, 3804, 2326, 698, 1737, 4270, 2649, 4273, 4339, 1094, 2110, 4498, 1409, 1918, 1690, 2023, 3694, 2179
4842, 22, 2660, 3653, 4930, 77, 1852, 2766, 3552, 4587, 3774, 3436, 282, 1257, 1411, 4951, 4570, 4400, 1140, 4873, 847, 2682, 3913, 941, 2884, 3097, 1260, 1036, 1514, 1794, 2852, 3201, 4070, 3827, 3501, 2798, 3028, 3551
2275, 3487, 1388, 2417, 2659, 4700, 3800, 4815, 460, 2024, 3942, 4486, 518, 4426, 4695, 4732, 4970, 756, 3680, 4708, 4883, 824, 4032, 1517, 951, 4630, 3637, 4346, 3064, 1839, 3232, 2027
3662, 2442, 4210, 4776, 4599, 300, 948, 2863, 3451, 4756, 2103, 333, 2551, 3446, 334, 3117, 3269, 4392, 618, 1872, 4730, 4968, 669, 4501, 737, 2566, 3871, 915, 1313, 940, 2427, 3384, 1626, 2382, 1106, 1849, 2825, 2258, 3388, 1338, 1397, 1507, 3121, 3556, 4353, 2318
4586, 4943, 237, 868, 3956, 3986, 4666, 424, 2034, 2584, 4107, 4141, 946, 1016, 3735, 1145, 2019, 4162, 1167, 3405, 1660, 3029
21, 949, 2739, 3944, 4411, 4979, 135, 354, 2228, 2458, 3692, 4622, 2607, 2919, 619, 1053, 1072, 905, 1615, 1426, 1392, 1894
3853, 3615, 1966, 4904, 3242, 2793, 3190, 686, 3702, 4713, 1443, 1293, 996, 3705, 1604, 2231, 3505
3310, 4908, 1665, 204, 3494, 4212, 4418, 4554, 4653, 4761, 261, 1046, 2053, 1395, 4387, 700, 1143, 3290, 766, 3311, 1367, 3123, 3277, 1745
4116, 2597, 2663, 113, 2498, 3272, 3947, 4205, 4907, 3607, 303, 3873, 4583, 4592, 307, 1734, 3035, 468, 2421, 3799, 3439, 2182, 1871, 4432, 1216, 1801, 2356, 1362, 2807, 4330, 1919, 3287, 4473, 4227, 2167
23, 738, 1229, 3442, 3459, 3500, 35, 1479, 3183, 4681, 3976, 670, 3200, 2973, 3515, 492, 4051, 1141, 3003, 2363, 754
1526, 2577, 4215, 3594, 1796, 979, 2343, 2104, 1759, 2654, 1613
24, 1101, 2203, 4408, 4728, 2946, 254, 2562, 3046, 1408, 309, 1090, 2671, 2717, 679, 1419, 2272, 2612, 1353, 2296, 1399, 1439, 1547
2127, 44, 1523, 1752, 2009, 4806, 4088, 853, 2957, 213, 995, 2056, 4028, 4240, 2672, 640, 3872, 458, 2058, 2090, 4859, 4989, 2433, 542, 1708, 4462, 4830, 4922, 3934, 859, 2826, 4549, 1946, 4661, 3233, 2152, 1283, 1952, 4080, 4015, 1557, 1562, 1633, 3193, 1671, 2142, 2252
26, 1227, 1256, 2359, 4896, 2645, 1579, 904, 4489, 3782, 257, 1518, 1527, 2588, 4722, 2781, 445, 2727, 3468, 720, 585, 2680, 4320, 4838, 609, 2886, 2940, 3006, 3967, 1663, 2273, 2595, 3314, 4680, 2298, 2540, 2212, 2990, 3419, 3865, 3657, 3463, 1425, 1928, 3045, 3261, 4052, 3766, 2158
959, 34, 173, 2653, 3737, 4510, 3580, 104, 2317, 3707, 3914, 4138, 2587, 4441, 4869, 417, 555, 1723, 2985, 3068, 3931, 557, 3423, 3624, 4125, 3297, 3230, 4598, 2845, 1455, 3540, 1556, 1793
2233, 138, 1843, 2878, 2900, 4552, 163, 626, 1923, 3519, 4115, 691, 478, 1702, 2724, 4034, 4378, 3280, 741, 3482, 2522, 1303, 822, 2336, 2464, 1011, 2337, 4123, 1117, 2300, 3838, 4282, 2967, 2608, 2510
461, 4334, 374, 4718, 2281, 2590, 4960, 4998, 4551, 4328, 4827, 3642, 1983, 945, 1848, 4321, 3704, 1908, 2346
3092, 611, 1261, 2870, 4409, 1449, 1086, 2926, 3583, 3677, 1088, 1970
28, 1898, 1961, 2529, 2806, 359, 516, 1287, 631, 884
29, 2440, 4249, 4572, 4745, 119, 683, 2044, 2823, 3149, 199, 3079, 3748, 241, 636, 1540, 4177, 2903, 496, 4472, 639, 2721, 3625, 816, 873, 914, 1741, 984, 1429, 1811
3511, 1994, 3228, 129, 2010, 3878, 4156, 4693, 1111, 4120, 4966, 3412, 3088, 3946, 4096, 4991, 2354, 1748, 2202, 2361, 4782, 2534, 2437
4517, 60, 3420, 3592, 4781, 89, 209, 4437, 4670, 3618, 1403, 4454, 438, 4180, 4188, 4499, 4845, 4849, 465, 2812, 3958, 580, 1148, 2434, 3606, 676, 750, 1040, 2580, 3630, 1054, 2788, 4208, 1706, 1165, 2560, 3221, 1191, 4591, 4183, 4840, 1476, 2700, 1711
31, 1246, 4575, 4635, 4851, 896, 3479, 889, 3890, 4242, 1903, 937, 3358, 1643, 2271
2120, 4485, 177, 4079, 4185, 4197, 4560, 4915, 360, 2725, 3317, 3813, 3960, 4220, 681, 1359, 2920, 2966, 1272, 856, 1363, 1499, 1703, 4743, 1950, 2981, 4544, 4490, 3547, 3013, 3418, 4112, 1450, 1679, 3833, 3896, 1591, 2020, 2748, 3098, 2525
4535, 733, 2962, 3741, 176, 2067, 3036, 3997, 4672, 4537, 4788, 3851, 376, 734, 947, 3090, 4767, 1566, 4523, 2125, 826, 872, 2066, 3067, 3268, 3516, 2987, 3520, 4440, 2816
32, 1154, 1433, 1605, 1805, 4864, 1675, 911, 3357, 3430, 4623, 982, 1247, 2512, 4294, 1026, 3383, 1484
4939, 1968, 3435, 224, 710, 2112, 2289, 3650, 302, 954, 1428, 3757, 1625, 3321, 563, 1879, 4135, 4765, 574, 2026, 3496, 4557, 635, 960, 2260, 2865, 2443, 661, 4037, 4850, 3605, 4861, 3806, 3443, 2126, 1505, 1297, 1770, 4835, 2568, 3441, 2898, 4206, 4059, 3474, 1834, 2259, 3288, 3788
33, 1350, 2677, 3066, 3638, 924, 2065, 4319, 252, 1110, 3151, 3497, 1213, 331, 1453, 2287, 3973, 4360, 1738, 1489, 384, 550, 1056, 4082, 385, 3665, 486, 3619, 1554, 2675, 757, 1722, 2377, 4126, 4667, 4314, 807, 1827, 1180, 3893, 1786, 2896, 1693, 2558, 2486
1417, 3577, 53, 101, 2267, 3248, 4825, 4918, 3367, 1784, 4104, 4872, 207, 1520, 1717, 2449, 400, 1616, 2764, 4068, 456, 909, 2201, 4484, 484, 3533, 4150, 4004, 3614, 3008, 1382, 3453, 4434, 2802, 830, 3178, 3247, 855, 2390, 3094, 2994, 1008, 3186, 3529, 4315, 1577, 2059, 3765
2570, 4433, 50, 1819, 2811, 3814, 4049, 87, 1298, 2314, 3061, 4458, 4826, 594, 3341, 527, 1685, 2198, 2583, 3458, 3727, 3892, 658, 1670, 3461, 944, 2134, 3979, 1822, 1452, 3574
2091, 2639, 4364, 2239, 3663, 201, 4329, 4641, 4937, 4990, 215, 606, 4603, 4877, 231, 4265, 367, 4540, 4996, 378, 2876, 3456, 3470, 4372, 394, 1087, 3916, 3917, 769, 1893, 2350, 1063, 1498, 3759, 4553, 1092, 1466, 1469, 1964, 1825, 3044
4868, 40, 701, 3935, 4545, 4953, 198, 1999, 3326, 3845, 4871, 530, 1317, 1758, 3033, 4386, 549, 603, 2230, 2951, 3758, 752, 4257, 2171, 3264, 776, 4427, 813, 4102, 1051, 1891
4193, 3721, 319, 1309, 3395, 4174, 4620, 514, 1312, 3093, 664, 3888, 3210, 3485, 1574
4259, 4950, 123, 537, 2285, 3375, 4056, 4507, 3052, 368, 1704, 4746, 4706, 2918, 4897, 578, 765, 1307, 1887, 1095, 3575, 3923, 4430, 1195, 1333, 1860, 1366, 3042, 2414, 2642, 2855
3753, 69, 3472, 3886, 4771, 160, 3854, 4762, 4926, 4971, 4932, 854, 449, 3225, 1468, 4260, 502, 1620, 2576, 3576, 2633, 3978, 2071, 1648, 1097, 3760, 1536, 3584, 1550, 2400, 2085, 3478
451, 56, 1782, 2780, 2875, 4547, 1917, 4843, 348, 1005, 3745, 4247, 4332, 1809, 4342, 4944, 464, 3475, 4370, 483, 1226, 4323, 878, 980, 1440, 1018, 657, 2077, 2712, 3309, 3870, 714, 999, 2956, 721, 3750, 4349, 833, 2824, 2740, 3041, 2964, 3612, 2907, 3427, 1844, 2349, 3295, 4170
41, 3336, 3541, 4147, 4857, 3579, 1787, 2819, 2763, 604, 970, 1544, 1640, 1179, 2883, 1513, 1678, 4403, 3776, 1258, 1815
4831, 4920, 4784, 4558, 191, 1816, 1858, 4902, 3581, 370, 1098, 2730, 3389, 2542, 3696, 430, 3239, 3756, 531, 4585, 2353, 3168, 4805, 660, 4474, 4569, 727, 780, 2868, 978, 3885, 2921, 1761, 1899, 2969, 2829
42, 1125, 2235, 2536, 3920, 4453, 142, 539, 1563, 2520, 258, 3099, 3597, 3898, 4662, 2032, 4094, 2531, 2638, 4010, 815, 1533, 2147, 4546, 1129, 3522
3281, 1701, 4157, 547, 4671, 4733, 4829, 838, 2494, 3660, 1218, 2481, 2485, 2500, 1259, 1358, 2073
3586, 2616, 105, 643, 1610, 624, 308, 2232, 4050, 4390, 803, 1356, 3981, 1710, 2218, 1230, 1631
4336, 4607, 86, 673, 1855, 3937, 3668, 306, 3150, 3926, 2716, 4148, 2154, 3319, 719, 1014, 3862, 2015, 2693, 1034, 1093, 2765, 1949, 2484
45, 771, 3107, 3903, 4571, 239, 1804, 2308, 3369, 500, 311, 439, 4213, 340, 2767, 4768, 697, 570, 2506, 522, 3537, 4901, 628, 3140
706, 54, 316, 2709, 3684, 4608, 97, 546, 2853, 175, 649, 1812, 390
1210, 58, 1235, 3308, 3843, 4285, 3235, 2047, 2741, 4987, 1464, 4341, 1736, 717, 2958, 4089, 4673, 1019, 4961, 2000, 3954, 2971, 2392, 1467, 1497, 2055, 1971
47, 2620, 2701, 2908, 3072, 246, 2929, 986, 1341, 1322
4889, 126, 1415, 2797, 4694, 4994, 4628, 159, 4083, 3452, 2982, 3025, 389, 849, 1926, 4402, 3406, 1308, 1477, 2268
3049, 4022, 109, 2100, 3352, 3609, 4383, 112, 212, 2070, 4199, 4233, 4442, 2191, 127, 3855, 4726, 4727, 184, 1361, 1410, 2514, 2702, 4689, 355, 3077, 3611, 403, 1234, 3589, 4431, 2786, 3767, 1178, 3795, 3257, 1493, 3207
4062, 823, 809, 1364, 3298, 3417, 3022, 3162, 1123, 1654
263, 172, 917, 2234, 2477, 3999, 3173, 1407, 579, 1842, 2244, 730, 1031, 1930, 2501
1102, 71, 171, 292, 2043, 88, 136, 480, 1435, 2175, 4308, 356, 2036, 3159, 3695, 137, 1228, 2379, 154, 1164, 3016, 3983, 3811, 4917, 189, 235, 1592, 4350, 3769, 1617, 1667, 4225, 329, 787, 3263, 3826, 3157, 1084, 544, 1715, 3428, 567, 742, 1689, 1377, 4638, 879, 2329
52, 103, 2276, 4775, 4790, 4894, 2499, 3399, 178, 1030, 446, 3106, 4527, 2135, 601, 2014, 2159, 1009, 4326, 1729, 1897, 3175, 2915
4058, 4262, 4035, 4584, 315, 1150, 1728, 2627, 598, 1676, 3509, 4716, 4008, 1012, 2002, 1064, 2528, 2775, 4707, 2404, 1673, 2935
188, 4091, 2634, 4822, 4886, 4754, 2784, 1324, 3690, 894, 4168, 2959, 339, 2691, 3089, 4312, 4406, 1144, 1105, 431, 1013, 1189, 2093, 524, 2331, 4885, 1836, 3433, 932, 3249, 935, 1686, 2753, 2195, 2365, 1183, 2194, 2451, 1262, 2904, 3038, 3191, 2703
55, 277, 2943, 3546, 4093, 128, 1672, 3477, 3648, 3792, 2312, 1038, 1634, 3534
4307, 106, 1662, 1916, 2340, 2860, 4286, 2738, 964, 3145, 3549, 1219, 3982, 4118, 1726, 1939, 2651, 2197, 2640
3791, 1993, 270, 1458, 1581, 2743, 4009, 2408, 1655, 440, 1641, 495, 1888, 2543, 3848, 3166, 1028, 975, 1478, 2809, 2601, 3361, 2771, 2225, 3076, 2086, 2118, 2733
3460, 3857, 4347, 4589, 327, 2105, 2394, 2895, 4153, 1546, 3138, 1021, 2619, 4497, 797, 1884, 3004, 2828, 4380, 4696, 1193, 2305, 3262, 4449, 1790, 2342, 4165, 2150, 2078, 2850, 2387
4435, 4361, 925, 4020, 4500, 4288, 4275, 3933, 2114, 3921, 2130, 3932, 301, 3448, 3621, 4887, 437, 3219, 4770, 462, 1603, 2378, 470, 3059, 3274, 4221, 779, 605, 623, 4381, 1762, 3743, 3334, 3267, 3671, 3940, 3700, 888, 1010, 3001, 1055, 1268, 1942, 2280, 2905, 1483
59, 1757, 2341, 2989, 3160, 140, 2470, 4030, 3376, 156, 536, 702, 1269, 3906, 203, 1938, 2022, 2222, 2261, 234, 351, 772, 3206, 304, 1318, 3601, 4947, 343, 1108, 2012, 3629, 2478, 2698, 3566, 1965, 2050, 4359, 844, 3868, 2094, 2673, 2844, 2662, 3821, 1624, 1873, 2790, 4074, 4241, 3856
205, 587, 2245, 179, 4723, 4729, 4884, 459, 3623, 4634, 4424, 217, 2095, 2420, 4786, 293, 2804, 2846, 4299, 4445, 3801, 747, 1776, 2917, 3134, 509, 3403, 559, 3396, 3434, 4774, 3969, 2211, 1080, 4556, 1138, 1197, 3318, 2643, 1799
1320, 164, 923, 2890, 3528, 3683, 4645, 3135, 1653, 784, 2783, 1339, 3596, 942, 1078, 2545, 3626, 4245, 1549
61, 963, 2137, 3142, 3572, 493, 2321, 2630, 3250, 1539
2563, 169, 2381, 4033, 4084, 4122, 353, 3153, 3593, 443, 607, 1386
1564, 280, 1207, 2348, 4504, 1940, 842, 2081, 2629, 3000, 2046, 3129, 1561
4410, 80, 342, 1224, 1281, 4398, 4532, 4060, 4606, 3725, 1404, 668, 2246, 2947, 3649, 3021, 729, 2830, 3632, 4081, 808, 2769, 3203, 912, 1646, 4820, 2827, 1909, 3327
63, 2646, 4041, 4438, 4923, 121, 3285, 3849, 4191, 4222, 162, 1372, 3507, 3761, 421, 882, 4425, 992, 711, 2207, 2466, 713, 1973, 744, 3879, 4519, 1082, 1905, 3682
2339, 2399, 1863, 3773, 361, 3292, 3939, 4284, 887, 749, 3455, 764
65, 2115, 3894, 4263, 4309, 4366, 108, 1524, 3143, 3927, 3952, 208, 602, 2923, 4067, 341, 1427, 2664, 2768, 3746, 895, 4582, 4882, 572, 630, 3265, 1345, 3564, 1785, 1496, 1639, 2215, 1301, 1612, 1510, 2538, 3086, 2352
66, 2116, 3841, 4374, 4617, 2362, 2426, 712, 2138, 902, 1041, 1243, 1511
67, 746, 1142, 1173, 3591, 139, 2483, 3105, 3124, 4487, 187, 2840, 1232
2282, 4860, 2799, 2249, 4703, 577, 3658, 4881, 4888, 4682, 705, 1845, 3950, 4611, 798, 2476, 2713, 4650, 4679, 1220, 1323, 1442, 2776, 1607, 1718
2785, 100, 2489, 4103, 4373, 4698, 4779, 3910, 1985, 3196, 2008, 1509, 1937, 2556, 3303
70, 1206, 2241, 3628, 4870, 4795, 1832, 501, 3047, 4108, 4690, 646, 3681, 994, 1657, 1932, 3155, 1342, 2385, 3080, 2319
562, 786, 294, 4686, 4804, 4890, 4972, 1444, 429, 2227, 4631, 4647, 2304, 2621, 3822, 622, 2416, 4276, 3048, 831, 2933, 3674, 1360, 2448, 3329, 1495, 4026, 1830, 1828, 2782
1774, 141, 2255, 2274, 2450, 3627, 4912, 358, 4530, 4649, 591, 2490, 1438, 2950, 3656, 1491
72, 1979, 2401, 4023, 4594, 148, 2418, 2800, 4824, 4999, 1753, 739, 2383, 1691, 4371, 1947, 2636, 652, 2029, 4863, 723, 848, 3604, 1545, 2087, 4358, 1714, 1991, 1494, 1560, 3912, 1829, 1933
3679, 107, 1783, 3180, 3775, 4029, 4344, 152, 2144, 4090, 4322, 182, 1420, 1474, 1535, 3213, 3573, 2509, 2196
4477, 2592, 297, 1851, 4075, 4720, 2216, 4692, 1389, 1590, 2668, 4219, 1600, 2157, 2333
73, 2760, 3204, 3809, 4461, 4516, 2778, 1755, 269, 2129, 2930, 3734, 4456, 4899, 2373, 511, 1543, 1381, 1027, 2848, 1875, 4194, 4925, 1201, 3354, 4351, 4391, 4710, 3131, 2742, 2554
74, 318, 1802, 3095, 3344, 3402, 4963, 1282, 247, 910, 1065, 1231, 3381, 299, 1951, 2715, 2891, 4936, 350, 2735, 753, 571, 665, 2109
75, 336, 1155, 4132, 4375, 93, 767, 3667, 4327, 99, 2635, 3781, 3876, 4129, 4272, 259, 556, 3030, 4697, 312, 3991, 2405, 2555, 1724, 3120, 593, 1972, 1977, 3847, 4316, 1393, 2842, 1988, 4046, 3209, 2533, 2516
2335, 852, 655, 2322, 3084, 3749, 1066, 1885, 965, 2176
76, 2380, 4055, 4338, 4652, 4687, 4505, 4609, 3161, 939, 4279, 4038, 3911, 4229, 2148, 2293
1818, 110, 1252, 1895, 4658, 3147, 411, 1285, 3126, 4295, 467, 1599, 3661, 4356, 4480, 3337, 4983, 2995, 789, 795, 4203, 1609, 860, 1636, 3416, 4161, 1120, 3063, 1171, 2614, 1378, 2441, 2777
78, 1044, 2704, 2710, 3513, 454, 1379, 3345, 1580, 863, 1436
4109, 181, 1431, 4133, 4817, 4985, 196, 617, 1630, 1792, 3104, 3243, 4533, 2072, 2992, 2938, 1890, 3128
2544, 96, 642, 2474, 3390, 115, 453, 3110, 4039, 255, 1405, 2187, 3808, 4248, 2996, 2628, 2773, 3936, 4621, 621, 3229, 4476, 920, 2188, 1211, 1944, 1057, 2145, 3174, 1551, 1990, 1490, 3951, 1568
82, 1948, 4042, 4683, 4685, 4875, 283, 558, 4865, 264, 4542, 4757, 272, 3148, 3829, 2586, 3342, 4202, 2734, 2505, 4663, 726, 794, 3343, 1576, 2496, 4301, 4124, 1907, 2413, 3370, 1931, 2205, 2839
2720, 2648, 1340, 4463, 610, 2355, 2683, 3498, 667, 4146, 801, 3499, 3744
3125, 114, 4164, 4171, 4492, 4520, 3051, 3959, 3130, 2772, 4134, 4753, 4536, 3473, 3278, 678, 3643, 3971, 3346, 758, 4325, 4744, 811, 3751, 4928, 834, 1975, 1121, 1912, 1137, 2057, 3393, 3640, 1176, 1541, 2410, 1658, 3312, 2754, 4209
85, 2037, 2737, 3141, 3720, 4903, 405, 2977, 4633, 625, 2719, 718, 1253, 2291, 2684, 1481, 3846, 1684, 2548, 2728
1182, 2770, 4274, 285, 1188, 3569, 3779, 4428, 321, 981, 3880, 2690, 379, 3953, 1214, 662, 775, 2585, 2939, 3332, 3429, 3113, 2821, 3305, 1311, 4076
90, 4105, 4127, 4467, 4837, 214, 4675, 4043, 4006, 674, 1920, 3324, 971, 1558, 1751, 2541
4187, 98, 4494, 4992, 5000, 3883, 3260, 692, 4001, 782, 4412, 1023, 1223, 1534, 2495
1992, 3488, 317, 3506, 3850, 4061, 4439, 4529, 469, 1017, 1813, 4216, 1457, 2941, 2005
2146, 238, 3078, 4019, 4040, 447, 1348, 1441, 2455, 1237, 1050
2789, 3974, 166, 1614, 3590, 3722, 3182, 221, 2791, 2965, 3331, 4980, 225, 4144, 4196, 4618, 4764, 2598, 4478, 2979, 565, 812, 1868, 690, 4013, 3560, 745, 1153, 2699, 4848, 763, 788, 1255, 804, 1808, 840, 3796, 3825, 1337, 3508, 4513, 2186, 2532, 2877
95, 1396, 2432, 2928, 3480, 409, 413, 1319, 1773, 3377, 985, 1925, 1508
3860, 281, 2758, 4003, 4511, 735, 1712, 519, 2831, 3701, 931, 1876
2688, 4053, 3972, 2746, 3718, 1316, 2309, 4455, 2079, 1763, 3283, 2658, 4085
4704, 4588, 220, 1583, 2861, 228, 590, 3223, 3620, 1459, 352, 731, 1271, 2469, 3966, 364, 2021, 3598, 3790, 441, 3877, 541, 3532, 4021, 4525, 899, 653, 4738, 2623, 1401, 1833, 2626, 1334, 1791
2192, 1421, 216, 1315, 2674, 2794, 288, 2141, 2397, 2572, 3578, 4758, 1267, 3739, 3740, 883, 2665, 2993, 4933, 1134, 2873, 3466, 1826, 3481, 2096, 1896
102, 3526, 4077, 4313, 4818, 256, 997, 3192, 4444, 4615, 506, 481, 1170, 2189, 2552, 3998, 4619, 520, 1263, 551, 1913, 3440, 1233
2686, 4834, 226, 2030, 3486, 4181, 326, 4562, 4816, 330, 1302, 2221, 3356, 4155, 2726, 1369, 3362, 3724, 2425, 3023, 2578, 3259
118, 1780, 2991, 3217, 596, 1618, 1295, 3410, 880, 1731
3639, 1552, 2358, 1869, 322, 2412, 3675, 4460, 2539, 3007, 3664, 4627, 2615, 934, 680, 1732, 2180, 4654, 4711, 1519, 1130, 1632, 2559, 3553
1572, 278, 2524, 2661, 2927, 2975, 377, 1578, 1682, 554
3286, 1570, 2511, 3179, 781, 3338, 4340, 1104, 1456, 3715, 1756, 1746
2347, 193, 922, 1974, 2569, 4759, 4518, 1376, 347, 2624, 3144, 4802, 2757, 4457, 867, 2564, 2706, 1177, 4217, 3058, 1750, 1553, 2299, 2210
4988, 165, 1156, 1352, 3929, 4178, 2113, 206, 1296, 2685, 4855, 230, 1152, 1299, 1619, 4911, 455, 3915, 4596, 4948, 1674, 2600, 1202, 1331, 1700, 2247, 4612, 1390, 2899
130, 576, 2530, 4214, 4394, 4854, 147, 1412, 2602, 4668, 4702, 4891, 1225, 249, 3256, 3922, 3114, 612, 4755, 3409, 553, 4853, 3349, 4959, 1598, 647, 708, 2124, 1071, 3616, 3096, 4160, 4318
3730, 232, 2550, 3091, 3279, 4625, 243, 2822, 4446, 695, 3057, 482, 791, 2074, 876
2200, 229, 575, 885, 3613, 4237, 4639, 2107, 3195, 4154, 850, 1587, 1115, 1602, 2644, 2170
4531, 3347, 1593, 2687, 505, 4005, 4479, 4495, 4564, 569, 1278, 2301, 1854
4464, 3970, 589, 2491, 388, 2209, 2805, 4931, 418, 1162, 4946, 2403, 722, 1800, 1565, 977, 1215, 4172, 1157, 2681
1789, 1707, 373, 1085, 1394, 4071, 4419, 608, 699, 3009, 685, 1159
143, 2102, 2172, 2295, 2504, 3928, 185, 3778, 2256, 1820, 1288, 3568
144, 497, 525, 3387, 3491, 242, 2248, 2257, 1892, 953
145, 2303, 3373, 4018, 4879, 599, 1037, 3176, 291, 2557, 2622, 4110, 410, 3372, 3708, 4691, 508, 1127, 4714, 1669, 568, 2944, 2968, 1735, 709, 3669, 1286, 4002, 3763, 1273, 1300, 2181
146, 1114, 3905, 4287, 4616, 167, 349, 704, 4550, 2745, 2879, 2334, 4515, 382, 1502, 2345, 3723, 936, 466, 740, 2669, 2435, 4182, 3550, 3270, 3818, 1074, 2666, 3020, 3484, 1806, 2613, 2759, 1765, 1838, 2523
149, 298, 1987, 4151, 4576, 4938, 3874, 2795, 3127, 2729, 2493, 4396, 817, 1503, 1075, 2856, 4258, 4027, 1314, 2068
2439, 3227, 251, 857, 3641, 3709, 3895, 790, 422, 1821, 1997, 3325, 3752, 448, 1192, 4137, 2328, 886, 1343, 3024, 3199, 2482, 1043, 1416, 3246, 3785, 3136, 3717, 2083
1042, 2168, 284, 338, 1699, 2618, 4736, 972, 1274, 2960, 423, 3355, 3557, 4280, 4997, 491, 1807, 2279, 2286, 2310, 728, 583, 592, 1002, 1048, 2155, 3197, 4246, 675, 3034, 2041, 2937, 3504, 1956, 3836, 1024, 1208, 2253, 2422, 4750, 1073, 2283, 2398, 3415, 4300, 3132, 1463, 2507
4369, 2344, 4482, 305, 3728, 4593, 4975, 3111, 4600, 433, 3165, 3398, 4255, 538, 4717, 3678, 1015, 4415, 1132, 4420, 1158, 1754, 4919, 1163, 1529, 1877, 4421, 4092, 2384
4201, 4597, 864, 250, 3686, 4475, 1099, 814, 3714, 4967, 1695, 3185, 1874, 4414, 1817, 1649, 1927, 2488
475, 3050, 296, 1400, 3351, 3401, 4699, 416, 1344, 3339, 4574, 828, 586, 2492, 4581, 890, 3432, 1398, 1347, 1461
183, 581, 2265, 3588, 4448, 3304, 1584, 534, 832, 3073, 2471, 4789, 613, 2160, 2508, 3693, 913, 2854, 2415, 1744, 2122
3842, 2475, 3103, 2932, 3118, 566, 1601, 3307, 3919, 4234, 770, 1914, 2017, 4352, 1236, 2447, 2581, 3524, 1482, 2453, 2149
533, 2472, 2018, 1488, 987, 1070, 3438, 4555, 2374, 2161, 4306, 1006
2594, 324, 4813, 4828, 4841, 4852, 632, 2835, 3444, 1212, 3503, 3834, 4568, 3559, 3081
190, 488, 3659, 4066, 4362, 200, 1169, 1542, 2054, 4976, 3171, 4384, 233, 240, 2480, 4305, 4801, 3031, 387, 2567, 3980, 2922, 3805, 938, 1967, 2016, 3562, 4012, 3820
2517, 2833, 820, 2924, 3798, 672, 1100, 2033, 4656, 4898, 2694, 4470, 871, 1982, 2497, 3109, 875, 2515, 2035, 2076
197, 1472, 2707, 3617, 3907, 3941, 1698, 1000, 4541, 2655, 1422, 993, 1680, 3316, 4198, 1069, 4422, 1149, 3070, 3992, 1504, 2575, 3918, 2810, 1650
3322, 420, 2976, 3636, 4271, 644, 2372, 2444, 3570, 829, 1131, 3273, 1795, 2226, 1853
202, 1368, 2139, 2446, 3164, 3457, 487, 1870, 2697, 3502, 1146
398, 210, 328, 560, 4114, 4752, 3823, 289, 1385, 3783, 4626, 637, 2869, 391, 881, 3706, 4579, 3512, 4636, 3154, 869, 760, 3258, 561, 2574, 2801, 2942, 645, 2637, 3386, 1911, 1391, 818, 900, 2749, 3194, 1696, 1122, 4106, 2151
3887, 276, 2718, 3374, 3964, 535, 866, 1045, 1492, 3449, 2978, 1119
4900, 219, 759, 3363, 3789, 427, 827, 1733, 3824, 463, 2836, 4659, 2871, 2084, 2080, 1194
1291, 2431, 4823, 3065, 2097, 2460, 1126, 1725, 3807, 4207, 2092, 1248, 2573, 2843, 3188, 4290, 1454, 2983, 3595, 2297
1878, 528, 796, 4382, 4466, 4905, 2862, 4337, 3654, 1067, 3360, 4393, 1103, 3323, 2419, 1528, 2219, 2838, 1962
3742, 426, 958, 2407, 3445, 839, 1954, 3961, 4087, 897, 2119, 1423, 3037
3645, 1437, 1025, 4136, 4812, 1304, 1475, 4964, 1880, 1471, 4747, 2678, 1355, 1629, 1588, 1531, 2609
4140, 271, 1929, 2430, 3119, 3545, 395, 2438, 3600, 2173, 1116
4684, 357, 3622, 4561, 4725, 3187, 4142, 4069, 806, 4810, 1047, 1642, 1373, 2214, 2744
248, 472, 2208, 3602, 4176, 755, 634, 773, 2278, 2264, 1329
1375, 616, 3012, 3018, 3437, 3635, 2641, 1118, 3565, 2988
2676, 295, 1934, 3069, 3994, 703, 2166, 3011, 1740, 1096, 1346
2972
3733, 3276, 3198, 2657, 1886, 4798, 3633, 1506, 2952, 1747, 1775, 1859, 1978
2302, 2369, 3771, 4363, 1279, 1953, 3561, 3772, 4072, 3866, 3902, 2028, 3536, 3053
3271
287, 540, 962, 2262, 2367, 3514, 436, 1777, 615, 874
1076, 4348, 792, 1424, 2457, 4200, 1001, 1007, 2178, 3610, 2270, 1434, 2366
3828, 1089, 926, 2553, 3075, 3764, 4493, 1742, 3400, 1325, 1446, 2847
314, 3421, 3655, 4007, 4130, 504, 3803, 4014, 783, 1989, 2537
4674, 4436, 614, 3587, 3899, 4803, 656, 1305, 3495, 1199, 2792, 1532, 2874
2454, 1575, 485, 1900, 4577, 4929, 4502, 1936, 2547, 862, 2088, 2277, 1217, 2351, 4143, 4296, 3163, 1814, 2980, 4224, 1976, 3385, 3100, 2162, 2858
2311, 383, 4121, 4293, 4447, 4642, 1289, 3949, 4772, 4331, 4677, 2052, 3027, 2849
473, 1788, 3289, 3900, 4377, 2292, 4921, 743, 3859, 4101, 793, 4509, 916, 1321, 4590, 2370, 3169, 1666, 2910
4235, 3391, 3040, 1128, 2647, 3631, 3672, 3881, 1249, 1380, 2064
1608, 1068, 1168, 2467, 3254, 3930, 1383, 1779, 2089, 1370
