1, 17, 547, 1264, 3769, 3010, 3200, 4959, 367, 97, 331, 219, 1671, 3113, 3550, 1705, 2888
3433, 12, 1060, 2116, 2889, 3595, 30, 690, 4933, 2626, 4414, 2844, 860, 270, 498, 1343, 2265, 3895, 286, 1757, 3878, 4028, 3329, 338, 2469, 2782, 524, 3728, 2601, 2837, 707, 4443, 3749, 4622, 1246, 4578, 2205, 3170, 1561
4380, 2966, 240, 393, 2609, 4303, 4424, 658, 1792, 1601, 1098, 2726, 3000, 2042
4704, 880, 2388, 268, 1620, 3008, 4882, 419, 1329, 3011, 4002, 4215, 4030, 780, 2557, 3230, 3578, 917, 1048, 2672, 3209, 1445, 1560, 2001, 1784, 1767
2, 3002, 4476, 4803, 4965, 4928, 38, 1162, 3697, 4631, 124, 1833, 2498, 958, 2916, 218, 1295, 2659, 3213, 1007, 3745, 4301, 4558, 2797, 857, 2606, 1239, 1582, 4707, 4434, 2890, 4665, 4427, 2067, 2411, 1135, 1946, 2828, 3978, 2569
4201, 4634, 2747, 2746, 2397, 4924, 336, 564, 634, 1191, 366, 1383, 3391, 3452, 4838, 449, 476, 1253, 4056, 4674, 2914, 4809, 839, 1262, 3195, 3597, 1932, 951, 1166, 1589, 3998
3, 1267, 1959, 2510, 3279, 1840, 324, 4050, 4949, 632, 373, 3184, 3773, 2524, 417, 2577, 1283, 3933, 956, 1925, 3256, 1319, 2384
609, 28, 2968, 3119, 3317, 3506, 55, 2934, 4870, 1193, 4606, 714, 1325, 351, 354, 3334, 1899, 625, 2218, 2858, 1020, 1416, 1558, 2434, 3335, 726, 3706, 2775, 828, 3875, 2780, 2882, 2874
3160, 3913, 60, 125, 3222, 4189, 4717, 108, 2121, 2760, 3293, 4308, 4963, 3095, 3605, 207, 3156, 361, 1097, 1401, 1661, 2964, 2919, 3145, 4738, 751, 2480, 3229, 3472, 1265, 4371, 1245, 1243, 2664, 2961, 3920, 2441, 1658, 3760, 3191, 2126, 2639, 3294
4, 2358, 2905, 3405, 1215, 74, 1108, 1594, 2918, 3719, 2023, 177, 3068, 3188, 4897, 299, 685, 2798, 3450, 4093, 711, 2712, 3005, 980, 2461, 3817, 2435, 2688, 2421, 2864, 2057, 3044, 2602, 4553, 2418
116, 3274, 1680, 89, 1726, 4398, 4993, 96, 2024, 4392, 4744, 3237, 645, 4583, 187, 2644, 3906, 4858, 208, 1917, 2304, 3940, 4608, 3430, 401, 3703, 2448, 4960, 3780, 3686, 3177, 1657, 1414, 1621, 2992, 1674, 4460, 4121
3656, 90, 820, 2325, 3298, 4060, 114, 2707, 2848, 185, 1207, 1673, 4412, 4698, 624, 1881, 4488, 4538, 2700, 3997, 3771, 1287, 3683, 1178, 2262, 2792, 1400, 2856, 2417
4320, 26, 3957, 4418, 138, 1006, 4233, 4857, 4911, 300, 1643, 4256, 330, 3345, 3032, 501, 2003, 1218, 1841, 3310, 1172, 650, 3666, 1085, 732, 3695, 862, 1617, 4100, 1137, 1288
5, 3090, 3219, 3881, 4639, 824, 56, 3236, 4648, 3682, 411, 636, 952, 741
3037, 1061, 3778, 2213, 92, 2486, 3619, 3750, 4148, 4796, 3640, 164, 1876, 4287, 4695, 2106, 4973, 1874, 922, 3579, 1546, 1092, 2227, 3659, 1454, 1905, 1981, 3058
4228, 252, 157, 1352, 4359, 4868, 689, 4728, 3381, 379, 1143, 3841, 3999, 3816, 4250, 1517, 1759, 1894, 2624, 3492, 3233
6, 62, 1707, 2793, 4509, 4294, 2099, 358, 1598, 3519, 1512
3375, 4663, 1486, 1028, 4598, 562, 2336, 4773, 4611, 659, 2071, 3840, 790, 882, 3429, 1950, 2937, 1189, 2279, 2781, 2204
4596, 2504, 3462, 548, 2129, 332, 3926, 4164, 4927, 941, 733, 831, 4561, 3357, 949, 1471, 2433, 1049, 1018, 2620, 3052, 1113, 2102
7, 887, 2203, 4447, 112, 2223, 3166, 4086, 3818, 1168, 2936, 364, 3842, 370, 1926, 2452, 3030, 4385, 1184, 749, 1161, 3772, 793, 2836, 2973, 1818, 1227, 1122, 3593
2963, 16, 720, 2142, 3407, 4505, 275, 1036, 4939, 536, 1275, 2755, 2196, 3714, 3988, 4239, 3907, 1134, 2454, 2168
4475, 1272, 145, 1268, 2256, 4216, 4892, 4763, 189, 1413, 2589, 4508, 4625, 4134, 4059, 2470, 574, 971, 4849, 3100, 834, 1514, 2476, 957, 3525, 3990, 968, 2075, 3165, 3734, 2536, 4004, 1341, 3765, 3976, 1938, 3036, 2570, 2600
4759, 4866, 4713, 2705, 4225, 1435, 434, 2287, 3824, 4477, 3031, 2999, 1563, 1424, 2993, 889, 1176, 2522, 2241
8, 416, 1349, 2332, 3327, 1822, 166, 2859, 3631, 3901, 174, 380, 984, 1940, 255, 2757, 4977, 263, 2011, 4660, 1154, 1273, 3675, 4912, 1120, 2228, 2271, 1204, 1392
462, 1868, 753, 100, 748, 1809, 3669, 4244, 109, 2130, 2410, 3215, 3794, 192, 424, 4768, 4054, 414, 1879, 3182, 4321, 3856, 3542, 3905, 3108, 477, 977, 3746, 1436, 613, 2550, 960, 891, 2728, 4348, 2140, 997, 1698, 1033, 2759, 1152, 2013, 2829, 1989, 3124, 2456
2680, 1177, 73, 447, 3914, 4282, 119, 220, 2771, 4914, 2635, 3264, 4118, 4662, 357, 3868, 2401, 1062, 729, 3295, 2182, 3891, 1453, 2320, 1523
3513, 179, 262, 4554, 4884, 3206, 4893, 3315, 392, 3962, 402, 615, 1431, 3964, 1030, 3812, 4394, 1117, 2053
9, 34, 620, 3139, 972, 3834, 162, 3844, 4855, 2727, 223, 3003, 3871, 1527, 533, 688, 919, 3591, 789, 2800, 4920, 2066, 2497, 3401, 1706, 2352, 3922, 1727, 2178
2885, 33, 435, 2414, 4850, 3154, 2520, 4335, 329, 1752, 2242, 3555, 1652, 1091, 1832, 2682, 3592, 2587, 503, 3084, 604, 2478, 4198, 2310
4532, 1585, 4402, 94, 2568, 3510, 4175, 4547, 3402, 3240, 1458, 450, 502, 1347, 2578, 4691, 611, 3886, 3544, 2948, 4860, 2553, 1200, 2616, 2967, 4158, 4834, 3425, 2314, 2363
10, 4562, 4845, 4988, 4263, 61, 3935, 4247, 4644, 2359, 1086, 2545, 4191, 4769, 1790, 1451, 4453, 1165, 2794, 3076, 2082, 3265
3344, 41, 737, 2975, 4580, 4815, 4724, 253, 2096, 4357, 4757, 4823, 4836, 343, 1694, 3690, 2842, 4332, 1713, 771, 835, 3960, 777, 2429, 1012, 1254, 3831, 3850, 3721, 4053, 2573
4569, 133, 3342, 4291, 4982, 3665, 237, 2965, 4712, 3741, 3493, 2892, 991, 1943, 1082, 1163, 2653, 3071
4750, 802, 4306, 54, 3258, 4556, 1988, 3333, 4944, 569, 3557, 480, 2131, 2955, 4874, 4932, 2662, 4957, 2419, 674, 2440, 2811, 3328, 1202, 2444, 4261, 2307, 1583, 1701, 1979, 1644, 2875, 4903, 1650, 1982, 2406, 2009, 3915
11, 3974, 4135, 4570, 4765, 311, 155, 1498, 2621, 4545, 4610, 525, 261, 280, 3755, 4344, 2743, 3574, 4883, 294, 1497, 2089, 4258, 626, 1775, 3434, 1766, 1748, 2046, 676, 2222, 3477, 2381, 1715, 1448, 1375, 3308, 4531, 1559, 2815, 1903, 3062
1580, 29, 1008, 1721, 3082, 3267, 3992, 3925, 360, 2209, 3629, 2098, 4467, 468, 1399, 1773, 1851, 2741, 3859, 4617, 647, 4326, 638, 1923, 4289, 3802, 2333, 797, 939, 4774, 2960, 3532, 4151, 1418, 1519, 1646, 2369, 2141
4285, 4171, 4351, 2077, 159, 1126, 2124, 2195, 2556, 614, 4785, 1986, 3603, 314, 1827, 3748, 3541, 1374, 478, 4334, 4859, 1812, 623, 2487, 3355, 3367, 2525, 4139, 2753, 1043, 863, 1240, 3021, 1461, 2103, 2257, 1119, 1590, 2341, 2547, 4111, 3178, 2873, 4346, 1510, 3134, 1830, 1980
3625, 669, 4507, 140, 4572, 4830, 2395, 3731, 990, 3287, 504, 383, 2464, 2113, 1613, 664, 483, 1238, 1382, 2884, 4655, 1179, 2154, 4599, 4602, 3539, 1755, 838, 3246, 3221, 644, 1973, 2094, 759, 2446, 1777, 2952, 2191, 1208, 2079, 1769, 3049, 2488, 1823
13, 1898, 4382, 4864, 4576, 3455, 2552, 141, 2698, 3839, 4080, 4092, 4126, 1945, 3672, 2750, 2817, 696, 3965, 4615, 2086, 1948, 1685, 2416, 1892, 4337, 1920, 2788, 3643
2149, 1373, 51, 1849, 2391, 2523, 912, 3774, 2657, 4501, 203, 2841, 4495, 4559, 205, 577, 2942, 3378, 386, 2761, 3153, 463, 4586, 4969, 518, 1169, 3056, 3243, 4577, 656, 3123, 703, 761, 3785, 3278, 2951, 1138, 2845, 4104, 1144, 3587
4534, 635, 4426, 4896, 1800, 3370, 278, 1100, 2862, 4210, 3963, 642, 4646, 1655, 4996, 4349, 1502, 4518, 3138, 3522, 740, 4253, 3431, 1045, 3019, 4987, 651, 2438, 2840, 1440, 2030, 978, 1569, 2055, 4023, 1225, 2725, 1771, 3730, 3043, 4520
14, 3096, 3471, 3955, 837, 1095, 867, 3129, 1564, 1624, 2348
1263, 48, 2051, 2785, 4071, 4358, 769, 225, 1353, 2576, 4725, 3387, 529, 1862, 2679, 3128, 4031, 629, 2329, 2944, 649, 1236, 2810, 4461, 836, 767, 3704, 849, 1073, 4747, 4006, 2514, 3238, 2754, 3479
1535, 134, 736, 2956, 3531, 2752, 297, 1990, 3627, 3709
4703, 4399, 1217, 1815, 212, 1260, 3727, 4621, 282, 371, 3581, 2605, 3566, 546, 1422, 4722, 2767, 4221, 596, 2281, 4435, 3225, 1344, 4521, 3642, 903, 1076, 2200, 1934, 2673, 1846
15, 2431, 3855, 4177, 4492, 2704, 200, 2823, 2924, 3207, 4311, 2214, 1915, 387, 4607, 451, 1933, 4298, 4664, 2344
3424, 2876, 4865, 269, 438, 1088, 1501, 4205, 4323, 2667, 4407, 4880, 3103, 4153, 534, 3067, 3807, 3822, 4828, 3860, 4567, 1837, 4234, 2275, 4470, 1125, 4202, 4793, 1360, 4942, 2407, 3945, 3696, 2959, 3057
3004, 2528, 4397, 430, 2995, 3447, 3457, 453, 1110, 2734, 561, 908, 3931, 1785
3657, 35, 1893, 3377, 3628, 4062, 3291, 4733, 1974, 4043, 3573, 199, 4480, 4613, 2695, 288, 1889, 3185, 3916, 301, 4689, 390, 1737, 1476, 423, 3212, 3540, 3534, 581, 1480, 4708, 3227, 1754, 745, 781, 3835, 937, 4342, 4040, 1019, 2706, 1326, 2045, 4127, 1967, 1890, 4085, 1753, 3944, 3668
2185, 20, 1728, 2192, 2721, 4904, 21, 143, 1576, 2070, 111, 1817, 1985, 3189, 3443, 2252, 206, 1740, 3414, 1255, 1367, 2625, 2534, 4147
3884, 1788, 2749, 122, 4001, 4446, 4595, 4779, 4113, 173, 1930, 3937, 2172, 1235, 2455, 349, 1747, 2226, 3600, 391, 3577, 621, 1338, 3263, 3372, 4463, 2579, 657, 2481, 3218, 1078, 1647, 2677, 3426, 4433, 2340, 2343, 3214
4862, 4268, 201, 4658, 4742, 2748, 3382, 982, 3847, 1450, 2234, 3136
18, 1991, 2790, 3421, 312, 2881, 3788, 512, 1634, 1858, 2014
1725, 1732, 594, 1900, 2484, 4991, 643, 933, 848, 1187, 2389, 1397, 1180, 1819
19, 229, 1983, 3365, 853, 3366, 152, 2060, 4105, 4384, 488, 4089, 3273, 3533, 250, 563, 3316, 3653, 4015, 4873, 1782, 346, 2615, 4073, 413, 843, 4238, 4832, 445, 473, 592, 881, 2913, 1731, 2598, 2137, 1628, 710, 3035, 4423, 3254, 973, 3379, 1562, 1912, 1708, 2801, 4319, 2562
1115, 3491, 80, 1351, 1733, 4481, 4673, 3458, 341, 3132, 1781, 2496, 2159, 3194, 4652, 1364, 2907
4005, 2244, 3552, 2592, 439, 530, 3635, 4881, 4755, 4971, 608, 1438, 4821, 730, 3588, 2008, 2902, 4106, 2063, 2872, 3404
4442, 293, 2739, 3758, 4908, 2938, 344, 2744, 4682, 4878, 4503, 4922, 2866, 4381, 2646, 1483, 697, 2980, 3172, 725, 2212, 4363, 3897, 1506, 3259, 1529, 923, 3060, 3149, 3845, 1116, 1394, 4241, 4483, 1198, 2128, 1230, 2668, 3338, 4194, 2236, 3080, 2982
2532, 1856, 287, 914, 2495, 3570, 3716, 3473, 1499, 595, 2648, 2953, 2723, 1282, 2531
22, 309, 3270, 3647, 4632, 3490, 214, 105, 499, 4766, 1964, 3545, 3116, 283, 1669, 2838, 1429, 1878, 4318, 3470, 470, 579, 1102, 1157, 1472, 3396, 2699, 701, 3641, 3687, 4563, 2283, 783, 1396, 4361, 1106, 1057, 1786, 3829, 1806
4887, 4839, 4612, 3093, 4827, 4465, 2092, 3589, 1362, 718, 4142, 4620, 4847, 964, 1050, 4513, 3967, 4170, 2146, 3324, 4421, 1772, 2824
23, 2521, 3924, 4161, 4867, 352, 1055, 3821, 368, 2020, 3275, 4989, 601, 654, 3620, 909, 886, 2062
1690, 590, 3783, 4626, 573, 2033, 3252, 3419, 4642, 2821, 3306, 2263, 938, 2136, 2021, 1441, 1190, 2379, 3271, 2313
24, 4055, 4081, 4680, 2787, 147, 2170, 3633, 3919, 4719, 281, 3135, 467, 1013, 2100, 856, 2650, 932, 1684, 1944
1614, 257, 1807, 3152, 3512, 4232, 452, 884, 663, 2425
25, 224, 3954, 4539, 4817, 4544, 3516, 117, 127, 1554, 1595, 2085, 2350, 4668, 144, 1606, 2039, 1324, 2922, 242, 3389, 4833, 1226, 3041, 365, 4365, 583, 680, 2623, 3887, 1320, 1716, 2994, 3571, 1681, 3476, 2812, 2493, 3684, 3496
2468, 3959, 2326, 1667, 1403, 374, 2989, 3598, 1301, 3740, 1334, 2998, 1666
2839, 4269, 1939, 2198, 4502, 3601, 3636, 4242, 4166, 3729, 1014, 372, 232, 3290, 4444, 4710, 2475, 1738, 2249, 1654, 3972, 500, 4841, 855, 2745, 1542, 1296, 3171, 3501, 4814, 1756, 3081, 1847, 1679, 3250, 2762
3427, 2123, 277, 3677, 4748, 2825, 340, 1622, 4235, 4557, 537, 1024, 2809, 3495, 3953, 1185, 1148, 3508, 1505
3438, 4802, 149, 3708, 4690, 4721, 3485, 4322, 1074, 4064, 1084, 3451, 2846
4208, 738, 4701, 4243, 211, 2080, 2297, 3680, 4341, 4474, 4699, 3971, 1242, 479, 3738, 4781, 531, 496, 1068, 3104, 4618, 2186, 3559, 910, 1994, 4212, 4726, 801, 3560, 3930, 4209, 875, 3297, 2554, 2331, 3507, 1487, 3463, 4052, 1977, 1336, 2774, 2778, 2374, 4452, 1896, 3164, 1957, 2181, 4343
27, 2169, 2408, 3175, 4047, 104, 2911, 3498, 845, 986
170, 142, 3199, 3973, 4230, 4422, 1904, 2006, 3813, 217, 2318, 3144, 549, 4574, 1040, 3661, 2270, 2138
944, 4923, 4526, 1127, 1573, 4619, 4816, 3444, 3836, 4666, 1281, 2946, 593, 2088, 2503, 4820, 3551, 3288, 3500, 3700, 2399, 1872, 1065, 1600, 1500, 4694, 1886, 2393, 1314, 1411, 2561, 4370, 3820, 3742
1302, 4552, 3649, 4137, 310, 1291, 2637, 3112, 381, 3013, 1330, 520, 2428, 3623, 804, 4506, 825, 1735, 829, 2740, 3692, 2718, 1465, 1719
3157, 4604, 67, 3608, 3638, 3691, 4926, 4951, 2081, 363, 2656, 4764, 3051, 607, 2112, 2807, 2813, 1290, 763, 1026, 4597, 2796, 2669
31, 3793, 3865, 3979, 3882, 181, 1695, 3371, 4400, 1556, 610, 3481, 894, 1131, 2595, 945, 1452, 1269
3286, 71, 2505, 3453, 1220, 2586, 735, 523, 1112, 2619, 4174, 1937, 786, 2449, 3301, 1632, 1151, 2239, 3480
4292, 3231, 302, 684, 2708, 3504, 421, 472, 2466, 455, 2581, 2926, 3174, 3398, 3851, 622, 1518, 3304, 3022, 2559, 2109, 1751, 2549, 3863, 1656, 2477, 3244, 2777, 2334, 2594
32, 4251, 4456, 4776, 3406, 146, 2220, 2871, 2380, 234, 2095, 4853, 666, 2622, 576, 1223, 3228, 766, 1370, 4214, 4530, 4672, 671, 1703, 2311, 3651, 1248, 2566, 1455, 2069, 1854
812, 2791, 4494, 168, 3699, 4629, 4875, 2770, 4350, 2987, 4709, 497, 4735, 4756, 3921, 653, 3107, 4374, 1623, 4077, 4786, 904, 3133, 4227, 2945, 1895
4317, 556, 4281, 1722, 4807, 1186, 1017, 4898, 1109, 3449, 4141, 4315, 4723, 3784, 1668, 2641, 2251
1003, 57, 91, 4008, 4946, 1437, 2125, 2490, 182, 2173, 3393, 4072, 4948, 570, 3349, 3652, 486, 1493, 2145, 3733, 739, 4417, 4588, 3266, 673, 2729, 1801, 693, 1984, 4790, 4861, 4891, 872, 1525, 3885, 1588, 1150, 1975, 1993, 1355, 3211, 3852, 1570, 4454, 2832, 2288
2335, 77, 2722, 4638, 4980, 216, 2091, 2512, 4471, 4670, 236, 874, 3101, 327, 1428, 4675, 2224, 441, 662, 2500, 1372, 4187, 3789, 4659, 2820, 752, 3456, 1090, 3115, 1350, 2396, 4863, 4339
4257, 101, 2189, 2628, 4681, 3347, 992, 151, 4037, 4517, 3141, 575, 3484, 1568, 3151
395, 3339, 2354, 93, 171, 4260, 4716, 1607, 3277, 1802, 2268, 3792, 4352, 2117, 2144, 425, 1139, 4109, 4183, 466, 3554, 2044, 2575, 640, 4254, 757, 1566, 4278, 3094, 877, 865, 1307, 4918, 873, 4035, 2083, 1031, 1524, 2015, 2147, 3917, 1175, 3828, 1543, 2108, 1780, 1902, 3350
3650, 158, 285, 734, 4179, 4743, 195, 1322, 3015, 4936, 202, 410, 4143, 4706, 2941, 258, 1682, 3543, 2420, 345, 3140, 3848, 4112, 3461, 2250, 3006, 713, 2093, 2356, 2901, 4090, 864, 1136, 3956, 2183, 1931, 2386, 2074, 4396, 2269, 1377, 1592, 2166, 2822, 3205, 2642, 2702, 3180, 3069
3757, 4206, 4844, 1197, 1066, 272, 979, 3618, 4459, 4746, 3318, 1860, 4656, 784, 4497, 4217, 744, 3676, 4906, 3791, 792, 4313, 1195, 3502, 2409, 1229, 2608, 2542, 1676, 1848, 2949, 4797
559, 2188, 4687, 4058, 265, 2243, 4038, 4894, 3018, 3483, 817, 2232, 1821, 987, 2996, 1712, 2216
3268, 4976, 460, 871, 1859, 3012, 540, 3102, 4551, 3520, 2135, 566, 1824, 4900, 2005, 1490, 3861, 1339, 1409, 4019, 2766
3934, 43, 3394, 4516, 4581, 975, 4432, 3025, 1096, 606, 247, 317, 1662, 4190, 4727, 3942, 3281, 3599, 2831, 1795, 3833, 3923, 950, 4022, 415, 2517, 4018, 1381, 2150, 4909, 1861, 1201, 2611, 3007, 1797, 4555, 1308, 1361, 3251, 1929, 2776, 3877, 4036, 2277, 2670
36, 1540, 1916, 2603, 2816, 163, 1348, 3249, 3751, 316
37, 722, 1970, 1987, 3332, 4331, 582, 1075, 1873, 2105, 2564, 2122
4393, 4220, 2906, 1444, 175, 915, 4131, 4271, 264, 1810, 2529, 3196, 4641, 511, 303, 791, 808, 305, 1389, 4144, 4954, 3475, 308, 3801, 4804, 348, 2002, 3016, 405, 805, 407, 1158, 2779, 3309, 440, 3524, 4824, 4941, 760, 3088, 2654, 3912, 1027, 2258, 1770, 2312, 2174, 1659, 2347, 2765
4066, 82, 4340, 4437, 4831, 3099, 2537, 4798, 682, 1663, 3658, 3810, 4025, 694, 3977, 2426, 815, 4145, 2290, 1887, 3130
39, 1605, 3216, 3388, 3568, 46, 3609, 4523, 4871, 4856, 63, 2303, 3561, 4014, 355, 4921, 3468, 3024, 3667, 2690, 2974, 516, 1884, 2939, 3190, 4819, 1555, 602, 4267, 4478, 670, 2674, 2763, 1271, 4115, 988, 2533, 993, 3061, 1005, 2206, 2445, 1041, 1743, 1521, 1285, 2390, 2676
1359, 4938, 4188, 4549, 2276, 3420, 2799, 378, 1978, 3705, 4273, 4671, 495, 4999, 538, 3968, 3982, 3158, 3186, 3854, 4079, 1083, 1318, 3763, 2724, 2319, 1714, 2029, 1724, 3325, 4780, 3403, 2370
40, 1188, 1473, 1696, 4290, 2160, 2028, 102, 2022, 2899, 3086, 4264, 4364, 136, 742, 2565, 2958, 326, 172, 2151, 2738, 3674, 290, 2971, 4229, 4925, 3790, 1869, 4391, 535, 3796, 1209, 616, 1393, 746, 755, 4102, 4688, 3313, 1816, 1863, 2292
1279, 1478, 3460, 4935, 2571, 4274, 193, 274, 3583, 4420, 4657, 3943, 210, 1103, 1954, 241, 770, 3272, 851, 1133, 4098, 1653, 382, 3261, 4466, 918, 3596, 1205, 810, 4462, 4406, 1631, 1059, 4328, 1762, 2909, 1433, 1466
2507, 2921, 3474, 359, 3883, 4096, 4027, 3952, 712, 230, 408, 639, 4136, 4729, 3688, 1456, 514, 1056, 1537, 2692, 385, 4312, 3798, 4997, 507, 2847, 3894, 4482, 3322, 4314, 4360, 2544, 4669, 3478, 2638, 765, 819, 2068, 1011, 1063, 4084, 1080, 1761, 2245, 2483, 3380, 2264, 2451
3070, 4961, 78, 3685, 4195, 4907, 3768, 3896, 228, 2208, 3422, 2372, 4369, 2551, 3077, 2337, 591, 3611, 4439, 1164, 913, 1966, 3311, 3711, 4457, 1038, 1170, 3909, 2378, 1212, 2463, 2802, 1626, 1637, 3020, 3125
42, 3569, 4048, 4445, 4500, 1430, 2683, 627, 3707, 2986, 1156
1410, 2896, 87, 3235, 3870, 4915, 4730, 3364, 4640, 2684, 2219, 921, 1829, 3888, 4451, 4792, 3899, 2590, 3486, 1677, 1742, 2266
2392, 4283, 778, 2709, 3981, 276, 235, 565, 1434, 3969, 1192, 494, 4193, 4956, 321, 2857, 3465, 399, 4636, 578, 691, 4585, 4683, 2631, 2630, 1536, 934, 2731, 4711, 2632, 1630, 1947, 1995
44, 4404, 4600, 4678, 3864, 135, 1579, 2972, 4389, 560, 3567, 2231, 291, 2733, 3814, 4033, 4063, 4094, 3946, 2599, 2273, 567, 2981, 588, 2645, 3066, 723, 3097, 3437, 4152, 1955, 3466, 1093, 2430, 4413, 4236, 3413
2299, 1665, 131, 528, 3418, 4514, 4940, 198, 2526, 3307, 3348, 3725, 1069, 1153, 1936, 2751, 446, 983, 2382, 4088, 1924, 599, 1419, 3439, 931, 3509, 631, 4132, 678, 4286, 3846, 800, 1304, 4772, 1233, 1692, 1611, 2675, 1660, 1425, 1778, 3034, 3353
3248, 3718, 319, 1541, 3001, 3648, 4003, 388, 2202, 4310, 4902, 1907, 619, 764, 3356, 661, 2158, 3503, 1015, 2833, 3806, 1147, 1388, 3580
45, 3089, 3795, 4150, 1101, 2850, 3192, 1745, 1467, 2701, 2535
2155, 4368, 4972, 84, 246, 827, 2855, 3849, 2633, 3390, 3494, 3804, 4091, 4367, 4676, 2162, 4101, 3759, 487, 4049, 508, 1459, 3869, 510, 3616, 3720, 3146, 1927, 2437, 3368, 935, 1025, 2371, 1783, 989, 4327, 3122, 1037, 4345, 1257, 1391, 2221, 2040, 1836, 2282
4436, 1649, 167, 3226, 3584, 4329, 4528, 4805, 4591, 3488, 266, 2518, 4116, 296, 513, 1306, 4379, 612, 1774, 2322, 1358, 2342, 1553, 2519, 2596, 3467, 3556, 1648, 3409, 2248
47, 2912, 4336, 4624, 180, 1918, 3386, 209, 2286, 3939, 4983, 4288, 284, 4485, 4546, 4916, 3941, 898, 3637, 2179, 962, 1551, 985, 2012, 1366, 3858
3143, 618, 4469, 4486, 231, 2412, 3210, 4888, 400, 2387, 4811, 437, 2101, 2323, 543, 2366, 4114, 1167, 967, 1009, 1132
49, 809, 2910, 4075, 4537, 1691, 4024, 2000, 942, 2861, 2758
50, 249, 895, 2104, 4316, 68, 238, 756, 2977, 3114, 86, 1160, 2649, 4262, 2730, 1023, 4182, 3717, 313, 1839, 4985, 3694, 4020, 2031, 846, 946, 2058, 1826, 1211, 2940, 1683
465, 123, 1298, 3436, 4039, 4813, 3908, 2436, 686, 617, 844, 4627, 3607, 3312, 3445, 3203
52, 1534, 2736, 3193, 4185, 519, 178, 227, 292, 3253, 4203, 1044, 254, 3028, 3660, 4011, 3048, 1670, 2541, 2735, 3825, 4872, 2114, 3739, 3735, 4837, 568, 1099, 3400, 4592, 2025, 3326, 943, 3360, 3987, 965, 2293, 2652, 1581, 2515, 4196, 1053, 1371, 2661, 1402, 2634, 3892, 2714
719, 471, 99, 1046, 1427, 3900, 4125, 3517, 267, 2184, 2991, 418, 1717, 3163, 3928, 2717, 1051, 1567, 1952
53, 3105, 3610, 3832, 3893, 75, 2687, 4419, 4533, 4628, 95, 353, 1820, 2368, 377, 776, 3902, 4200, 4440, 444, 481, 3786, 4395, 2756, 2849, 587, 1635, 2225, 928, 2457, 4207, 1678, 1261, 940, 4167
4749, 1513, 2474, 3585, 1496, 4661, 1129, 356, 3039, 4178, 4800, 384, 969, 1346, 1963, 429, 4007, 2295, 4593, 705, 866, 706, 4633, 4732, 1432, 3440, 4782, 1593, 3604, 3072, 1297, 1368, 2027, 1385, 4901, 1485, 4163, 2870, 2148, 2506
539, 1312, 489, 2818, 3576, 4154, 920, 3408, 3808, 2783, 1511
4751, 66, 126, 2230, 3995, 118, 605, 2459, 4464, 120, 3373, 4684, 4762, 2450, 1953, 1711, 412, 3346, 3867, 4493, 4042, 461, 695, 2365, 3217, 4021, 3514, 1688, 717, 3376, 4826, 869, 4929, 981, 2296, 1104, 2427, 1142, 2255, 2346, 1417, 2377, 4013, 1474
2161, 59, 2187, 3518, 4224, 4945, 459, 1787, 2197, 4333, 859, 1591, 3042
4994, 4324, 4173, 4338, 3198, 1765, 806, 868, 2050, 3224, 3777, 1345, 1763, 3646, 3354, 2139, 1328, 2851, 1960
58, 4222, 4259, 4441, 4700, 107, 1058, 1789, 3770, 436, 2462, 1064, 2891, 2976, 4302, 675, 953, 2612, 2843, 3073, 1365, 995, 3873, 2301, 911, 2789, 2111, 2176, 3351
3779, 1949, 3173, 150, 506, 3046, 4739, 2097, 4899, 4560, 3511, 2591, 1277, 1310, 1052, 4162, 1181, 2032, 4184, 1700, 3673, 4405, 1744, 2383
3904, 1378, 3528, 842, 1857, 3526, 2362, 1232, 1672, 1798
3201, 580, 1897, 2259, 2261, 2990, 916, 1145, 2007, 1072, 2617
3558, 4120, 3505, 1811, 244, 4295, 4952, 4981, 307, 3168, 4890, 334, 1477, 2830, 4484, 633, 1494, 1825, 4270, 1533, 1906, 2076
64, 1384, 1468, 2157, 4296, 2253, 3352, 2353, 4309, 3857, 2887, 4272, 3117, 2404, 4504, 2819, 4575, 3776, 404, 1333, 4579, 469, 4473, 4046, 1913, 907, 970, 2957, 3782, 1001, 1935, 4110, 4356, 4737, 3548, 2316, 1284, 4061, 2584, 1603, 2211, 1768, 3331, 2453, 2324, 4605
830, 2233, 807, 772, 4041, 4087, 4219, 2458, 3838, 996
65, 1123, 2373, 4330, 4788, 1489, 2424, 1577, 3063, 3787, 3497, 1729
2894, 2133, 222, 4720, 4753, 2300, 899, 4808, 3966, 1228, 4715, 1469, 2834
4995, 4034, 3499, 2274, 2978, 4934, 2643, 490, 2284, 3565, 4165, 1710, 584, 3337, 3547, 3991, 762, 3819, 4630, 4931, 2285, 4978, 926, 4156, 4702, 2610, 3799, 4603, 1484, 1565, 4082, 3614, 3754, 3527, 2805, 4777, 2513, 3065
69, 1664, 1877, 3575, 4372, 1584, 1526, 2597, 3874, 1641
1550, 256, 197, 1415, 2555, 4686, 545, 3079, 4211, 1216, 2072, 4799, 1813, 1183, 1221
4930, 2026, 279, 1919, 4213, 4498, 3538, 840, 2660, 4408, 4962, 4057, 4169, 1423, 2585, 2073, 2808, 3723, 2614, 4511
70, 2658, 4754, 4812, 129, 3033, 3091, 4649, 1460, 4970, 796, 3980, 2339, 3040, 2278, 758, 4387, 3464, 2215, 4623, 1412, 1651, 3341, 3701, 1380, 1609, 3428, 3766, 1463, 2546, 2920, 3586
4536, 2588, 259, 128, 464, 3395, 4128, 4741, 153, 1317, 1687, 3410, 4968, 2394, 818, 1539, 4731, 1629, 2868, 493, 4510, 1407, 1118, 1315
4953, 79, 1853, 1942, 2385, 4806, 4752, 233, 1171, 4975, 1814, 295, 1538, 3075, 315, 454, 1992, 3612, 4155, 3358, 947, 3397, 1256, 3385
1111, 204, 2037, 4108, 4584, 4992, 4044, 5000, 1121, 4601, 822, 3412, 1141, 1693, 1495
72, 2423, 2636, 4425, 4491, 98, 826, 1515, 3110, 4895, 2867, 2485, 4438, 4403, 4677, 870, 2298, 4353, 3715, 2693, 2970, 3242
3662, 1749, 194, 1885, 2931, 4758, 4913, 335, 2118, 3155, 4076, 4293, 1675, 4795, 427, 773, 3843, 492, 655, 1760, 4614, 4284, 550, 4587, 603, 1888, 1406, 716, 731, 1369, 2947, 852, 1852, 1081, 811, 2563, 861, 2439, 1599, 2240, 1488, 2280, 3343, 1796, 2471, 2703, 2247
4573, 169, 1439, 3257, 3336, 702, 396, 2171, 3823, 1224, 2784, 3454, 3305
76, 2235, 3150, 4133, 4885, 4176, 628, 2572, 4117, 4347, 3087, 3866, 2402, 4186, 1793, 2306, 4266, 1029, 2305, 3767, 4069, 2804, 1911, 3724
3950, 184, 1865, 3247, 4589, 2681, 432, 3529, 3951, 3985, 3147, 1828, 816, 2897, 954, 1404
81, 1528, 2716, 3363, 4535, 2308, 2367, 2460, 4255, 271, 2238, 2710, 4099, 1971, 597, 4067, 4204, 1130, 4123, 4842, 1146, 1244, 4045, 1335, 2207, 1997, 1850
1642, 4950, 4246, 3220, 431, 3927, 974, 585, 3300, 2508, 3374, 3736, 2167, 2036, 3781
4032, 1032, 517, 2877, 3644, 4074, 4651, 668, 2047, 1549, 798, 2835, 2376, 4299, 1309
4490, 1962, 1922, 557, 3083, 137, 1379, 4566, 176, 1503, 3169, 4760, 196, 2375, 3617, 4431, 245, 1636, 3639, 3809, 515, 1882, 2863, 2580, 683, 2132, 4843, 4416, 2908, 900, 4376, 2923, 3038
83, 2087, 4512, 4986, 3535, 878, 4877, 3202, 342, 4307, 4616, 4974, 2647, 2607, 4519, 4810, 3435, 4279, 813, 1491, 3797, 1107, 2289, 4373, 3232, 2061, 1420, 3260, 1475, 3876, 2527
3167, 4761, 1182, 3285, 893, 2349, 3632, 4643, 1140, 961, 3815, 2127, 1999, 3722, 1575
85, 1866, 2360, 3383, 3984, 1855, 443, 3621, 4609, 858, 3137, 4468, 1547, 2190, 2016
1294, 4455, 3932, 260, 3121, 1758, 2267, 2543, 2929, 1426, 2689, 2019
88, 1843, 2491, 4582, 4775, 165, 1241, 3689, 4955, 3223, 4248, 2651, 2059, 3630, 3284, 4119, 4138, 4548, 1616, 4386, 3737, 3416, 3949, 4010, 2078, 1094, 959, 1723, 2719, 3131, 4524, 1640, 3530, 2355, 3282, 2969, 2043, 2107, 3880, 2217
420, 1507, 320, 2056, 2443, 4159, 3074, 4140, 1941, 1520
4919, 2582, 3245, 322, 1237, 2558, 4065, 4667, 4083, 1270, 541, 3120, 3670, 551, 1002, 2900, 2943, 2210, 698, 2954, 998, 4967, 1442, 1645, 4029, 1405, 1199, 2950, 2879, 3369, 2048, 2629
4854, 3744, 298, 667, 3756, 442, 1266, 3289, 491, 2467, 1087, 1838
3936, 113, 2175, 4192, 4458, 4784, 4550, 2038, 4801, 936, 4107, 397, 4168, 4542, 4979, 3872, 2330, 692, 3208, 3361, 3521, 3432, 4829, 2065, 1639, 1079, 1286, 1531, 3269, 1908, 3045, 3702
3752, 4990, 1479, 398, 2119, 2398, 2499, 3624, 3482, 1545, 2052, 4012, 2291, 2886
103, 3292, 3399, 4276, 213, 1928, 2713, 2768, 3111, 2163, 4051, 3961, 681, 1010, 3027, 3059, 2893, 905, 3986, 2153, 2930, 3023, 1910, 2054, 2049, 2904
4822, 3681, 347, 2156, 3299, 4650, 630, 4734, 521, 4767, 1557, 4428, 4787, 4886, 3179, 2472, 660, 3803, 4835, 2803, 754, 3323, 2915, 1259, 4415, 1597
3487, 4590, 148, 728, 3562, 3947, 3996, 484, 448, 4129, 4571, 4527, 3671, 3910, 885, 2328
3564, 1470, 4879, 3710, 226, 700, 4499, 4515, 323, 1891, 1996, 2134, 422, 768, 4231, 433, 2865, 2351, 999, 1034, 3302, 648, 1779, 1587, 2806, 1804, 4637, 1042, 1702, 3106, 3537, 2004, 2180
106, 3415, 3698, 3743, 4943, 130, 2671, 2985, 3092, 190, 1870, 2860, 4355, 799, 553, 665, 4124, 727, 2640, 3553, 948, 3800, 2853, 2194
4275, 161, 3181, 4851, 4958, 1958, 4448, 955, 743, 2697, 3204, 803, 2694, 3938, 4078, 883, 1844, 2034, 2413, 4226, 3826
110, 1686, 4009, 4277, 4937, 850, 527, 652, 1408, 1522, 1249, 1292, 1845
4778, 115, 2229, 3679, 4375, 243, 814, 3889, 4160, 1443, 901, 3613, 1021, 1612, 3392, 1596, 2869
4905, 687, 2988, 4654, 1481, 1280, 1386, 892, 4984, 1035, 1054, 1274, 1289, 3183
1880, 121, 1972, 3970, 4840, 2997, 4479, 1252, 586, 1921, 4693, 589, 4095, 775, 3448, 3126, 2309
3054, 4794, 4122, 4390, 4525, 963, 3994, 4740, 1618, 1741, 3118, 2415
2357, 156, 2764, 4157, 4565, 3626, 3314, 362, 3622, 3753, 4378, 389, 1067, 4218, 4280, 3764, 2473, 641, 2327, 672, 1883, 3693, 4647, 3320, 1532, 1105, 1604, 3879, 1114, 1965, 1219, 1316, 3929, 4430, 1509, 1799
1311, 1004, 2400, 600, 2627, 4252, 4696, 704, 1764, 1998, 794, 3176, 2928, 1794
132, 1718, 2772, 4017, 4487, 544, 1961, 2895, 2935, 1206
3014, 4818, 3948, 976, 4304, 4429, 1327, 2539, 2084, 2898, 3590, 2742, 2199
4130, 191, 325, 1552, 3837, 2540, 1250, 1363, 350, 4149, 4410, 375, 3148, 3469, 522, 3862, 2883, 925, 2422, 1627, 1734
273, 154, 1633, 2567, 2795, 3142, 3582, 337, 1968, 3958, 4449, 318, 1124, 1159, 3732, 927, 1834, 2317, 542, 1619, 1803, 2732
139, 1278, 3078, 4917, 4998, 457, 3411, 406, 1835, 4564, 4964, 2120, 4325, 1331, 3321, 1805, 890, 1196, 1956
3546, 4966, 3241, 1602, 677, 3572, 3026, 1173, 3726, 4383, 1323, 3283, 4388
2041, 160, 3549, 4409, 333, 3663, 3918, 4472, 4070, 1720, 879, 1530, 2465
1709, 1578, 532, 289, 4197, 4240, 4736, 4846, 409, 3762, 4543, 554, 1395, 2254, 3098, 902, 1574
4237, 3197, 2854, 4245, 572, 1022, 1128, 747, 1504, 4199, 1697, 4377, 1875, 2294
1077, 2177, 930, 2511, 3340, 4714, 4889, 3827, 2361, 4825, 1213, 1808, 1251, 2678, 3017, 2403, 1447, 2201, 1730, 2711, 2720, 3262
183, 1390, 1864, 2405, 4489, 403, 2338, 426, 2593, 3359, 526
1039, 2903, 833, 3161, 4181, 4249, 4718, 896, 924, 1313, 1070, 1791
186, 2696, 2826, 2925, 4876, 215, 3441, 3805, 4026, 4745, 221, 699, 2302, 4172, 3761, 2852, 1234, 3712, 2115, 1293, 1508, 2786, 1746
188, 2442, 3239, 3989, 3296, 505, 1969, 2010, 4366, 4848, 637, 2686, 3983, 823, 3830, 1276, 3384, 1300, 2509, 3423
2927, 4685, 1516, 475, 4645, 4653, 4910, 709, 3047, 3536, 750, 1000, 4771, 3255, 4305, 3109, 1332, 3903, 1608, 4697, 2260
4300, 1247, 1016, 552, 3713, 428, 3606, 3898, 458, 482, 2665, 3280, 558, 1194, 847, 1750
2501, 1914, 2143, 4362, 1446, 1976, 3654, 1571, 2827, 1689, 2315
1398, 724, 571, 929, 1210, 2237, 4529, 721, 1258, 1909, 2432, 3085, 788, 2492, 2560, 1155
239, 3127, 3276, 4411, 2502, 2482, 2574, 3187, 1739, 2489, 2548, 3775
2613, 3594, 4770, 2880, 1356, 2152, 4692, 906, 2691, 2583, 1457, 4223, 1462, 2017, 3162
4789, 251, 832, 3064, 4791, 306, 474, 994, 779, 3234, 2516, 1305
248, 2246, 4097, 4401, 2321, 774, 1203, 1482, 1544, 1321
369, 2447, 2933, 2962, 4297, 3319, 715, 2035, 2090, 3811
1699, 1149, 3602, 509, 1071, 2193, 2530, 3330, 2655, 2618, 2769, 2364
4450, 1387, 328, 1299, 4265, 4869, 1951, 888, 3303, 4068, 1047, 1572, 2878, 1421
3459, 3993, 4146, 679, 782, 2345, 708, 1625, 2494, 3615, 4947, 1342, 3055, 2685, 2979
3678, 3853, 2984, 854, 3446, 3563, 1089, 1704, 3442, 1376
3523, 3053, 4354, 646, 4016, 3515, 2538, 1214, 1831, 2165, 1222, 4522, 3655
304, 1638, 2983, 3417, 1736, 1871, 821, 1586, 1610, 4705, 966, 3975, 4496, 1901, 2773
1337, 339, 2737, 2814, 376, 1354, 1842, 4000, 4635, 456, 485, 1548, 2110
3911, 4852, 1776, 841, 3159, 4783, 3009, 4541, 4180, 3634, 1615, 3747, 2164
3890, 4568, 785, 1340, 3489, 787, 3645, 3664, 4594, 795, 3029, 1357, 1492
394, 2479, 2715, 3050, 3362, 1867, 555, 598, 2272, 876
2932, 2064, 1174, 4679, 2666, 897, 1303, 4103, 4540, 1231, 2663, 2018, 2917, 1449, 2604, 1464
