1, 4748, 4036, 1734, 4579, 3989, 4188, 997, 2508, 4647, 3978, 1294, 2575, 3383, 682, 882, 3646, 4975, 4953, 3441, 1040, 2999, 2160, 1425, 1433, 3050, 3560, 4305, 3270
1161, 4998, 113, 1145, 4222, 2057, 1162, 316, 4749, 617, 3146, 1428, 2809, 3336, 3625, 4916, 4964, 1830, 1648, 2814
1603, 2674, 2710, 3961, 3530, 1304, 1561, 3606, 1409, 2709, 4105, 1322, 1553, 1680
3635, 4, 3803, 4779, 6, 1995, 2003, 2116, 3948, 800, 4077, 117, 1374, 4759, 905, 160, 3326, 4745, 4908, 3632, 3716, 201, 3253, 296, 304, 4703, 4575, 2083, 3262, 4707, 448, 1832, 463, 4136, 505, 909, 2874, 3940, 1525, 565, 2298, 3913, 1396, 2129, 2679, 1867, 1351, 1883, 3303, 2828, 1731, 2267, 2514
2, 2697, 2939, 4663, 106, 2022, 2380, 2884, 1112, 4030, 4014, 2401, 3497, 4556, 3577, 3980, 2766
1191, 26, 3422, 4068, 4907, 3281, 153, 1935, 4986, 4640, 4974, 4162, 2870, 574, 1031, 4184, 4837, 4593, 3188, 4641, 1024, 799, 1037, 1547, 2266, 2202, 1165, 2049, 2454, 1555, 1480, 2234, 1716, 2899, 2253
3855, 3306, 3415, 341, 2861, 4352, 3495, 3629, 1328, 194, 3869, 4326, 200, 1696, 245, 2418, 4461, 3564, 317, 504, 2556, 2617, 4738, 382, 3938, 4997, 4724, 594, 1971, 3251, 4317, 665, 2174, 2747, 1575, 4858, 2319, 3428, 4175, 1631, 1246, 2907, 4085, 3970, 1729, 1623, 3094, 4099, 2017
4753, 27, 2092, 3954, 556, 66, 1002, 3423, 4422, 3176, 1349, 4727, 109, 4428, 1791, 1144, 226, 1100, 3227, 4920, 2479, 4362, 3034, 4782, 359, 2849, 3973, 4550, 2727, 3092, 1682, 3659, 4180, 3035, 4818, 718, 1730, 3100, 729, 3722, 2297, 1010, 3298, 1340, 2426, 1356, 3394, 1702, 3319, 2783, 2377, 2528, 2013, 3015, 3800, 3313
3, 3700, 4410, 61, 2112, 3232, 2587, 1224, 4296, 1329, 2076
3473, 2460, 3681
3639, 4976, 3416, 240, 822, 1964, 4182, 1195, 4346, 1645, 445, 2142, 2295, 4899, 557, 2596, 3535, 842, 2515, 3202, 979, 2746, 1811
4324, 2173, 4947, 3096, 4398, 3735, 1175, 2941, 1379, 3411, 1577, 1468, 1926, 1608, 2985
4869, 3933, 60, 2134, 3211, 4079, 3640, 2761, 3238, 4013, 3862, 399, 2912, 407, 1859, 2800, 1504, 479, 3330, 3534, 495, 3685, 498, 1389, 2312, 2140, 3007, 706, 757, 836, 921, 2744, 1650, 4730, 1685, 2082, 4485
1954, 3950, 4080, 425, 3430, 69, 667, 3484, 3455, 93, 2010, 3057, 1871, 2565, 1437, 1043, 4586, 1415, 4660, 484, 2172, 4435, 716, 780, 625, 2153, 4097, 725, 3605, 1706, 1026, 2434, 1268, 2195, 4691, 1382
4443, 32, 190, 1284, 2579, 848, 4066, 986, 3602, 4479, 257, 832, 357, 4191, 364, 673, 1649, 2307, 1008, 2004, 752, 4644
4718, 1617, 730, 2237, 12, 2235, 2443, 2988, 4948, 15, 4754, 4846, 1727, 4054, 37, 3885, 4946, 1722, 4154, 4070, 1847, 3953, 91, 2096, 636, 3239, 858, 119, 1141, 1641, 185, 4145, 4672, 3562, 649, 2706, 1638, 3078, 1079, 1980, 4336, 3378, 393, 2621, 3087, 3607, 2147, 1118, 414, 2277, 452, 1756, 1893, 472, 3740, 3814, 3354, 2518, 492, 4972, 530, 2093, 2355, 569, 4788, 4736, 2169, 3105, 972, 2220, 784, 4141, 732, 733, 739, 4215, 1169, 767, 1431, 2000, 4008, 3633, 798, 867, 1308, 813, 2268, 3208, 3932, 878, 2735, 3346, 883, 1155, 2313, 990, 4297, 3377, 4890, 1109, 1913, 1142, 2751, 4231, 3709, 3182, 1279, 1311, 2969, 1361, 2078, 1386, 2591, 2688, 2520, 2286, 2769, 3043, 2862, 2399, 1997, 1698, 2229, 3952, 4170, 3180
5, 4225, 4733, 4872, 3840, 3167, 424, 1457, 1017, 3747, 1929, 1671
136, 4836, 3723, 4240, 4268, 3649, 1039, 545, 2198, 4347, 592, 2180, 593, 3440, 781, 3189
615, 3117, 494, 2723, 2930, 4493, 601, 3968, 4168, 3012
4915, 4341, 337, 1046, 4596, 3789, 336, 3067, 2230, 4549, 3653, 348, 3305, 392, 924, 4304, 417, 3257, 4892, 1336, 3491, 933, 1113, 1229, 1150, 1256, 1503, 1732, 1889
253, 7, 4838, 4049, 3964, 1526, 43, 4474, 4524, 4533, 51, 1348, 3729, 2820, 700, 68, 278, 1378, 2794, 2835, 73, 4060, 223, 144, 4469, 4831, 4577, 3508, 2104, 775, 211, 3563, 3937, 2089, 4111, 3064, 3654, 3314, 639, 246, 2496, 1096, 2080, 265, 956, 4139, 288, 275, 299, 283, 3608, 4315, 602, 3888, 2012, 654, 333, 2287, 3014, 1611, 2982, 3295, 3111, 405, 4790, 2463, 3095, 2875, 3569, 748, 466, 1009, 3687, 488, 3476, 4350, 510, 1406, 3475, 3731, 678, 4871, 605, 1942, 2691, 2279, 3163, 1697, 3472, 3309, 3406, 2322, 3528, 751, 1075, 1574, 1140, 3519, 851, 2972, 870, 3927, 2523, 4300, 1015, 2318, 1068, 1085, 1323, 2302, 3860, 4045, 2795, 1232, 1695, 1332, 3689, 4449, 1823, 1446, 1467, 1550, 2572, 2669, 1988, 2802, 3070, 2376
467, 1584, 2778, 1979, 282, 3877, 4203, 4991, 309, 1275, 3710, 427, 3217, 4434, 2016
4999, 4051, 4426, 2559, 3201, 4343, 2524, 2643, 1663, 3881, 3536, 2498, 1768, 4678, 1123, 4538, 4059, 4159, 743, 4037, 923, 3691, 3469, 1048, 3177, 2664, 2922, 3817, 1465, 1492, 2069, 2021, 3520, 4938
3543, 4257, 3418, 249, 3601, 4157, 4232, 3301, 4841, 285, 529, 2564, 4767, 3039, 634, 589, 4516, 413, 1051, 3721, 468, 2062, 2898, 4031, 2873, 4249, 2913, 2200, 709, 722, 914, 3144, 2549, 2036, 869, 3358, 962, 1933, 1148, 1779, 3220, 3482
3916, 260, 1240, 2546, 95, 1903, 2557, 4404, 3181, 4420, 3185, 450, 1054, 2690, 1459, 1558
8, 3690, 4325, 865, 2586, 2449, 1589, 1747, 232, 1741, 3321, 3366, 362, 4116, 4236, 1012, 3124, 3425, 676, 3104, 4018, 1524, 3091, 3529, 3942, 790, 2403, 801, 1514, 2881, 2703, 3894, 3618, 4223, 3696, 2914, 2466, 2097
735, 2716, 3451, 123, 3006, 4739, 4954, 4941, 156, 2911, 2944, 4823, 2593, 1973, 4029, 4069, 276, 3820, 335, 1892, 4789, 3995, 2797, 1560, 2337, 1028, 2812, 662, 2686, 2755, 683, 2964, 3843, 714, 3779, 4331, 745, 746, 3344, 3242, 944, 1167, 2758, 969, 2168, 1032, 1343, 1966
2947, 4876, 1059, 4313, 3079, 3797, 4531, 314, 2562, 3929, 4418, 4979, 330, 1876, 3375, 3983, 4437, 4800, 1946, 1951, 4446, 4135, 1066, 1894, 1083, 3093, 2511, 1214, 2856, 3846, 2589, 1794, 1808, 2633, 3922
9, 3088, 4629, 2029, 3795, 640, 2793, 1146, 4405, 1192, 1634
3016, 4662, 519, 670, 1383, 4863, 3833, 2787, 2832, 3931, 2397, 372, 1940, 322, 3196, 338, 2925, 3549, 1030, 476, 2152, 4942, 517, 1591, 4120, 4827, 3702, 4879, 3956, 1899, 1784, 1668, 1129, 2552, 2321, 1562, 1754
3345, 4742, 19, 4878, 2424, 4344, 1579, 3248, 308, 1799, 2088, 3055, 1097, 1185, 2796, 663, 2980, 3959, 4073, 1333, 2850, 3585, 1630, 4476, 1607, 900, 1512, 2888, 4283, 2358, 3409, 3127, 2895, 2743, 2164, 2330
4265, 3118, 1576, 428, 3011, 512, 195, 3706, 4074, 4535, 294, 4567, 970, 3903, 1646, 3544, 4176, 1521, 2423, 3657, 650, 689, 726, 3540, 3660, 3421, 2034, 2693, 4503, 4197
10, 3061, 4318, 4500, 2392, 1218, 1845, 235, 3503, 4022, 3348, 4961, 377, 2315, 3614, 513, 3219, 760, 1474, 2015, 4620, 4470, 1767, 2001, 1198, 1958, 3256, 2677
3017, 74, 2252, 754, 4334, 697, 268, 1330, 4547, 2396, 2543, 290, 1628, 2487, 2954, 320, 4833, 453, 493, 3327, 3403, 3351, 4186, 518, 1252, 4355, 2719, 999, 4936, 4419, 877, 996, 4152, 911, 2866, 988, 2271, 2704, 2098, 2536, 4582, 4802, 4460, 1627, 3410, 2165, 2369, 1417, 2217, 1945, 4386, 1759, 3449, 2303
4817, 325, 1843, 3524, 4962, 4353, 507, 1159, 1025, 1130, 2510, 631, 1365, 3397, 773, 1921, 4930, 1419, 4195, 1090, 2585, 3396
11, 2371, 3868, 4854, 86, 3776, 4809, 133, 4873, 159, 3311, 4123, 1426, 3573, 264, 3944, 306, 737, 1264, 2141, 2992, 895, 2372, 1166, 3402, 2777, 2086
1535, 402, 429, 3245, 4214, 2278, 2538, 482, 2225, 3225, 4110, 497, 4395, 537, 2378, 1594, 1502
1128, 1721, 3024, 135, 2619, 3854, 4813, 1585, 3641, 3525, 2492, 850, 1182, 361, 3727, 4026, 2289, 4414, 1359, 4107, 702, 1557, 4806, 3128, 1014, 2775, 1493, 1795, 2887, 2025, 2714
13
1689, 31, 4190, 4917, 79, 4338, 4295, 2125, 129, 3120, 3551, 4804, 134, 1209, 3465, 3994, 1707, 165, 4020, 234, 3261, 930, 4499, 1087, 387, 934, 4032, 3558, 4284, 4481, 419, 3193, 1269, 446, 3263, 3139, 3175, 1540, 647, 976, 4650, 1520, 891, 4731, 2206, 3851, 961, 2137, 3969, 989, 2020, 1036, 3656, 2533, 2481, 1499, 1691
3764, 2829, 2644, 89, 4615, 2904, 439, 2995, 3381, 4966, 3701, 3371, 3912, 1639
3982, 4903, 2115, 1413, 3962, 4255, 3498, 1600, 3246, 975, 469, 2521, 3746, 4913, 521, 1886, 4451, 535, 1865, 2138, 3264, 993, 3133, 1679, 2246, 1080, 4764, 1092, 4515, 4181, 3582, 1411, 2890, 1490, 1927, 3728, 1749, 4202, 2858, 2846
4087, 57, 3827, 4572, 4860, 3712, 509, 2456, 4373, 931, 2085, 3501, 1897
14, 2790, 4685, 1292, 3447, 4670, 4229, 3730, 4390, 1914, 213, 2610, 4815, 2420, 3627, 3578, 4423, 398, 4457, 3191, 2109, 3223, 844, 3683, 2192, 4772, 1364, 2864, 3897, 3122
151
4645, 1633, 734, 653, 2308, 4861, 4445, 3748, 356, 2009, 4988, 2290, 4083, 1061, 741, 2054, 3811, 4411, 1019, 2032, 1233, 4844, 1736, 1640, 1957, 2407, 2675
4729, 912, 2441, 1204, 1666, 3085, 666, 1455, 2405, 3280, 4316, 4674, 1554, 1114, 4358
3271, 2077, 100, 1309, 2136, 3361, 3294, 4624, 2146, 258, 3546, 4859, 262, 2361, 4656, 4830, 4224, 1325, 4551, 2072, 1931, 2414, 2311, 2640, 1362, 2780, 4118, 792, 1837, 885, 4133, 929, 1339, 1484, 4554, 4906, 1471, 3813, 1248, 2299, 2580, 2811, 4000, 2208, 2806, 1996, 2700
3384, 47, 1369, 1372, 4611, 948, 2694, 783, 612, 761, 627, 2385, 4484, 1728, 1063, 4095, 1443
3391, 1168, 4720, 1153, 1136, 2695
16, 3920, 2560, 4490, 2416, 2865, 4877, 363, 1793, 3904, 481, 2094, 2712, 3899, 2144, 707, 3119, 3213, 816, 1774, 3114, 4200, 1583
1529, 1877, 1110, 1616, 199, 4506, 4603, 4740, 2349, 2087, 3879, 4855, 2815, 2901, 655, 2119, 3987, 4910, 2158, 758, 3867, 2179, 2007, 1151, 2752, 3458, 1397, 1438, 3332, 2979, 3436, 2774, 4349
2336, 1672, 4024, 48, 4150, 4273, 4704, 4011, 1955, 660, 3404, 1948, 4153, 1018, 4098, 1299, 1932, 4771, 1677, 1488, 1846, 2408, 2273
3598, 3884, 4965, 4165, 4721, 4471, 311, 2364, 4332, 4723, 313, 1724, 3538, 4927, 3178, 4694, 491, 2425, 4201, 824, 1273, 2495, 576, 2341, 4725, 4228, 3149, 4278, 4155, 1573, 1854, 1458, 1760, 4659, 1907, 3521, 3889, 1593, 3424, 1748, 1858, 2544, 2525, 4778
4540, 34, 4957, 3302, 1001, 318, 3587, 230, 4924, 3134, 4522, 4932, 2262, 4824, 4902, 2209, 1744, 4944, 1355, 3235, 1563, 957, 3490, 3462, 2446, 1684, 4132, 2905, 2996, 1176, 2105, 3040, 1950, 1745, 4210, 1544, 4081, 3979, 1566, 3457, 3561, 3148, 3955, 4076, 2309, 2353, 3733, 4673, 2808
17, 4103, 4371, 1133, 915, 1977, 4750, 3736, 3809, 301, 321, 2924, 3291, 4520, 3395, 524, 4368, 542, 3745, 3966, 2030, 953, 3663, 2031, 4654, 1347, 1390, 1441, 1805, 1807
88, 4648, 3661, 4895, 4996, 401, 4518, 532, 2455, 2187, 3437, 1174, 2651, 3199, 4243, 3763, 3357, 4805, 1423, 2733, 490, 3949, 4044, 3049, 2461, 3871, 4226, 661, 4843, 874, 3986, 2150, 2831, 983, 3417, 991, 1067, 1189, 1170, 1975, 2630, 4987, 2363, 3780, 1936, 2070, 1919, 2767, 2379
4264, 4093, 2357, 103, 1045, 2488, 4003, 3474, 124, 4696, 4931, 4995, 1398, 2224, 4112, 420, 2343, 4775, 4978, 1686, 2885, 500, 658, 1815, 3876, 967, 2467, 4934, 973, 3452, 2612, 1181, 1190, 4658, 1587, 3339, 3875
18, 3523, 4970, 62, 4475, 555, 566, 3512
3226, 25, 3708, 2053, 3798, 4888, 3216, 2084, 3164, 442, 4769, 4543, 489, 768, 1244, 4052, 1896, 717, 4601, 1171, 4489, 3340, 2680
3450, 261, 696, 121, 410, 3921, 4609, 2779, 181, 1427, 3858, 4354, 3493, 4019, 1405, 4708, 4568, 1111, 2908, 2843, 884, 2654, 3610, 4842, 2608, 937, 3634, 3533, 4017, 4697, 4638, 2386, 2539
3688, 4012, 105, 1609, 3442, 3285, 3698, 143, 3915, 3047, 4298, 2333, 2199, 4811, 2624, 2212, 1647, 1758, 3943, 2274, 2506
4755, 4594, 2720, 71, 1163, 1462, 1673, 118, 2655, 4555, 4530, 4057, 4379, 225, 1700, 2248, 3427, 4050, 2991, 305, 671, 2597, 4774, 2388, 4695, 435, 3459, 4277, 511, 3347, 499, 567, 526, 1923, 2578, 817, 3400, 3619, 974, 1430, 1518, 4793, 1436, 1203, 3658, 1266, 4857, 3145, 2176, 2909
2822, 630, 175, 508, 4600, 1824, 1658, 1901, 2900, 3542, 1223, 4440, 2642, 2896, 875, 2977, 2894, 941, 1000
20, 1082, 1816, 2620, 22, 130, 3373, 3041, 4015, 2583, 1653, 2484, 3323, 4161, 4478, 4196, 4360, 2483, 4256, 609, 3376, 818, 1989, 3821, 1254, 1615, 2469, 1771, 1783, 2611, 2251
2410, 1704, 99, 2453, 2462, 4067, 292, 3936, 202, 4285, 4521, 4719, 1864, 4652, 4536, 4835, 533, 2915, 1317, 4632, 889, 2306, 1297, 1489, 1221, 3812, 1809, 3398, 2114, 2959
4667, 4491, 112, 2389, 166, 1564, 2205, 205, 2317, 263, 1652, 1852, 1234, 3283
21, 35, 4127, 4389, 3675, 4683, 675, 2063, 4102, 251, 3714, 2577, 1320, 4329, 4328, 2773, 2370, 3757, 3567, 4064, 4177, 4356, 806, 1934, 2973, 3206, 917, 1715, 947, 1959, 2203, 1516, 1053, 2561, 1138, 1086, 4351, 3552, 1103, 3331, 1599, 2191, 3229, 4276
2346, 3673, 3106, 3158, 1800, 3815, 2994, 4756, 220, 2402, 2880, 4527, 3029, 277, 2886, 2305, 3694, 1916, 4735, 2699, 2934, 564, 3448, 3890, 2430, 838, 854, 3856, 2513, 857, 4525, 3960, 994, 2090, 4553, 4676, 1509, 3215, 3571, 1403, 2840, 1853, 1828, 3080, 2569, 3165
3839, 4949, 3935, 94, 3000, 3282, 4497, 4109, 150, 334, 4592, 176, 454, 4467, 267, 3762, 4125, 1445, 3108, 369, 2626, 1953, 1257, 1475, 1775
4263, 1849, 1839, 515, 4438, 4937, 2442, 620, 1965, 2409, 1235, 1782, 1624
3642, 131, 3031, 4896, 1869, 247, 3362, 4402, 4619, 347, 715, 4751, 4033, 457, 404, 2951, 4963, 3592, 4466, 1227, 4121, 570, 1093, 1669, 2917, 3275, 4444, 819, 2786, 3312, 3824, 887, 1895, 1287, 1296, 3060, 1381, 1448, 4712, 1595, 3205, 2159, 2342, 2687, 2124
3919, 1321, 4238, 1020, 2431, 207, 4409, 4773, 1532, 3624, 1522, 2283, 834, 1183, 2851, 3526, 3664, 1038, 2473, 1778, 3781, 2468
4848, 4357, 140, 3794, 856, 3958, 2394, 3151, 4706, 2920, 1392, 1416
23, 3672, 4417, 4552, 97, 1117, 2310, 1034, 3083, 2064, 531, 1094, 2055, 4002, 749, 1751, 1654, 2381, 2419, 1733, 2497
1657, 2760, 2883, 2269, 4289, 215, 1429, 1551, 4710, 231, 4061, 236, 1354, 3717, 4106, 4526, 4606, 3807, 3908, 4254, 438, 3707, 350, 4874, 2798, 436, 3195, 4342, 2570, 3510, 656, 1219, 2841, 669, 1303, 2616, 1187, 960, 1424, 992, 2821, 4832, 4911, 2604, 1132, 1407, 4271, 4292, 2684, 2584
4715, 2122, 3515, 157, 1660, 1667, 3984, 4453, 3838, 312, 2534, 4089, 2960, 4590, 3848, 3850, 2059, 935, 3184, 3333, 2825, 2042, 1802, 2966, 2772, 4926, 2459
24, 769, 1062, 1884, 4639, 3599, 412, 2666, 4117, 1874, 1065, 3299, 699, 2942, 4114, 1461, 2757, 1211, 1357, 2188
2532, 29, 2099, 4627, 4737, 46, 3988, 2683, 1786, 3236, 2535, 1208, 3975, 239, 1482, 2938, 3198, 3272, 3478, 3648, 2145, 782, 1862, 3190, 1985, 1801, 2058, 3626, 3107
408, 3872, 4728, 586, 1205, 1498, 4576, 163, 641, 4314, 4746, 3699, 182, 3233, 2415, 2708, 522, 1720, 315, 4337, 4361, 342, 1796, 388, 4340, 1464, 903, 2868, 3514, 2400, 695, 2725, 2653, 4401, 2891, 2547, 3527, 1217, 1910, 2782
1969, 1027, 351, 4557, 198, 3028, 3976, 4048, 269, 3576, 4212, 4686, 1327, 3419, 411, 4035, 3046, 2648, 1272, 548, 4185, 4973, 2649, 3522, 1835, 1486, 1077, 3192, 3568, 1346, 3504, 1817
644, 826, 2545, 3990, 4320, 538, 3489, 2566, 148, 4960, 3023, 169, 4993, 183, 1908, 3388, 3737, 4928, 281, 3537, 323, 4330, 1868, 2893, 403, 2921, 825, 4856, 3902, 604, 1064, 4158, 2810, 4622, 936, 796, 1337, 4230, 859, 1338, 3914, 2011, 2258, 2576
3590, 36, 1804, 120, 1939, 3637, 4840, 1283, 3892, 3751, 4387, 3555, 4780, 4242, 544, 3766, 2756, 4794, 901, 1088, 2509, 3924, 3895, 1137, 1179, 2671, 1373, 2489, 3676
2685, 2984, 54, 1180, 1924, 3002, 964, 3718, 742, 110, 4216, 4628, 4781, 242, 3682, 346, 3138, 3293, 431, 4477, 3338, 3045, 831, 2171, 3866, 659, 1549, 807, 793, 2155, 2550, 1200, 1798, 2429, 1984
28, 2839, 2957, 3668, 1602, 1476, 65, 2216, 2242, 4408, 3713, 3027, 2853, 3460, 2101, 503, 3826, 2276, 1918, 4717, 1069, 3187, 1056, 3166, 3686, 1790, 3130, 2718, 2338
2926, 4063, 212, 1764, 3370, 266, 1260, 2788, 645, 4372, 2437, 1324
3511, 2157, 170, 2910, 2936, 4400, 4042, 332, 2328, 1947, 3615, 4312, 3310, 3628, 3329, 4421, 3266, 563, 2476, 4653, 2607, 1527, 3013, 3870, 1422, 1726, 1598, 2507, 1956, 2406
4192, 145, 1787, 4758, 209, 577, 4119, 2526, 4062, 3467, 1570, 4101, 2661, 2368
881, 2227, 3738, 186, 2493, 3611, 2215, 1713, 2445, 3909, 3335, 2264, 3693, 2927, 3222, 3304, 1073, 2504, 4221, 4348, 1335, 1352, 1432, 4412, 1470, 2339
4272, 1125, 3009, 3609, 80, 254, 4463, 4637, 4436, 216, 2232, 2281, 3674, 228, 3531, 3621, 1596, 3157, 3796, 475, 3918, 4559, 3705, 2102, 4985, 1377, 2519, 2845, 2111
30, 1173, 4829, 4565, 184, 102, 1310, 4803, 1718, 3005, 396, 2245, 3971, 462, 2263, 2028, 637, 1216, 1972, 1319, 4488, 835, 1013, 3048, 3588, 1101, 4665, 1107, 3808
244, 3168, 1199, 4808, 4130, 1131, 2635, 4797, 4880, 3068, 1881, 3651, 2393, 365, 4784, 4977, 2753, 501, 4427, 629, 1158, 4166, 876, 3065, 4306, 2023, 2033
2170, 72, 3750, 3925, 4631, 219, 2185, 4323, 4635, 92, 141, 3832, 4741, 128, 4935, 2860, 1882, 4519, 374, 4657, 624, 3066, 3715, 470, 3911, 3234, 3140, 2952, 847, 2726, 3669, 894, 1572, 3132, 3907, 1011, 4608, 1126, 1510, 3074, 3778, 1271, 1519, 1636, 2060, 3583, 3507
3444, 345, 4447, 1400, 3137, 4227, 1567, 187, 3359, 4241, 2623, 4847, 2243, 3509, 2193, 371, 1478, 3021, 4770, 2123, 2197, 423, 3887, 1267, 1250, 1987, 692, 2448, 3896, 966, 971, 4669, 1134, 1186, 1515, 4605, 1444, 2670, 2750, 3456
1238, 2817, 2987, 3230, 2554, 4113, 1306, 1885, 1662, 4021, 3420, 3121, 3268, 1280, 4760, 4086, 1545, 1814, 2637
3142
2613, 3898, 2259, 1135, 582, 1763, 3667, 4651, 690, 2447, 2724, 2768, 1708, 3837
33, 2765, 4270, 4845, 614, 139, 4309, 4693, 162, 2588, 287, 1556, 4826, 1289, 331, 4279, 349, 3412, 562, 2275, 2432, 4886, 646, 3228, 902, 1193, 1569, 2387, 1992
2241, 4701, 52, 1367, 4810, 4887, 4442, 4072, 3341, 2948, 827, 3758, 797, 2916, 4542, 2717, 3644, 1542, 1888
1531, 1160, 237, 4450, 3365, 1270, 3244
4722, 3147, 1154, 3097, 248, 4058, 4100, 2816, 2730, 1670
352, 4681, 83, 4562, 4884, 789, 1213, 1857, 343, 1408, 3792, 1773, 4612, 1826, 1222, 4537, 952, 959, 2847, 1394, 1060, 3355, 2411, 1900, 1991, 1960, 2061, 4333, 2657, 2505
2340, 3036, 4381, 1753, 3513, 3505, 1539, 1278, 3787, 3883, 1781
2373, 142, 1076, 1084, 4989, 208, 1420, 3613, 256, 2239, 3517, 772, 3008, 4147, 2838, 1578, 2863
3901, 4616, 4220, 727, 4514, 2301, 4581, 3073, 1887, 3241, 1878
38, 483, 4364, 4889, 2128, 4952, 1506, 280, 4825, 3171, 358, 368, 1613, 2932, 4981, 3725, 1588, 1898, 4454, 581, 600, 3179, 1384, 4156, 2503, 1661, 3247
39, 3030, 3594, 4439, 1178, 4505, 3018, 1505, 4541, 698, 1206, 3865, 1762, 728, 3638, 4393, 840, 866, 2823, 2046, 2859, 3349, 3044, 3759
4563, 204, 1976, 4564, 3930, 1678, 1743, 2265, 1968, 3250
40, 1769, 3934, 4851, 1851, 193, 1242, 2656, 4918, 2558, 4517, 3596, 528, 478, 3162, 4870, 3004, 3255, 579, 591, 2659, 4967, 3770, 3076, 3801, 3307, 919, 2050, 2801, 1258, 1906, 2133, 1999, 3720, 4747, 2391, 3477
214, 70, 1994, 3841, 4376, 3279, 4310, 180, 3102, 3586, 196, 4384, 4163, 4288, 376, 3032, 451, 2650, 1523, 3136, 3957
2764, 56, 1449, 4492, 4496, 81, 1692, 2143, 192, 3098, 3363, 3711, 4084, 3322, 755, 778, 2210
41, 3254, 3443, 4613, 4545, 1604, 939, 1006, 4301, 1533, 4027, 1930, 3022, 3643, 632, 2226, 4513, 3221, 3793, 830, 1230, 1740, 3566, 3783, 4486, 1033, 2742, 3584, 1104, 1143, 2233, 4459, 1172, 2997, 3207, 3554, 1188, 4131, 1536, 1590, 1370, 3289, 1687, 4528, 2975
171, 4534, 4207, 4614, 2803, 872, 2833, 2190, 4281, 2627, 1937, 4010
233, 44, 3471, 719, 4850, 90, 3849, 2662, 3777, 1674, 4025, 3806, 2207, 596, 4396, 4456, 1709, 3772, 3143, 2989, 4149, 626, 2598, 4321, 4416, 1385, 4726, 811, 2285, 3545, 1944, 3581, 1388, 2038, 1739, 4431, 4625, 3204, 4455, 2682, 2628
4921, 50, 1439, 2005, 75, 2813, 3286, 598, 3135, 3159, 1534, 1961
42, 1410, 4507, 4951, 67, 2618, 4287, 4901, 116, 590, 4504, 4862, 3951, 409, 1116, 4370, 459, 2658, 2600, 672, 1265, 2236, 1078, 788, 3392, 958, 4262, 4925, 1282, 1089, 4483, 4495, 1612, 2244
3186, 127, 1581, 3075, 4634, 815, 1834, 1341, 3756, 774, 2728, 4088, 2641, 4994, 4294, 3249, 4646, 1738, 2842
3260, 58, 2008, 3485, 4462, 98, 1643, 3173, 4959, 1290, 4375, 2037, 795, 4762, 1098, 4038, 2149
4867, 111, 4126, 4425, 4583, 3548, 2692, 3612, 461, 688, 1681, 1829, 2052, 4618, 756, 3466, 4768, 932, 1050, 2582, 2781, 2943, 1909, 4881, 4065, 1701, 1928, 3600
168, 1785, 2615, 3991, 78, 1568, 4204, 4680, 2770, 1081, 126, 1922, 3923, 147, 4940, 2993, 4633, 327, 2347, 3579, 426, 551, 434, 779, 2470, 4327, 2196, 3115, 705, 2103, 736, 2249, 738, 3155, 3290, 771, 3580, 3161, 954, 3829, 1705, 2754, 4698, 2438, 3630, 3665, 3438, 2599
2148, 1072, 2019, 1619, 172, 2950, 4369, 177, 2639, 4923, 3174, 3463, 4783, 611, 2120, 668, 1120, 1606, 1580, 984, 3697, 1735, 3054, 4124, 1659, 3353, 2238, 1473, 1530, 2721, 3464, 4053, 2194
45, 4585, 4173, 1375, 203, 1095, 2529, 3123, 449, 585, 1833, 4792, 583, 3109, 731, 1418, 3368, 2332, 2214
821, 1699, 114, 4743, 2221, 2517, 708, 3405, 3287, 1035, 2629, 2933, 2189
4482, 587, 122, 534, 1237, 3131, 4882, 3755, 2622, 3655, 4382, 810, 4787, 2990, 4574, 2606, 3597
243, 1962, 3492, 4548, 415, 2609, 4776, 1693, 2540, 862, 3516, 3905, 940, 2131, 1469, 2819, 1629
2701, 1712, 108, 2356, 4671, 4933, 3620, 152, 805, 1366, 2178, 4247, 2882, 3488, 2027, 259, 2066, 3910, 4494, 2590, 3113, 353, 2837, 2039, 1119, 384, 1844, 558, 777, 2091, 942, 1644, 943, 1750, 3445, 3695, 1041, 2223, 1841, 3278, 2056, 2625
1391, 635, 679, 1963, 4023, 4791, 252, 1022, 4939, 1099, 580, 422, 2542, 506, 3001, 1838, 1261, 2946, 1004, 2440
4319, 907, 3026, 3744, 206, 2444, 4433, 4610, 4983, 3852, 286, 324, 864, 4394, 724, 1501, 3985, 480, 2571, 622, 1023, 3616, 2826, 1047, 3150, 1665, 1614, 2288, 3946, 1559, 2291
49, 4956, 4151, 3906, 4508, 3273, 3496, 158, 3156, 3603, 3880, 4397, 4630, 227, 1941, 4677, 4705, 4269, 1249, 354, 1541, 3399, 1601, 1440, 664, 1831, 3967, 3926, 1044, 2702, 1105, 1115, 1635, 4700, 1316, 4075, 4335, 3297
1711, 1313, 2404, 4378, 4945, 3863, 486, 4407, 1312, 762, 2219, 2113, 3873, 3292
1993, 440, 4599, 2048, 4144, 1021, 3019, 4138, 871, 546, 3771, 4734, 4883, 693, 4598, 1263, 2121, 3316, 873, 3231, 4569, 1147, 2018, 2108, 2222, 1917
2395, 3963, 132, 1197, 4413, 2763, 3662, 433, 3917, 4071, 2293, 2804, 539, 2228, 3804, 638, 3056, 2175, 4143, 1149, 3071, 2130, 1990, 3082, 1866, 3125
2325, 3595, 2490, 2818, 2869, 3494, 3977, 4900, 2956, 3754, 2458, 2937, 4502, 2044, 3258
4134, 896, 4546, 4713, 2981, 3499, 4430, 502, 4006, 4666, 1683, 2516, 1860
3767, 3647, 391, 3828, 1872, 1978, 4208, 4039, 2132
4007, 59, 2457, 4893, 1288, 3379, 380, 4465, 4523, 3565, 397, 2967, 2451, 3414, 3210, 1251, 2231, 1314
4578, 3506, 4732, 3481, 210, 2154, 2316, 3636, 2844, 229, 785, 4260, 2931, 1605, 437, 893, 3010, 3103, 496, 712, 4129, 2182, 1967, 1998, 4969, 3622, 1005, 4291, 3382, 3053, 1164, 1399, 1508, 3893, 2928, 3741, 2472, 4649, 3240, 2314
53, 4868, 1301, 3237, 3861, 2776, 3374, 2792, 3844, 2923, 3775, 1194, 1401, 1453, 2799, 4199, 2073
2791, 3099, 2260, 1528, 4266, 444, 1982, 4898, 456, 3429, 4679, 2696, 1315, 1452, 1228, 2045, 1387, 3999, 1952, 1765, 2065, 3077, 2681
1058, 4661, 87, 677, 843, 1710, 218, 880, 2805, 3666, 4092, 845, 1487, 3845, 908, 4472, 1262
4183, 527, 4597, 2602, 271, 1421, 1789, 4580, 3480, 4452, 3063, 4115, 3864, 879, 4852, 1286, 3033, 3086, 1442, 2110, 3678, 4403, 2166, 2486, 2475
55, 4955, 77, 1543, 2135, 2477, 2334, 255, 1571, 4512, 1821, 303, 946, 4595, 406, 2240, 1552, 2634, 441, 2464, 2784, 1236, 686, 1625, 1848, 803, 2955, 4448, 814, 1435, 4441, 849, 1806, 2139, 4828, 3081, 3677, 1300, 2383, 2043, 1825, 2762
2439, 1911, 2304, 3631, 1513, 3274, 4894, 628, 2485, 2548, 1414, 4814, 1494, 2183, 1904
63
520, 82, 4570, 4690, 4714, 2568, 1703, 4259, 861, 3434, 918, 3160, 1212
64, 3154, 3891, 4148, 3152, 1456, 2163, 890, 4765, 2107, 2678, 2541
4245, 786, 2958, 2963, 3328, 4082, 1723, 3799, 2184
1755, 3062, 4055, 603, 713, 2272
4128, 2889, 4385, 588, 3997, 2270, 4299, 1091, 298, 2257, 2365, 2213, 3037, 1725, 4763, 2668, 3993, 3518, 1477, 2672, 1016, 2645, 3324, 888, 2118, 3317, 3288, 3003, 955, 3454, 1202, 4028, 2040, 2074
2494, 2006, 2857, 4187
4198, 571, 2366
76, 759, 4178, 1766, 3432, 4919, 217, 1861, 4252, 4875, 2471, 2854, 3372, 841, 4047, 4498, 812, 1500, 2345, 4275, 3998, 2294, 1637, 1363, 1318, 3315, 3389, 3724, 3928, 1792
1925, 3224, 4664, 4699, 1776, 270, 4853, 1404, 723, 389, 552, 4643, 4885, 4189, 4193, 575, 3859, 2713, 597, 4785, 753, 4821, 839, 4539, 916, 2255, 2384
4383, 1481, 191, 2422, 4091, 5000, 4914, 4104, 4172, 1676, 1326, 400, 4468, 4992, 3352, 802, 1253, 2499, 2351
2067, 3732, 2636, 173, 4807, 4529, 473, 2603, 3791, 1124, 2292, 1152, 1196, 1334
618, 1842, 3742, 4510, 657, 4005, 3823, 4244, 222, 4905, 1483, 3604, 4108, 328, 3252, 4796, 443, 2855, 3719, 3726, 4142, 2729, 3042, 747, 3209, 2530, 1121, 1621, 1247, 2247, 1970, 3112, 2738
2362, 96, 928, 2734, 3265, 573, 155, 3479, 4377, 4982, 2126, 3350, 4511, 1350, 968, 3360, 1719, 1276, 1291
4235, 471, 1344, 4308, 4812, 3785, 2374, 652, 3153, 910, 892, 950, 2876, 4302, 3886, 3090
4839, 4604, 2201, 464, 4834, 2652, 568, 2218, 4566, 608, 3965, 4194, 2940, 1360, 1003, 2867, 1139, 2983, 2024
4237, 4816, 3805, 1812, 4140, 4642, 378, 599, 543, 1295, 1688, 2971, 1491, 2375, 1905
84, 2660, 2824, 3169, 273, 1412, 1757, 549, 1496, 4009
85, 1915, 2474, 4544, 167, 829, 1690, 648, 1548, 3277
3356, 4716, 4912, 2785, 487, 2976, 2421, 3089, 2359, 1451
4374, 1029, 3680, 289, 4094, 4602, 4623, 554, 3819, 1879, 2553, 4636, 710, 3318, 2830
3822, 2998, 4897, 1856, 1052, 1454
809, 1255, 3818, 1737, 197, 2705, 3768, 4822, 2646, 279, 3038, 1074, 3072, 3502, 1517, 3101
189, 541, 4891, 951, 3575, 3974, 3559, 4929, 3684, 2502, 3941, 1463
3116, 4146, 4617, 2161, 379, 1507, 3790, 477, 1863, 4261, 2676, 691, 3550, 1331, 1215, 1949, 3842, 1305
474, 154, 2428, 3769, 4950, 2331, 297, 4607, 3836, 3300, 721, 2953, 4290, 897, 1820, 3183
4752
295, 2592, 3835, 3203, 1184, 2667, 1245, 4174, 4248, 326, 886, 4164, 1890, 1813, 3320, 1108, 2897, 1177, 2551, 4391, 1226, 1632, 1243, 1855, 3802, 2326, 1450, 2605
3752, 1380, 174, 3334, 4655, 4968, 2079, 536, 375, 386, 2918, 4744, 3589, 3617, 904, 633, 1071, 2574, 1281, 2491, 1938, 2390
2771, 525, 2903, 3788, 860, 4363, 2962, 4239, 3749, 925, 1565, 3393, 978, 1293, 1049, 2181, 1981, 2435, 2739
101, 1274, 2071, 2482, 3269, 1742, 383, 2563, 3996, 4668, 561, 4922, 982, 2789, 4339, 4458, 3141, 1822, 2014, 2722, 3556
104, 3051, 3172, 4591, 606, 2177, 2978, 776, 3739, 4399, 1239, 2300
1983, 3981, 2567, 4359, 366, 3574, 1358, 3413, 4866, 2081, 837, 550, 913, 4303, 1610, 4096, 2638, 4571, 720, 3939, 4041, 744, 3380, 3734, 1797, 1342, 4429, 2047, 927, 945, 2877, 3650, 1102, 4757, 1675, 2436, 1395, 1974
107, 4209, 4573, 4692, 161, 3069, 578, 703, 1651, 1620
4798, 3214, 3212, 3446, 272, 3025, 3572, 4473, 981, 2117, 2256, 2512, 2665, 2631, 3593
1586, 2573, 238, 2929, 4588, 344, 1277, 1393, 2151, 3773, 2663
3760
115, 138, 2323, 3385, 3810, 4218, 224, 4078, 4171, 4560, 241, 2452, 2707, 770, 523
4282, 823, 4034, 3992, 4584, 559, 4909, 4971, 4820, 687, 2522, 3058, 3342, 1345, 949, 3645, 1106, 3059, 1902, 2254, 4233, 4122, 2961, 2731
613, 149, 1511, 3857, 4001, 1466, 3433, 3547, 4980, 291, 1538, 4311, 804, 340, 3847, 367, 833, 2749, 394, 1210, 765, 1122, 3570, 3020, 704, 787, 4689, 1920, 4415, 4687, 852, 926, 1298, 1592
2413, 3243, 4777, 4865, 4046, 1402, 3830, 3541, 3784, 3853, 987, 4392, 3743, 3652
4795, 2352, 898, 623, 3774, 4179, 1497, 3878, 2673, 2974
125, 2002, 4684, 4801, 1447, 610, 3461, 3129, 4043, 1070, 3337, 1810, 2732
3703, 540, 3407, 329, 3364, 4004, 4280, 360, 432, 1479, 2906, 791, 465, 1746, 3367, 3557
2041, 2736, 4990, 2417, 2852, 828, 2500, 2367, 868, 4251, 3170, 2106, 3325, 2156
4626, 373, 4702, 4709, 416, 685, 2647, 4380, 963, 2945
137, 1777, 2324, 2465, 421, 3539, 1156, 4206, 2382, 1259, 1546, 2100
1717, 146, 179, 3296, 4819, 4388, 2601, 2398, 1207, 284, 2879, 3387, 701, 560, 2480, 4258, 642, 2737, 4213, 4532, 4509, 906, 2902, 3831, 1055, 4849, 4688, 1241, 4234, 2949, 3426, 4406, 3623, 2167, 1655, 2035
3874, 307, 1873, 1986, 3882, 355, 2745, 418, 1772, 516, 1353, 3401
1371, 4169, 621, 794, 3679, 4274, 2068, 4864, 1220, 4307, 3470, 1819, 4587, 1495, 3052, 2935, 2595
164, 1803, 2836, 3753, 395, 381, 651, 4219, 808, 595, 1912
863, 547, 2026, 2537, 4246
684, 4016
178, 2320, 3194, 3532, 4056, 339, 763, 2581, 572, 965
4766
188, 766, 2970, 2698
1460, 711, 1880, 302, 4365, 4786, 3453, 553, 1850, 2892, 2327, 2741, 2986, 2186
607, 1537, 3483, 4761, 293, 4205, 4501, 4682, 3486, 1827, 619, 1231, 643, 2614, 2594, 853, 3439, 1582, 2555
1770, 2968, 2350, 4267, 1597, 3591, 3267, 4589, 985, 3343, 3386, 2689
2527
221, 3761, 4137, 740, 4217, 4293, 750, 4487, 855, 2871, 3284, 2250
1714, 922, 3431, 3390, 980, 1472, 1761, 4904, 3435, 1368, 4984, 1485, 1752, 2051, 1818
250, 3200, 3500, 4367, 2965, 274, 2344, 4561, 370, 1840, 995, 1642
4253, 680, 447, 3834, 4211, 460, 1664, 3704, 4464, 1127, 764, 3308, 2501, 820, 3126, 4958, 2478, 2807, 3972, 1302, 1943, 2280
3825, 4432, 1042, 3945, 4799, 4286, 1307, 1622, 2261, 2162
300, 1618, 3110, 4040, 3084, 3900, 1201, 4345, 2360, 2531
3692, 390, 3786, 4558, 430, 2919, 1157, 2848, 3259, 3765, 2748, 1891
310
319
3553
2075, 2827, 674, 455, 846, 2335, 4480, 4250, 616, 2204, 4621, 3487, 3671, 3816, 1007
2759
2427, 2127
385
4160
920, 4943, 1225, 3369, 681, 2711, 2878, 4711, 899, 1788, 2433, 4167, 2740, 1057
4322, 2095, 938, 3218
3670
1434
458, 3782, 4090, 4675, 2296, 694, 3947, 998, 2872, 1376, 1656, 2354, 1694, 1780, 1870
2450, 4424, 2348, 4366, 2282
485
2329
514
1836
584
2715, 3276
3197
2211
1285
3408
2412, 3468, 2834, 2284
1875
1626
977
2632
