1, 1380, 889, 956, 968
1961, 4072, 3786
3597, 78, 3996
3807, 2425, 2583
4437, 100, 767, 3310, 3468, 4232, 3756, 4210, 425, 2248, 4765, 1037, 2334, 4965, 4654
4744, 4386, 3619, 4817, 4192
2, 4269, 4474, 827
659, 6, 1831, 4777
3283, 4802, 289, 2840, 4676, 4418, 3126, 688, 1318, 1452, 1087, 1236, 1356, 1469
4043
4813, 275, 662, 3851, 4702, 535, 2381, 918, 2419
3, 1109, 1906
1631, 487, 2632, 3857, 3090, 4476, 4598, 2742, 2409
2390, 2661, 4315, 2333, 567, 4516, 618, 2849, 1708, 2225
3916, 4921, 2992, 1553, 2042
4181, 4819, 1794, 4639, 3667, 3228, 1371, 1836
4, 2133, 2433, 3103, 19
2291, 4156, 4868, 4553, 2968, 2951, 2872, 2473
3351, 1888, 4453
3747, 1960, 3052
5, 2898, 3874, 4095, 710, 2457, 1702
3146, 4829, 4999, 514, 1303, 2750, 3657, 3582
3540
3703, 3343, 2820, 658, 4470, 3470
3879, 4833, 108, 1042, 2986, 3892
4335, 1040, 2427, 4365
3613, 4353, 4791
3952, 1341, 1166, 1650
4028, 3833, 456, 483, 4690, 4706, 3290, 4298, 3658
7, 940
1451, 3365, 196, 3004, 3758
2901, 3155, 4408, 1218
2941, 3490, 4370
4169, 3720, 3695, 730
8, 2267, 4969, 4048, 3693, 3203, 1209, 3617, 4185, 1398
2587, 242
4371, 3553, 1827, 4532, 2354, 4640
4713, 4260
4986, 3794, 1987, 2864, 1803
9, 1535, 1915, 4503
1033, 3045, 1859, 3919, 3142, 693, 835, 770, 869, 1267
1663, 4628, 4128, 1772, 3609, 890, 3606
4838, 1174, 3205, 2083
10, 32, 410
2765, 21, 3131, 3235, 4918, 4097, 200, 208, 2339, 848, 1620, 825, 2956
2914
3760, 4896, 1099, 2355, 4776
11, 307
1150, 2196, 3063, 4074
2113, 3810, 1051, 4552, 3218, 2237, 4755, 4657, 3208
12, 1227, 1559, 2195, 469
1820, 30, 68, 617, 4243, 4878, 650, 991, 3841
4290, 641, 332, 2415
4835, 305, 3421, 155, 4985, 3302, 2364, 1440, 1074
13, 952, 597, 2852
3580, 3639, 4752
4683
14, 707, 806
3331, 3675, 4110, 1732
3353, 2180, 383, 2517
15, 1056, 1632, 3855, 3973, 897, 962, 3902
3503, 207, 2511, 4428, 2524
4528, 4866, 3607, 1647, 1833, 2231, 2467
16, 974
1848, 3730, 1476
3112, 4426, 2388, 1419
4399, 3315, 4637, 1131
4846, 3920, 698, 4950, 3581, 981, 566, 1106, 670, 1969, 727, 2885, 1512
17, 1170, 4366, 2352, 4695, 3900, 1935
3285
3567, 1245, 4117
3674, 1766, 2709, 270, 4024, 4163, 969
3805, 2936, 1358
18, 1034
3190, 2960, 2212
3978, 3910, 1919, 4113
4187
4273
4604, 4035, 4961, 4584, 4359, 3174, 4738, 4537
2839, 3159, 3298
3549, 4597, 4876, 3370, 4934, 3559, 694, 734, 3825, 4543, 2132, 1862
4620, 847, 2313
20, 203, 1458
1094, 1270, 232
3631, 786, 4006, 4407
3673, 3317, 3264, 850, 3660
4461, 4665, 4377, 2057
2955
4017, 50, 772, 1745, 4997, 4761, 2613, 2805
4600, 2879
22, 2643, 2972, 3389, 1731
3075, 4940, 4941, 1513
3897, 3974, 4852, 3391, 3901, 3429
4519, 3860, 4375, 2913, 4152, 4756, 2853, 1811, 2181, 3812, 2542, 4204
23, 1085
2194
4036, 4663, 3602, 4293
4431, 3951, 2937
4815, 473, 4512, 3491, 1001
24
932, 2945, 4526, 987, 3214, 3763
2717, 4301
4614, 3064, 3745, 1585
4774, 2842, 3731, 2761
25, 857, 276, 907, 2889
1508, 4361
3679, 4241, 406
4879, 3227, 749, 446, 700, 1854, 1761, 2035, 1249, 1843
26, 684
1427, 1950, 2845, 4505, 161, 810
3270
27, 3838, 4834, 67, 2642, 3538, 503, 3504, 1370, 4439
2444, 2838, 33, 2628
3022, 4811, 3158, 3690, 4781, 2474
3500, 2866, 3873, 3593
28, 342, 3811, 3906, 4467, 3783, 816, 3871, 2909
4082, 4224, 4280, 4579, 898, 3634, 764, 2204
29, 513, 1768, 4631, 3797, 2034, 349, 742, 4854, 417, 1307, 478, 976, 2335, 3428, 1019, 3217, 1251
1310, 988
4587, 4469, 62, 3752, 4595, 4680, 4847, 4087, 3268, 1468, 1641
4697, 1240, 4471, 1317, 4059, 4645
1884, 4618, 4820, 180, 3957, 4161, 2411, 3134, 2377, 2817, 1467, 3847, 2666, 4864, 1800
2110
4455, 2759, 1115
31, 344, 875, 1499, 3713, 3717, 880
1625, 103, 504, 4850, 4987, 4576, 1280
4768, 4948, 2138, 963, 2977
4980, 1488
2836, 4882, 4719, 3178, 2869
3483, 3637, 4039
4244, 4893, 3764, 2949, 3492, 4405, 2222, 1507, 1530, 4372, 2275
4317, 3972, 450, 3252, 1538
3823, 4603, 4769
3969, 143, 2633, 507, 2063, 913, 4585, 607
4730
34, 573, 2799, 3332, 1589
958, 3868, 4535, 3127, 3494
3181
3242, 4045, 1623
35
1048, 259, 3537, 2954, 4069, 1717
3678
4215, 4682, 657
4658, 4145, 3322
36, 852, 1936
2585
2603, 3911, 286, 1996, 4429, 2924, 2281
4764, 4919, 2915, 905
4772, 1104, 4410, 293, 1450, 323, 4265, 2424, 1007, 4341, 1313, 2435
4905, 2183, 4357, 3386, 4276, 4191, 2221, 2902, 4754
37, 195, 1378, 2344
2557, 4591
2826, 2900, 193, 4124, 4930, 3626, 4545, 4510, 3519, 1300, 3578
3715, 440, 3895
3826, 4853, 4460, 1297
38, 1873, 2733, 3788, 3821
4500, 799, 3998
4994, 3364, 1333, 2743, 4310, 3465, 4790, 1180, 3438, 3908
39, 1213, 1225, 1613
1497, 3777, 4793, 171, 4996, 1291, 3121
3396, 3953, 4055, 4907, 2150
4555, 4786, 4285, 4321, 4122, 1545, 2636
4822, 2959, 3685
40, 474, 753
3172, 4342, 3379, 1665
4165, 4050, 3937
4404, 4130, 3512, 2614
41, 731
606, 793, 2459, 993
3140, 3325
4735, 2908, 970, 2699
42, 1972, 2001, 2886, 1169
3704, 3646, 4890, 4816, 1288, 1073, 2371
43, 1597
3085, 284, 1053, 2848
4208, 3965, 3515, 1896
4362
4699, 4889, 3293, 4574, 3407, 458, 2015, 3595, 3659, 4411, 2671, 3395, 3822
4800, 906, 2890
44, 1149, 453
2981, 129, 2918, 3640, 4982, 1965, 938, 3711
3677, 4452, 4058
3850, 4080
4012, 2595, 1374
4958, 4138, 4177, 2903, 3820, 1973, 4202, 1486, 1566
45, 1079, 2854
3560
4021, 3881, 278, 2963, 4739, 509, 3489, 625, 1835, 3260, 1195
4923, 3387, 2071
46, 1986, 2079, 2414, 2120
3493, 562, 744, 2347, 4230, 1036
3776, 4888, 3852, 3147, 4338, 4895
4630, 283, 4662, 3213
47, 1657, 3198
3959, 2723, 1756, 4384, 4099, 4929
4750, 2077, 4978, 4572, 834, 1407, 3914, 1220, 4887
48, 608
2453, 4960, 4935, 4233, 2451, 1797, 3994, 4525, 1273
3210, 4180, 175, 843, 2860, 711, 4107, 405, 1543, 485, 1586, 4531, 686, 1778, 4648
3563, 3709, 4009
49, 403, 792, 420, 1776, 2171, 2520
2922
4621, 2715, 777
2432, 4316, 2907, 228, 4071, 4938, 3520, 4693, 2938, 860, 4029, 4064, 1917
2471, 1238
51, 2707, 3478, 1947
4530, 2859, 2155, 2379
4926, 4255, 3734, 2899, 3956, 2943, 2163
4933, 3971, 3080
52, 2851, 4094, 4672
2730
3042, 3323, 4154, 4239
3480, 2728, 518
53, 865, 3437
1694, 4910, 2993, 2819, 3087
2008, 3455
3988
4135, 2532, 4636, 2144, 4109, 2627, 3844, 1090, 4227, 1331, 1927, 2975, 2745
4784, 3170, 187, 4105, 3963, 2554
54, 435, 371
1276, 1487, 1900, 2116
2513, 4650, 4733, 3160, 771
55, 2676, 3592
3464, 337, 1026, 1773, 4666, 3828, 4613, 4464, 1426, 4299, 2537
4685, 4300, 177, 430, 589, 4681, 4504, 343, 3630, 2089
56, 1519, 4308, 3352, 930
2154, 2572, 2590
4869, 2514, 2299, 1974
57, 891
1392, 3824
3185, 4403, 2999, 3362
3220, 1709, 4288, 3992, 702, 2526, 4959, 4515
58, 2802
3187, 4345, 2165, 1711
3942, 2582, 318, 1781, 4849, 4867, 3259, 4668, 3875, 1515
4806, 266, 1284, 4093, 448, 576, 741, 1168
59, 1045
1369, 3472
1552, 251, 2257, 4417, 3292, 4509
2794, 4642, 3735, 4073, 3039
3357, 4279
60, 910, 1793
1420, 1602, 3179, 3727, 911
61, 2988, 4860, 2068, 1673, 1321, 555, 708, 4434, 1837
1132, 1867
3369, 3405, 4991, 3863
4211, 4722, 1611, 428, 4484, 3584, 4038, 2038
63, 594, 1353, 616
556, 2242, 4619, 3762, 3688, 1777
1078, 4116, 4249
2787
3447, 4972, 3496
4354
64, 1308, 140, 4350, 4993, 4491, 2102, 2500
1677
3086, 4570
3629, 3347, 1997, 3712, 3366
4886, 986, 1347
65, 1098, 712
4445, 3741, 214, 3698, 2906
4796, 3261, 4462, 363, 1860, 2552, 3859
4814
66, 2477, 4495, 4294, 781, 922, 3846, 4708, 1410
3653, 1698, 4498, 2504, 4669, 4575, 3231
4221
4419, 4845, 2400, 2193, 4973, 4415
3123
4520, 3932, 863
4763, 3244, 3350, 811, 1144, 2649
4976, 3774, 746, 3339
4319
4507, 3870, 4974, 933, 1881, 4392, 2531, 2465
69, 942, 549
1252
1921, 3099, 3068
70, 664, 1059, 511, 4441
4351, 3733, 3529, 338, 1203
4728, 2675, 1976, 3645, 3641
71, 1853, 1923, 1684
3453, 1540, 3077, 643, 4558, 3611, 545, 3486, 4807, 830
3944, 2044, 4559, 3245, 1320, 3239
72, 1885, 3026, 4141
4547, 3707
4883, 4270, 4465, 2701, 2375, 3858, 4799, 2366, 1095, 2725
73, 809
3775
4389, 3324, 1190
4674, 4943, 2710, 2232, 935
4949, 4915, 4468, 579, 3635, 1491
74, 131, 306, 1319, 1474
1992, 3507
4286, 2565, 2341
75
218, 2188, 136, 3642
2519, 3072
3862, 4707, 178, 1400, 238, 828, 4848, 1916, 4727, 1194
4440
76, 2863
3466, 117, 1172
3505, 1736, 1893, 2191
4171, 4527, 3441, 3948, 3793, 1329, 3002, 3624
4458, 4432, 4939, 1669, 4714, 4696, 3065
77, 1600, 4007, 2416
2964
4577
4954
3551
4700, 3098, 3371, 4313, 2393
4899, 2618, 2832
79, 4602, 4805, 308, 1008, 3625, 366, 1580, 519, 3575, 1744, 859
3255, 983, 2167
3278
4220, 4414, 2535, 4564, 3288, 2228, 2857, 3436, 2115, 4400, 2895, 1068, 1179, 3877, 2523
80, 1162, 2926, 252, 4166, 3521, 1390, 4596
2051, 3618, 1433
4444, 96, 950, 3979, 369, 1113, 2818
4758, 2372, 2406, 4626, 3113, 637, 2978, 4511
81, 571, 424, 451, 755, 460, 678
2389, 3742, 4409, 4703, 3880, 1230, 3815
3305, 204, 4565, 1076, 2111, 2472
3319, 4615, 268, 4477, 4324, 2030, 1405, 1235, 2182
4773, 4625, 2395, 691, 2056
82, 2706, 3104, 3424, 1747
3938, 3539, 4200
4917, 1046, 783, 1674
83, 263, 1655, 1714
3940, 3724, 3977, 3628, 4131, 4092
4318, 3236, 4027
84, 4333, 4550, 3008, 3782
2327, 2608, 3590
85, 1204, 4231
3876
4902, 3596, 4857, 4209, 4381, 2386, 4369, 1152
86, 494, 4743
2769, 4197, 1949
4061, 4325, 4808, 3168, 2273
4655, 4862, 2109, 3295, 315, 729, 1315, 4924, 920, 3207, 1404
4688, 3474, 2137
87, 2970
1801, 2461
4884, 4329, 596, 4103, 3627
88, 1101, 4770, 2925, 3277, 1839, 3565
2752, 4942, 3241
3827, 3598, 4804, 4162, 3091, 3435, 822, 4556, 4599
4443
89, 534, 1944, 1983, 4903
1304, 3358, 4478
4760, 1817, 3665, 4780, 2788, 4427, 4309, 2009
90, 484, 390, 878
1614, 2135, 3114
4731, 3610, 4196, 4840, 4581, 2131, 3286, 2502, 1857, 2460, 2233, 2897
91, 2814
3106, 156, 2207, 3232, 4715, 4971, 2189, 4302, 3385, 3531, 4664, 845, 2200, 2430, 3346, 3790, 2919
3714, 4611, 1866
4401, 2753, 4979, 3188
92, 1504, 3417
4832, 3570, 3011
93, 2223, 2652, 3258
437, 4689, 4070, 3732
2976, 3535, 4296
3632, 2197, 3055
4075, 2429, 3796
4129, 348, 1000, 3571
4861, 1955, 1795, 582, 603, 2602, 1058, 3510, 2785, 2269
94, 696
1182, 3878, 2615, 4183, 2239
1206, 3030, 3182
95, 3297, 3392, 4334
4922, 2828, 3224, 4635, 4957, 1448, 3426, 1572, 2629, 4483
4217, 796, 3691, 3982, 1819
4223, 4430, 3652
97, 1490, 1874, 4132
1562, 101, 4423, 4539, 1871
4818, 2297
98, 1940, 3552
1332
2607, 3511
2994, 1189, 4344, 426, 497, 776, 3216, 4785, 3105, 999, 4062, 2544
99, 146, 202, 1342, 1355, 4493
2928, 3363
1770
3577, 3888, 4726
1531, 3499, 1601
1958, 3719, 4193, 1868, 3342, 1292, 4904
102, 565, 2235
1338, 780
1671
104
633, 3053, 4968, 4068, 4963, 4005, 4406, 4778, 821, 1887, 4326, 1200
4821, 4077, 3024, 644, 2251, 4656, 1301, 4641, 2757, 3772
105, 495, 1337, 1025
1262, 3458, 3883
4911, 4247, 3527, 1807, 2282, 3209
106, 1588, 3802
3968, 4534, 4900
4385, 4592, 3921
4416, 223, 901, 3958, 3425, 2998, 2351, 3526, 2136, 1509
4447, 4842, 4605
107, 173, 1272, 1654, 1608
1465, 1899, 2283, 1125
1416, 2448, 1237, 2087
4824, 3615, 1581, 4723
109, 925
1373, 2620, 1111
110, 360, 1305, 2321, 3806, 631
1123, 2567, 4203, 3083
4086, 2738, 1232, 2026
111, 1485, 3116, 3739
2744, 2929, 3980, 893
4945, 4207, 4356, 4589, 4046, 2294
112, 1454, 4076
1482, 1938
4843, 2584, 1830, 2844
113, 1598, 2870, 4851, 441
2600, 2767, 4661, 1489
4533, 2509, 3869
114, 2790
4268, 3418, 2361, 2659, 3692, 2508, 3831, 4496, 4855, 3448, 4705
4536, 2596, 3984, 3469
4608, 4651, 2434, 980, 2921, 4873, 2456, 2688
4617, 297, 849, 4582, 4508, 4178, 4083, 3681, 836, 2562, 2061
4913, 255, 3670
115, 292, 206, 1005, 1055, 946
2894, 4228
4066, 3680, 3215, 2635, 3197, 2209, 2274, 2489, 2830
4379, 4179, 2490
116, 959, 921, 1141, 3568
2442, 1752
4022, 4186, 2217
1134, 3316
118, 813, 900, 768
1644
3779, 3566, 2485
4837, 4944, 2546, 1214, 1984
119, 303, 2623, 628
4008
4928, 4870, 341, 4106, 4644, 2576, 3390, 765, 1201, 1558, 2146, 1624, 1932
120, 1257, 2487, 1003
2650, 2256, 3287
3599, 2506, 895, 3801
121, 1863
122, 402, 462, 3542
4214, 3716, 4522, 647, 2697, 4306, 3588, 4314
4601, 1713, 3303, 4252
4856, 4684, 3771, 3314
123, 961, 2098
1184, 1599, 1735, 1931, 3059, 492, 1023
124, 1815, 1826, 2939, 4487
4216
4332, 4737, 3040, 3744, 1549
125, 345, 411, 2017, 2296, 785, 2192
3941
4355, 2684, 748, 4497, 2003
126, 2305, 2821, 3700
127, 541, 2394
2153, 4872, 3376, 3872, 2530, 4983, 3423, 4303, 1484, 1584
4767, 2712, 3798, 4506, 2756, 3989, 1754
4920, 2534, 3442, 1668, 3621
128, 1447, 4795, 3926, 2749, 4880, 1920, 4289, 1951
2005, 2658, 3194, 3276
1299, 1878, 1822, 2285
2888, 4078, 4413, 2606
3813, 2014, 4759
130, 506, 197, 1196, 2099, 665
1701, 593
2041, 233, 1114, 3501, 4711, 4218, 2735, 2148
3708, 4133, 4560, 2032, 4826, 1720, 3206
132, 170, 215, 2065, 2238, 885, 654, 1041, 945, 990
1198, 1354, 1517, 329
4360, 3839, 1117
133, 713, 2718
1579, 1909, 1651
2980, 2276, 4775, 2646, 4420, 2598
3893, 4170, 2091
4892, 2751, 2966
134, 1387, 2156
135, 184, 779
1892, 3005, 3445
4740, 174, 3434, 2370, 668, 3545, 2556
4964
137
287, 4348, 620, 3420, 2962, 575, 804, 3907, 2764
2560, 3095
3753, 3440, 4330, 3706, 3139, 4091
5000, 3195, 4906, 3219, 1473, 2592, 3574, 1821, 3132, 3950, 1534
138, 1377, 1268, 1445, 3066
2162
3795, 183, 241, 418, 3694, 703, 512
4732, 4937, 347, 4694, 4044, 3183, 1375, 4606, 3722, 4322
139, 1296, 3061, 1388
2702, 2884, 671, 3671, 1560
3829, 2492, 882, 3375
4057
141, 2983, 4390
2575
2887, 4198, 439, 2971, 3669, 1537, 3049, 1312
142, 884, 2944, 4885, 2124, 3355, 2413, 4456, 1550, 2588, 1629, 1823
3307, 4457
3654, 1907, 873
550, 4771, 4146, 1636
144, 586, 937, 2243
145, 368, 979, 1841
1590, 3361, 1593
2280, 2491, 4033, 4264
3547
147, 1135, 3419, 1072
3966, 3933, 2247
148, 872
2705, 3743, 831, 1725
4951, 4134, 2227, 3384, 3513, 3001
149, 2203, 4970, 2831, 1159, 2758, 4139, 2651
4194
150, 520
1755, 2777
4782
151, 2612, 4673, 2310
152, 1191, 2173, 2835, 3023
153
4609
4762, 3663, 4014, 3229, 3046, 2025
154, 1546, 4677, 947, 3591, 4720, 2917
1816, 1914, 782
2961, 4084, 2882
3726, 4783, 2149, 837, 4745, 966, 1788, 2431, 3025
4327, 394, 3007
2350, 2548, 4482, 4629
157, 747
3088, 4725, 1364, 4844, 2185, 2013
3308, 4513, 3975, 3664
3923
158, 1910, 1216
159
1990, 1024, 2047
3463, 4374
3889, 3164, 4450, 4514, 4691
160, 1978, 3153
2367
162, 1557
3506, 4548, 2503
163, 1298, 3837, 4908, 3792, 3388, 1730
2103, 1865, 2374, 4502, 4257
2229
4988
164, 221, 1164, 2076, 3272
1177, 3462
4830, 3623
165, 899, 2911
2046, 1784
166, 705, 367, 725, 766, 610, 1635, 2804
1962
2240, 4646, 4272
2597, 4184, 1018, 2322
167, 1765, 3666, 4305
168, 311, 602, 3212
4947, 3397
169, 240, 2261, 3555
728, 2249, 2080
3109
2253, 2114, 3962, 660, 3451, 4337, 1047, 4364, 1697, 4291, 2301
3028, 2892, 4501, 4063, 2380, 2446, 4990, 4016, 3750, 4382, 4541, 3432, 4262
3253, 4340, 1847, 3269
4992, 4213, 2619, 3443, 3985
172, 627, 2720, 3404
413, 4797, 387, 642, 2741
4126, 3903, 4716, 2695, 2932, 2307
4787
3817, 4481
1181
176, 182, 591, 629
1346, 1414
4174, 328, 527, 846, 1067, 954, 2286
4753, 3773, 4627, 3427, 4566, 1413, 1565
1578, 1851
3247, 4871, 557, 1302, 2293
4422, 3922, 3686, 2979, 3044, 4499, 4717, 4542, 3843
179, 1662, 3184, 4463, 4079
1661, 4687, 1742, 1494
2536
2330, 2947
181, 1678, 1977
3987, 3604
604, 230, 294, 1386, 4675, 4812, 444, 1029, 2315, 459, 2770, 3522, 4278, 1010, 2577
4967, 4779, 3300
185, 1163, 2737, 3079
4373, 3422, 1393, 3729, 4343
4446, 2647, 1264
186, 1993, 2480, 2493, 4240, 2158
4710, 1322, 2965
1503, 1682
3682, 4248, 1911, 4517, 2713, 4578, 2739
188, 924, 1089
1842
189, 1367, 1481, 3699, 4149, 635, 1703
190, 401, 2172, 2246
2479, 3381, 4563
2528, 716, 3201, 1428
191, 1066, 3398
1431
4891, 3990, 3233, 1796, 3411
192, 2134
3356, 205, 1457, 3415
194, 2002
3130, 227, 2378, 3380, 4277, 4047
3157, 4412, 915
4557, 3894, 4271, 464, 2721, 3410, 4632, 3248
4031, 3904, 4002, 3321, 3344
198, 2529, 3702, 4932
4098
4159, 4569, 4010
199, 264, 316, 808, 1316, 1670
1495
201, 773
1155, 4927, 4101, 364, 1012, 1758, 4398, 2476
3003, 4254
1219
1383
3378, 1379, 4127
1526, 4148
4090, 1105, 1576, 3051
1912, 3601
2810
3864, 3306, 2868
4909, 584, 3647, 4380, 795, 1254
4571, 866, 3193
4789
209, 2045, 2811
3433, 4425, 580, 2533, 3913
210, 1185, 1443
3991, 4051, 3589
211, 622, 3751
1432
3845, 3393, 392, 681, 4839, 2059, 1140, 1014, 4678, 2362, 2040, 2175
212, 510, 971, 2178
2638, 467
213, 699, 760
2190, 3487
3767, 432, 1065, 1937
2700, 2778, 3430
2101, 2640
4153, 4736, 574, 4544, 3905, 3754
216, 1864, 2808
217, 4809
2306, 2762, 4643
4734, 336, 3517, 4112, 894, 1659, 3125, 1741, 2933, 1137, 1791
219, 3304, 4282
1277, 1574, 3143, 814, 1470
220, 2637, 3204, 3676, 1028
222, 740, 886, 1050
1633
224, 669, 1330, 3230
3137, 3960
225, 449, 4803, 4823, 824
226, 357
4102, 4898, 614, 1351, 4490, 3340
4701, 4975
3394, 3532, 4749, 3349, 1083, 1116
2645, 4182
3765
229, 1724, 2011, 2997
4748, 4912, 2896
2639
4551, 4953, 373, 3035, 4859, 789, 1718, 3097, 904, 3141, 3050
231, 358, 380, 3254
3284, 4836, 709, 2277
4692, 4015, 4881, 2952, 3882
234, 3336
3359, 4588, 4831, 4473, 1981, 4633
4610, 4297, 745, 1345, 4020, 4788
235, 334, 1982, 2308, 3683
1985, 2254
236, 1060, 1479
3414, 4638
4984, 4195, 561, 4421, 2930
237, 530, 2696
3934, 626, 4311, 2481
4019
4931, 1946, 1903, 1799, 2033
3562
239, 558, 2987
2312, 4065, 4267
1716, 282, 4258
4825
2843
243, 1049, 4190, 4925, 3809, 3924, 679, 1520, 1533, 2108
1035, 2630, 3885
244, 2159, 2478, 4147, 262
245, 676, 902, 2095
246, 3840, 4586
2573, 2789, 4966, 4261, 2090, 3603, 3644
247, 4229, 4388
1178, 1510, 3930
2946, 4962, 4251
248, 853, 1446, 4479
1547
4295, 423, 667, 4151, 4206, 552, 2118
249, 1472, 2092
250, 1506, 3043, 903
3622
3608, 4742, 4436, 1877, 815, 4115, 3761, 2731
3854, 1991, 3223, 739, 2397
4998, 254, 1142, 3032, 1429, 563, 4234, 3867, 2287, 1027, 1311, 3265
253, 1022, 805, 2129, 2298
2950
2923, 4451, 4549
3449
4032, 3808
1395, 1118, 1449, 1782
4801, 2570, 3202, 1894, 1103, 3256, 4792, 3964
256, 1652, 3898
257, 1889, 1596
2234, 2747, 3033, 4568, 3643
258, 476, 2141
2122
3780, 3548, 2771
2563
260, 1009
1188
261, 1813, 3341
1812, 2058, 1551
2302, 4118, 4049
4142, 389, 4150
4396, 4704, 2112
265, 1121, 1349, 1734
3118, 3318, 2822
267, 1360, 934, 2967, 4624, 3291
1908
269, 687, 851, 1571
1281, 1568, 1628, 1108, 1478
1285, 4172, 3687
271, 3955, 4336, 3748, 2496, 1975, 3100, 3221, 2464, 4580
1112, 1326, 436, 1591
272, 996, 2779, 2781, 2795
1124, 2384, 4283, 443, 1120
273, 1208, 1505, 1883, 871
274, 680, 951, 396
1603, 3689
4368, 3076, 3887, 750, 1715
277, 1030
3557
3010, 4612, 553, 4395, 4164
279, 1957
1376, 3848, 461
4955, 4746, 1097
280, 1217, 1359, 3784
2654, 3262, 4367, 4424
281, 300, 784
3166, 1069
2486
2338
2072, 3060, 914, 1158
4485, 4292
285, 619, 3740
2268, 2880, 1922
2198, 3069, 1480
3439, 290, 615, 4529
4023, 4104, 1929
3800, 3016, 3199
288, 2865, 4521, 4524
2916, 3135, 1424
2036, 2206, 477
3620, 433, 3558
4956, 3014, 2039, 1727, 3457, 2349
291, 382
4352
4274, 2086, 4081, 4936, 1970
3345, 4449, 4810, 4916, 2540, 3148, 2501
4858, 3799
295, 888, 1686, 2991, 1640
1542, 1749, 2048
4331, 322, 2006
296, 1381, 1573, 1719
3461, 648, 1192, 1415
298, 2667, 4108
299, 524, 639, 953
2622
2793, 4718, 4119
301, 408, 3266
1408
2816, 4307, 1460
3672, 3778
4874, 653, 4989, 1696
302, 697, 948
2436, 2452
304, 2016, 3082
4111, 1705, 3835
1399, 3986
1689, 4863, 3222
4226, 3089, 3481
1146, 1998, 1706
309, 455, 544, 599, 1013
2074, 407, 1165
4914
310, 677
4144
312, 3101, 3165, 4634
313, 560, 632, 493
2878
314, 354, 397, 2255
2236, 3328, 4346
4594
4766
1389, 3832, 1207, 1462, 2786
2912, 3238, 605
317, 656, 3561
3970
319
4387, 468, 1197, 931
320, 826, 675
321, 465
3509, 817, 3484
1294
3936, 4222, 2801
4875
324, 1539, 735
4562, 3012, 4567, 2216, 3015
325, 463, 2985
1852
4653, 2037, 3890
326, 788, 1246, 887
340, 2719, 3728
3655
327, 838
1340, 2940
4647
1627, 1785, 1615
2161
330, 505, 569
331, 488, 1239, 3313
1939, 2522, 1786
4747, 4397, 3925, 1130, 2772
333, 718, 1396, 1518
1492, 3021
335, 1840, 2070, 2586
3587, 377, 4225, 3737
3296, 4383, 1994
3684, 701, 1286
339, 1054, 1693
1202, 1989
4794
1966, 2067, 3192, 546
1872, 2685
3573
346, 1570
4339, 375, 3175
3886, 3766, 4158
1805, 4188
350, 2823, 419
2957, 4328, 1363, 4358, 1638
4376
351, 1528, 2353, 3031
352, 1327, 2703, 1645
1594
353, 385, 2127, 4751
3967, 4120
355, 404, 706, 3107
1933
3891, 4667, 2521, 2578
356, 595, 965, 3234, 3530
3612
359, 2029, 2776, 3360, 912
361, 1466, 2145, 2324, 752
362, 917, 3111, 3246
1233, 3459
3446, 370, 2210, 4263, 1656
3949
2549, 4472
365
1459, 531, 1394, 4518, 4865, 4721, 3954, 1995
2213, 3070, 4054
2220, 2574
1771, 823
1890, 3129, 1667
4546, 2594, 4275
1676, 3650
372, 480
3338, 3495
4189
374, 1344, 1031, 2626, 2871, 3071
2062, 422
4157, 1366
376, 1437, 2463, 3144, 3282
378, 791, 807, 3078, 3138
2545, 3605, 612, 1804, 3696, 4554, 1212
379, 399, 4660, 386, 1247
3156
381, 2060, 4242, 4393
2948, 4686, 4212, 3280
3271
3746, 1583, 2990, 3564, 1612
1790, 1015
384, 1063
1361, 2616, 3299
2555
388, 1133, 3502, 525
4523
391, 1691, 751
2382
393, 613
3117
3294
395, 818
1171, 3814
1918, 1774
398, 1243, 1439, 1575, 1430
2678
400, 1282
3333, 3816
3541
3961
2179
3935, 3161, 2130, 2561, 3725, 1128, 1806, 4123, 1289, 2328, 2024
409, 879, 3755
4480, 685, 2292, 2734
3020
4402, 3176
1739, 2259, 1726
412, 1084
1464
3856, 3274
414, 539
3866, 427, 1391, 682, 896
415, 475, 1293, 2763
3263
416, 778
1536, 502, 3471, 4981, 2593
1561, 1750, 528
3094, 4709, 4056
3327
3662
2410
421, 442, 692, 1737, 4175
2641
2084, 3917, 819
2942, 3479
3133
3454
429, 720, 2850
4304, 2877, 4659
1856, 2958, 3402
431, 854, 1064, 737, 4540
4492
434, 1680, 3738, 655, 919
3406, 4042, 2656
4201
438, 1244, 812, 1700
4040, 623, 2766
3947, 4160
3579, 733, 4001, 3757
4320, 2708, 4378
3416
445, 3162
447, 689, 533, 1186, 1259
2841
4052
2357, 4438, 4433
3861
3096, 3723
452, 994, 4448
454, 714
2996, 3151
4561, 2454, 2505, 2624, 4053, 2495, 3884
3180, 3759
457, 1075, 1809
2591
1278, 1463
3225
4281, 2449
1577, 2426, 1522
1436, 1690, 1699, 3191
4100, 3460, 1261, 1619, 3257
3853
4995, 855, 2407, 2498, 4679, 2052, 3409, 1402, 3614
466
955, 1372, 522, 526, 4205
2157
4284, 3981, 1365
470, 472, 1769, 2995
471, 1183
2023
4199, 2683, 1876
2184, 3554
1648, 2904
479, 1879, 4946, 3017
2208
4897, 1385, 4018, 3943, 2105
481, 1004, 1810, 1102
1818, 2609
482, 559
2205
1685, 2214, 572
2525, 3789, 4671, 4724, 787, 858, 2387, 4894, 997, 4312, 3534, 2309
1829
486, 2621
4037, 630, 2363, 2694
489, 892, 2326
2201, 2812
490, 3320
1071, 1767, 876, 1666
1783, 2512
491, 867
2082
2605, 2867
496, 715, 4649
1350, 587
1357, 2690, 1532
4877
498, 1759
3915, 3348, 3583, 4827, 1234, 1850, 1309, 2827
499, 941
1409, 4236, 2687
4176
500, 3057
756, 4168, 4494, 4454, 2336
3058, 2704
501, 2028
3000, 611, 3787
508, 840, 973, 1147, 1145
1722, 2358, 2682, 3697, 1401
2807
1964
2396, 2403
4590, 3785, 4347
515, 1609, 1653
4004, 3536, 1199, 1695
516, 722, 798
1692
517, 944, 1017, 2318
1434
521, 1223
3145, 2547, 3467, 1828
1704, 1514
523, 1483, 1913, 634, 800
3169, 4583
529
2202
532, 1926, 1438, 1687
3523, 3651, 1595
536, 967
3073, 3701, 1832
537, 1606, 3048
538
2497, 3250
540, 2458
3189, 554, 1382
542, 841, 1088
1902, 820
543, 1126, 2798, 2875
2604
547, 1423
2054
2891, 3576, 3399
3368, 4041, 3572
548, 1763
1328, 3648
551, 1038, 763, 3041
1825
2050, 2142, 923
1845, 2418
1622, 3372
2404, 2780
2012, 2288
3413, 3849, 3128
1154, 844, 2106
1930, 4250
2482, 1952
564, 1397, 3124
1260, 1226
568, 1368, 2211, 3115
570, 861
1563
4616, 4593
4442, 4085, 3444, 1061
4475, 4459, 3865
2657, 1119
1555, 1556
577, 1092, 3084
3279, 3927
578, 2982
2803
581, 1527, 4391, 4026, 2021
2689, 1846
4125, 4828, 4256, 2343
583, 995, 1435
2147, 2672, 3329, 957
585, 1728, 4237
2441
588, 1743
590, 1070
1844, 4143
1441
592, 1548
4712, 769, 4323
2601
2226
2317
1138
598, 1093, 1266
1733
600, 646, 1086
601, 2385
1855
609, 1643, 3367
2266, 3524
3171, 4167
3119
2345
4466, 3477, 998, 2674, 4034
1523, 1511
1241, 1263
621, 1567
624, 2020
1882
1679, 761
2331
4652
3354
1265
2558
2284, 3149
3154, 4952, 4798, 1941, 794, 2927, 3056, 1582, 3770
3909, 4488, 3456
1493
4246, 4607
4067
636, 1136
4841
638, 801, 2139, 3818, 1928
2053, 2295, 2440
640, 936, 992
661, 2272, 4136, 3550, 1963, 3067
1242
645, 833, 1897, 2081, 3237
3152
3928
1453, 2399
3533, 4013, 1362
649, 2096
2300
651, 1043
1153, 1948
652, 2625
2383, 2679, 717
1187, 1411
4729, 673, 2782, 3334, 2199, 4011, 2551
1607, 1524
3110, 2186, 4287, 2278
1222
2660
663, 1403, 2069
4901, 2004, 754, 2775
666, 775, 2969
1626
672, 1604, 2373
674, 1895, 2648
4741, 3518, 2187
1100
683, 1721, 2580, 4088
2018
2143
2447, 2527
690, 1681
2837, 2984, 3569
1764
695, 2445
3401, 2270, 2258, 1760
3498, 3842, 4137, 4155
3721
1143, 4060, 1541, 1352
1802, 1675
704, 1646
2806, 2376
2304
3281, 3289
719, 1870, 2631, 2402
721, 1554, 2711
723, 1173
724, 1176, 1746, 2668, 2760
726, 3543, 3993, 4253
1925, 3594
2104
3638
732, 1658
1880, 4089, 2566, 1792
1934, 1956, 877, 2250
736, 1127
2569, 3661
3249
738, 868, 960, 829, 1660, 2579, 1336, 2541
1287
1748, 1274
1979, 2727
743, 1421
2166
1775, 2905
4486
3452
4121, 2164, 4025
4363
757, 926, 2856, 3211
1712
758, 1683
759, 1032, 1587
3705
762, 1967, 2644
1610
4140
2784
2834, 1271, 3485, 3037, 4266, 3186, 1808
2693
1250
3585, 1904, 3616
3054
774, 1529, 1814, 3939
1525
1221, 1151
2494
2791
2423
2260
1521
3931, 3899
2097, 1139
1798
790, 832, 2468, 2664
3382
3074
1110
797
4573, 3586, 2680
3769
1461, 3335
802, 1592, 1924, 3781, 927, 1215
803, 3034, 3946
1343, 3945
1224
1789
3544
3062, 2219, 2417, 2589, 3173
3301, 3896
2673, 2729
2691
2568
2094, 2420
4977, 3400
2538
1762
2726
4349, 3976, 1334
3528
4235
839, 975
2681
842, 1738, 2934
2466
1148, 1157
984, 3377, 2443
1475
856, 928
3656
2873
1501
1630
862, 1442, 1740, 2455
4538, 1471, 4435
864, 1167, 3240, 1107
870, 874, 2031, 2669, 4000
1757, 2893, 1006
2169, 2176, 2571
881, 1824, 3330
1096, 1723, 2168
883, 1875
2027
3482
2475, 3830
2123
1618
3326
3836
1205
2792
1248, 3804, 2833
4698
1295
908
909, 1080
1649, 4670
3312, 1057, 2484
3273
916, 1516, 2499
1780
2078, 1422
2119
929, 2518, 3013, 3497
1324, 2665
4757
939, 1081
2428
943, 2746
1210, 1406
2244
2073, 1498
1621
949, 982, 1325, 1753, 1943
1838, 3803
4259
3636
964, 1569, 2736
1255
2662, 2881
972, 1861
2245, 3710
977, 2748, 3473
978, 1306, 2421
985, 1275
2543
2692
2252
989, 1425, 1729
3036
2121
1988
3749, 1858
1672, 4173
1283
1002, 1021
1253, 4114
3403
2356, 3983
1011, 1496, 2340
1016, 1039
2348
1020, 2241, 4096, 1122
2289
1688
1642
1444
1044, 2100
2813
1052, 1707, 1901
1564, 2049, 2066
1091, 1779, 3514
1062, 1156
1348
1193
3311, 3196, 4489, 2670
4623
1339
1077, 2686
1082, 1544, 1634
3200
1945
2174
2768, 2825
2611
2874
2064
2824
2677
1129, 1710
3556
2774, 2809
3009
2412
3243
3475
3508
2488
2796, 3102
2653, 2846
1160, 1834
3995
1161, 2581
3163
2177
2279, 2663
2876
2126
1175, 1229, 2716
3768
2316, 3668, 1417
2218
1898, 2323
2401
3018
2550
2303
2408
1211, 1664, 1905
2974
2311
2773
2398, 1290
1228, 1412, 1502, 1605
1980
2539, 3516
1231, 1637, 3167
2392
3600
4238
2935
4219
2599
2320
3791
1256, 1258, 2391
3997
2117
2043
2973
4030
1269, 1314, 1455
2088
1279, 2332, 3999, 3476
3488
2262
3136
3029
1891
2264
1323, 2010
2368
2359
2714
3633
1335, 1500
2360
2314
4622
1942
3408
2263, 2507
2151
2883, 3150
2346
2740
2152
3819, 2483
1384, 1617
3649
2698
3038
3431
2128
2829
2438
1418, 2559
3337
2125, 3251
1968
2000, 1477
2847
2007
2093, 2075
2271
1869
1456
2230
2405
2564
2855
1971
2265
3120
2224
2170
3918
4245
1849
3006
1999
2515
2019
4394
3834
3912
3108
1886, 1954
1953
2329
2365
1616, 2931
2160
2319
2085
2797, 3267
2722
1639, 1751
2140
2337
2634
2437
1959
2215
2724
2369, 2754, 3450
2342
2055
2469
2107
3718
3019
3226
3309
2290
2815
2439
3736
2800
2510
1787, 2462
3177
2610
3546
2325
2022
4003
2617
3092
2553
2953, 3027
3929
3275
2920
3081
2910
2450
3093
2655
2470, 2422
2516
3374
3047
3525
2989
2862
3122
3383
3373
2861
2732
3412
2858
2755
2783
