1, 367, 620, 760, 326, 4369
2334, 4965, 4654, 4765, 2512, 4232, 1037, 4210, 2888
3384, 4951, 2178, 4188, 3001
4778, 3057, 4326, 685
2, 440, 447
3103, 3656
3662, 136, 2531, 3434, 4974, 609, 4507, 3209, 4740, 823, 3527, 1287
3895, 4777, 4269, 2242, 4113
3, 436, 664, 1102, 4264, 1028
1114, 1342, 1400, 1598, 1363, 1803
2226, 4431, 2642, 4141, 2193, 2517
3914, 4639, 1371
4819, 4413, 3426, 308, 2926, 1937, 3791, 1836, 3228, 4181
4, 2398, 3776, 4292, 826
3948, 3464, 261, 618
4376, 4267
4405, 2222, 4893, 4372, 1507, 1347, 3249, 1530
5, 1351, 2032, 2823, 3683, 4197, 4335
6, 236, 2952, 3459
2613, 2809, 3238
3108, 4686, 3469
4548, 4753
7, 454, 492, 1316, 809, 1148
1122, 2509, 2619, 3969, 184, 670
8, 1199, 3107, 3124, 3136, 1383
4222, 4021, 3992
4623, 3534, 3751
9, 1171, 1802, 3576, 4640
3388, 3084, 4550, 3512, 4404, 4908
3626, 4545, 4124, 3236
10, 560
2112, 1166, 4600, 1479
2760, 3879, 378
3251, 1849, 2796
3922, 2865
11, 581, 4407, 4552
2671, 4574, 4642, 3731
2990
3216, 2048, 2544, 1542, 4785
4657, 4900, 3552
4972, 4856, 3225, 4011
12, 179, 1807, 3303, 4079
2215, 3305, 3635, 4194
4174, 4463, 4290, 2135, 4383
13, 376, 4477, 4683, 4615, 3290, 683, 957, 4324, 952, 4107, 1235, 1653
1264, 2369, 737, 1790, 1333
3437, 3970, 4825, 679, 2320, 4723
14, 3128, 3665, 3849, 4354
4320, 4378, 2708
4993, 1706, 3687
15, 450, 507, 970, 3158, 1026
1529, 1570, 1632
16, 56, 405, 2012, 3816, 933
1805, 2343
3631, 4557, 2721, 993, 2181
4721, 4869, 2736, 894, 4518, 1143, 1882, 1688, 3853, 3730, 1838
17, 996
2859, 3674, 4134
4095, 3874, 2457
4163, 205, 3567
18, 2078, 3174, 3233, 4408, 748
3978, 3910, 3715, 4474, 1427
4234, 3867, 1142
19, 998, 3109
1458, 2104, 3165, 361
3255, 3477, 3037, 990
4566, 2997, 3702
20, 201, 1382, 4173, 1355, 2389
1325, 3363, 433
4303, 319, 2401, 391, 3872, 4983, 3423
21, 825
283, 83, 704, 4630, 4662
1468, 1984, 2765, 2905
4090, 4726, 778
22, 265, 443, 4036
1460, 3173, 3529, 3897
4931, 289, 4802, 3830
23, 695, 1031, 1621, 4512
2136, 3425, 2998, 3958
3401
4469, 464, 4249
4558, 3077, 4807, 3453, 3611, 3486
24, 1986, 2286, 2717
4645, 4646, 3915, 1754, 2911
4959
4995, 70, 564, 4235
25, 1219, 1532, 2698, 3182, 146, 244, 749
2655
3227, 1249, 4879, 1761, 1357
26, 255, 981, 2847
3361, 2265, 2706
4166, 4750, 270, 1245, 3667
4397, 4543, 3559
4958, 4355, 2017, 4202
27, 2506, 4045, 4616
3761, 3330, 4847, 1746, 4115
4849, 640, 4834
28, 4221, 4855, 3831, 4157, 2459, 1757
2150, 2846, 1765
2462, 4076, 4986, 4936, 1501, 2516, 1193, 1938, 2551, 4894, 2974
3481, 1978, 3180, 2567
29, 529
1251, 2147, 3007, 4168
4854, 4631, 568, 293, 3085
30, 138
1338, 1760, 2939, 4618, 432
2679, 4866, 3090, 2465, 4367
31, 392, 953, 1677, 889
2547, 2641
4885, 4456, 3455
4980, 3629, 4768, 3916, 849, 1488, 4385
32, 1547, 3034, 3358, 4604
3194, 4795, 128, 4751, 1082
4297, 3282, 4610, 2484
33, 945, 522
1312, 4072, 4580, 4603
4259, 4583, 4743, 3309
34, 1963, 2912, 3539, 365, 1327
4386, 3619, 4801, 4817, 3996, 4192
4588, 3941, 4988, 4868, 3058, 4946, 3308, 2254, 2704
35, 2754, 4117, 4909, 976
4641, 4656, 4691, 2251, 4821, 3772, 2757, 4077, 646, 3024, 909, 1301, 3073
4975, 4827, 4450
36, 2458
1816, 1854, 2664, 4311, 49
4546, 228, 1565, 2712
37, 399, 497, 3414, 776
1215, 1791, 2763
3166, 3966, 3933, 2247, 4688, 3278, 3474
4596, 4572, 4978, 4887, 3521
38, 1392, 4994
2158, 4099, 2646
2403, 3276, 3857
39, 4793, 4996, 3659, 171, 3685, 4822, 462, 1535, 1690, 3777, 1062, 1161, 3006
2069, 4176, 1435
2581, 3263
4881, 3087, 4808
40, 1651, 2312, 3202, 3790, 3937, 4760
41, 1399, 2518, 2662, 4245, 1298, 1517, 1730, 1734
2930, 4984, 2692, 4526, 3666
42, 4890, 4917
1194, 4787, 2018
1445, 2935, 525, 3565, 1206
3739
4359, 1150, 4187
43, 237, 384, 3827, 4676
3014
3792, 3008, 4130, 2224
4794, 2555, 387, 3912, 1902, 4633, 1879
44, 839, 4540, 4577
2523, 4220, 4414, 4564, 2857
3514, 4442, 3801, 3896, 3821, 4547, 4911
3762, 4814
4704, 4455, 3689
45, 3450, 4009
3981, 4522, 4314, 3588, 4306
4307, 3585, 2683
4970, 2218, 2886
46, 488, 3835, 4018, 4597
2067, 2771, 3950, 4333
4800, 4861, 2269, 556, 1294, 1231, 1955
47, 215, 4449, 4611
2439, 2868, 3398, 3518, 2405, 2418
4443, 4804, 4162, 3563
48, 653, 3070
1732, 4305, 4389
3994, 189, 759, 4593, 1064
4718, 3909, 4023, 2985, 1568
3226
4317, 3973, 648, 1538
4579, 4224, 764, 2715
4929, 713, 1092, 2345
50, 2471, 4693
1246
2542, 4375, 4204, 4519, 3860
3838, 4677, 3591, 503, 3504
51, 84, 327, 583, 2895, 4400, 4569, 110
1572, 2337, 3022
52, 1059
2404, 2991, 3086, 3814, 354
4636, 2975, 4109, 2627, 3782, 2144
53, 740, 3645
1774, 2232, 2840, 3192
4863, 3222, 3170, 1352
54, 1487, 2541, 2781, 1480, 1508
4214, 3716, 4284
55, 73, 489, 935, 1306, 3886, 349
1662, 3422, 3974, 908, 4213, 4915, 2205, 1893
1672, 4419, 1817
3410, 4209, 1444
3630, 2091, 1767, 4116, 4681, 1071, 1320, 1527
4739, 3489, 278, 1835, 2963
4926, 3532, 3349, 2943, 3956, 4749, 4255
4938, 4316
57, 59, 413, 891, 207, 1045, 2521, 2925, 249, 619, 493, 940, 717
3569, 4773, 2543
4370
58, 1887, 2492, 3060, 3528, 4345
4806, 4093, 1284
4692, 4325, 4216
60, 247, 2071
2216, 2791, 4567, 1279
3889, 1238, 686, 4766
61, 147, 2988, 4860, 1321, 561, 874, 4434, 708
1861, 3900
62, 1631, 3268, 3732, 103
3430, 2964, 2719
63, 526, 1090, 842
1628, 1957, 3083, 1457
4643, 4475, 3747
64, 2443, 2488, 3440, 4402, 4934
3639, 3607, 3902
65, 214, 831, 78, 1422, 1974, 3475
4146, 2739, 4248, 4771, 3758, 1798
4231, 3594, 2329
66, 1561, 1862, 3224, 4776
3748, 4769
67, 116, 508, 2901, 3185, 3334, 4034
3321
4535, 4670
4625, 780, 4664
4763, 3494, 3350, 3123, 3868
68, 1943, 3197, 3976
4620, 4878, 4243, 868, 3841
69, 815, 4169, 4637
3803, 4493
4447, 2653
4920, 127, 3442, 4872, 4891, 1408, 2590
1680, 1715, 2170, 2790, 3068
71, 3661, 4701
1868, 2766, 3535, 793, 827
4661, 3869, 812
72, 77, 346, 2219, 2376, 4617
1764
3357, 4128, 3778, 3609
4570, 4845, 4286, 4415
74, 1857, 2514, 2565, 3581, 4571, 883
4940, 4070, 2088
75, 1499, 1936, 2291, 3373, 121, 861, 1105, 1300, 1647, 2155, 2061
3975, 4651, 4154, 4554, 2456, 3696
4839, 4678, 1140, 2040
76, 1329, 1603, 3505, 4312, 1115
4606, 4322, 4044, 347, 790, 4694, 4732
4708, 1949, 2366, 3509
4896, 4954, 3484
3473, 3980, 4219
4836, 3515, 3708, 4848, 2987, 716, 3862, 4707, 4727, 4300, 4685, 1916, 4418
79, 428, 519, 830, 1261, 2276, 3164
3446, 2210, 4764, 2915, 2050
3707
4602, 4805, 3625, 3575, 1580, 1744
4660, 4028, 4706, 3658, 4298
80, 4653, 4671
3344, 4031, 4725, 3602, 3088
3650, 4384, 3959
3921
4905, 91, 2183, 4357, 3386, 2197, 4754, 4191, 2425
81, 281, 142, 549, 934, 3120, 3439, 430
1544, 2984, 4165, 4720
82, 218, 219, 956, 3584, 3993
1419, 1933, 2132, 272, 331
4505, 3720, 1685
3151, 3242, 4244
4390, 4014, 2020
4626, 2350, 4511
85, 595, 3678, 3807
822, 4663, 4730, 4293, 2279
1233, 1612, 3307, 4240, 667
86, 1412, 2141, 1228
3364, 4790, 3908, 517, 3038, 3465
87, 2151, 3115, 3479, 4922
3130, 4277, 559, 946, 2145, 860, 1201, 4871
88, 3392, 3894
3568
89, 1877, 2107, 2530, 2667, 232, 2082
3617, 4180, 4271
90, 344, 982, 1167, 4380, 1247
2194, 2768, 4020, 1086, 2900
2955, 4481, 3638, 4945, 4947, 2870, 1127, 1149
2513, 645, 2227, 721
3493, 4024, 4230
92, 681, 807, 301, 2889, 3356
1552, 3570, 3918, 4530, 460
93, 140, 1151, 2102, 2932, 3291
2445, 1163, 4997, 4811, 4229
2848, 284, 2072, 973
3302, 4835, 538, 4985, 1440
3324
3796, 944, 2591
94, 642, 1080
2239, 1848, 4487, 1569
4381, 4857, 4902, 552, 2283, 3927
4935, 3699, 4960, 638
95, 444, 2290, 3021
1134, 2928, 4206
4433, 3269, 1830
96, 562, 1036, 1776, 1073
1759, 1819, 400
3901, 4949, 2423, 895
97, 420, 4377, 4409
1434, 1694, 3710, 4852, 315, 1076
98, 932, 884
3476, 3999
3590, 4478, 4460
99, 339, 1497
1413, 4078, 4467
100, 1319, 2560, 2837, 495
3310, 3756, 3468
101, 3499, 4363
2420, 2951, 3316
4748, 4591, 4549
102, 1668, 4840, 4731
3832, 4082
4581, 4779, 4196
3041, 4747
4226, 3371, 4313, 2936, 4698, 4013
104, 109, 355, 332, 351, 906, 1030
2805, 3628
105, 1433, 3240, 3671, 4085, 1645
106, 1843, 2093, 337
2408, 2786, 1462
3295, 166, 947, 4924, 449
4238, 4789, 4347
107, 246, 1039
2037, 2798, 3114
108, 240, 1089, 1202, 300
1634, 3299, 3990, 888
4907, 3953, 4563, 4055, 1482
4886, 409, 4446
3345, 4659
3726, 3025, 4745, 771, 4783, 2149, 2431
111, 924
1652, 2016
3161, 3935, 4123
4406, 633, 2248, 4963, 2292
112, 3405, 4260
1541, 3613, 3755, 192
2849, 567, 594, 4315, 4516, 2661, 2225
113, 1548, 2600, 120, 769
2767, 1952, 4533
4106, 4870, 156, 1558, 2146, 3390, 4644, 961, 1624, 4928, 1932, 2271
4762
114, 1067, 4145
2948, 4268, 1616, 3984, 4536
4272
115, 137, 1027, 752, 1299, 4143, 557, 1001, 1008, 877
1099, 2029, 3963, 1437
4953, 3721, 4859, 4551, 3097
3496, 2750, 4829, 4999, 4126, 4049, 4716
117, 359, 3441, 4171, 1066, 2819
3010
118, 225, 1718, 3991, 386
1695, 2460, 4514
119, 133, 371, 1613
2783, 3219, 3370
3452, 3485
4494, 4454, 3668
2802, 2947, 3289
122, 899, 1454
2430, 3009, 3379, 4246
123, 1211, 2695, 3752, 4065
124, 1649, 1684, 2273, 165
2647, 3690, 2474
4816, 4426, 1856, 1959, 2359, 2371
125, 1317, 2585, 4138
3911, 4462, 4838, 2117, 984, 1174, 3153, 2552
4914
126, 592, 1322, 4186
1390, 2354, 4022
3967, 4649, 1886
4812, 4278
3562
4270, 4883, 2701, 4465, 2725
4471, 3917, 4697, 4862
1210, 316, 3703, 2180
2577, 2582
129, 204, 1153, 1415, 3004
1814, 3019, 3198
3461, 3711, 1192
4470, 4205, 3470
130, 2099, 4528
3135
4239, 4352, 4118, 925
4445
131, 1885, 2520, 3951
4263, 4200, 4925, 4919, 3809
4944, 3899, 4803, 2546, 1214, 765, 3931, 1394
132, 2065, 2587, 4309
3500
4382, 3286, 186, 1821, 3235, 4201, 3574, 3195, 1534, 4906, 5000, 1473, 2663, 2263
4223, 2688, 1168, 851
134, 161, 534, 1157, 3621, 1630
1639, 2314
2871, 4648, 2860
4525, 4233
135, 372, 1844, 2515, 2845, 3429
2047, 3746, 3877, 2079
4632, 4241, 3961
3408, 3858
4955, 3501, 3603, 3231
139, 1622, 1702, 1800, 3695, 4396
4172, 4350, 3694, 4491
141, 1687, 3046, 4348
4910, 3882, 4061, 3168, 2678, 2280
1485
143, 813, 1035, 4140, 4585, 3365, 701
1596, 1905, 2043
144, 482, 641, 1731
2175, 3845, 3393, 2059
4336, 4391
145, 2827, 2883, 3704
3335, 4304
4160, 4513, 2872
2006, 2816, 3211
1629, 3322
148, 986, 632
229, 4568, 2747, 257, 886
2449, 271, 2139, 4459, 1709
2993
149, 1903, 2711
3728, 2801, 3111
4672, 4939, 4523
150, 885, 928, 374
2301, 2699
4037, 630, 1763, 1510
151, 677, 855
1464, 2260, 2272, 4088, 904
3604, 321, 687, 3784
152, 209, 728, 1048, 3735
2249, 4457
2355
153, 624, 962, 2575, 3301
1145, 1220, 1362
4609
154, 2008, 3789
3634, 565, 4621
4280, 1198
155, 305, 3547
2137, 2812, 3421, 1272
2762, 3714, 4057
157, 2159, 4483, 368, 1771, 4308
2274, 2617, 4184
4897, 3815, 4853
158, 1052, 1160, 2829
1217, 1753, 1403
1950, 3616, 2475
4559, 3944, 4170, 3239, 2894
159, 1693, 2074, 3138, 3159, 4532, 407, 1466
2693, 4066, 3680
160, 693, 2201, 3793, 4097
1328, 1837, 1980
2994, 295, 1189, 994, 1846, 2202, 3348, 2230
162, 587, 736, 1085, 1255
1381, 1660
163, 2377, 3328, 3397, 3502
4696, 4780, 639, 729, 3065
164, 2965, 3250
3516, 2266, 2958
2184
4921, 3972, 2836, 3855
2261, 2416
167, 266, 1711
3313, 4195
4265, 4341, 1007, 4772, 1450, 2424
4598, 3932, 4476, 3262, 2742
168, 216, 608, 3280, 3560
1851, 2106, 2453, 3399
3411, 2549, 3810, 4472, 3359
169, 2428, 2452, 4161, 4504
3836, 3200, 795, 1087
170, 187, 248, 2874, 267, 571, 329, 1091, 873, 930
1354, 2374, 2466, 431, 819
1416, 4451
172, 1958, 2485, 3234, 4094
173, 644, 1942, 1042
2749, 4774
4880, 2208, 3314
174, 1681, 2108, 2394, 3624
2152, 4737
175, 485, 389, 613, 1159, 3435
1441, 3597, 4302, 4531, 1023, 1770
176, 913
1853
4904, 4719, 782
177, 490, 2056, 2843
1367
3774, 3740, 4349
4710
178, 588, 730, 4428
1762, 582, 1528
4717
4977, 4669, 4687, 4966, 2573, 1710
180, 377, 3957, 4820, 2917, 4864, 3400
2907, 3548, 1021
4164, 4395, 3264, 4742, 4612, 4159
181
875, 3878, 2615
1775, 4429, 286
182, 198, 1267, 2167, 718, 770
1366, 3232
183, 1666, 1906, 2440, 3846, 1216
1967, 2131, 3610, 541
4484, 1619, 4211, 4038, 811, 1083, 3460
185, 1745, 2969, 3210, 4017, 4712, 710
4416, 570, 3526, 2351, 1509
2373, 2576, 3272, 4818, 2639
2916, 3873, 1991
4105, 4784, 763, 1610, 865, 892, 3988
188, 960, 1439, 2140, 1455
3076
2638, 445, 786
4063, 4786
190, 275, 401, 256, 725, 1930, 3492, 520
2589
3075, 3448, 3783
4520, 4137, 4435, 4424, 4538
191, 547, 2817
2751, 213, 4830, 435, 1431, 4892
3618, 4858, 2727
4755
1574, 3549
3261, 3205, 2126
193, 4027, 4510, 4318, 424, 3578, 3519
3383, 3582
194, 1921, 2902, 3099, 4590, 1923
2075, 4941, 2909, 3418
4584, 2164, 4178, 4875, 761, 4083, 4582, 1069, 2238, 3317, 2319, 3960, 2562
195, 1113, 4217, 796
2038, 4752
196, 1398, 1994
197, 1411, 2566, 4002, 364
4844
3865, 4058, 1188
199, 408, 911, 4046
3027, 3511, 4757
3595, 4702, 3760
4703, 2841, 1230
200, 208, 1072, 4918, 554, 1620, 2316, 3131, 2957, 2339
3757
4047, 2293, 277, 3380
2545, 2934, 3247
202, 1489, 1555, 1947, 1699
203, 1793, 2967, 3533, 3725, 672
4943
4971
2105, 4788
206, 1566, 2361, 3346
4555, 4108, 3176
1212
3503, 3304
3139, 828, 1820, 3188, 3706
3341, 4527, 1172
4733
4867
210, 383, 1602, 2954, 1669
1623, 1068
211, 1524, 2307, 2681, 3444, 3544, 1474
4865, 3374, 4874, 1029, 1995
212, 498, 2213, 3095, 3105
1839, 3292, 3887
3051, 3542
4635, 4361, 4084
4587
217, 762, 1983
2953, 3044, 4321, 4379
4809, 4556, 1962
2221, 2942, 3713, 4365, 4539
220, 3471, 3884
3781, 4624, 4503, 4981
221, 808, 741, 948
1229, 1914, 2571, 1305
4782, 4976, 4594, 2313
222, 1971, 3412
223, 2675, 4560
4987
224, 2724, 4319, 4362
2789, 2041, 2735, 2415
3525, 406, 4006
4261, 1953, 4746
1187, 2289, 2392
3589, 4837, 3273
226, 1111, 1850, 2285, 3802, 3864
227, 273, 919
2177, 2378
4537, 2799, 652, 3998
2976, 4064, 4148, 4342
4016, 3750, 3177
230, 689, 696, 1040, 2923, 698
1446, 1969, 2477, 735, 902
231, 1889, 1988, 2212
2651, 4770, 1101, 1343
3537
4592
233, 2918, 2973, 4332
3137, 2472, 2852, 4982, 3640, 936, 2481, 3934, 1954
234, 1345, 1675, 2732, 724, 858, 896
235, 318, 410, 3907, 3923, 598
1721, 4901
4121, 4791, 4992, 3952, 4638
4912, 4601, 2880
604, 4675, 2770, 3522, 4360
238, 590, 709, 1065, 3178, 3336
2528, 4330
3942, 3036, 832, 852, 2073, 3599
239, 1644, 2680
241, 3962, 4364, 3451
242, 1796, 4035
3081, 3936
243, 1520, 2553, 3396, 3799
4589, 4356
3824, 4492, 3048
3987, 1658, 3352, 4147
245, 2095, 3169, 3684
4913
4923
4153, 4544, 3333
4394
1789, 3026, 3293
250, 1601
3586, 4111, 918
4417, 394, 4030
251, 1777, 2550
252, 2304, 2383
4948, 3260, 2795
253, 3298, 4682
4508, 297, 1013, 3681
254, 496, 2262, 3449, 1636, 1788
2788, 3179
4962, 4680, 4251, 1556, 2062
4933
4619
3785
258, 2115, 2270, 2315, 459, 1740
259, 1787, 2122
260, 1010, 353, 1117, 2031
2390, 3419, 4410
2036
262, 3306, 675
3982, 4444, 3979, 3691, 1240, 1110, 2818, 1315
263, 1871, 2046, 4831, 1748
264, 1051, 2027, 2626
1469, 2473, 3061, 1356
3971, 1186, 3636
1648, 4247
268, 705, 1557
1409, 3319
3404, 3945, 3254
269, 876, 926, 959, 2256, 2774, 2834
1563, 4810, 4899, 3340, 2618
2419, 2507, 3848, 4025
3367, 3741, 2595
3954, 4054
3955
3387, 4903, 1239
4882, 2856, 4193, 1438
274, 285, 375, 1377, 393
2657
4387, 328, 963, 979, 3184, 360, 871
4575
4100, 4722
276, 989, 1750, 1766, 2469, 1758
1260, 2572, 2690
3557
3926
279, 511, 820, 1376, 3866
2100
280, 373, 1359, 691
1701, 2606, 4561
4328, 2722, 4358, 2206, 1406
282, 1116, 1716
2873, 2579, 3230, 1638
4112, 4734, 1659, 3517
4509, 4573, 4327, 4179, 4182, 1698
3146, 3553
3870, 1881, 1872, 4392
4273, 4266, 4942, 2650, 2524
287, 342, 1108, 4420
3487
288, 1369, 1597
3885, 2496, 4253, 3543
4524, 4422, 3843, 3686, 4499
4542
3579
290, 539, 870, 978, 1129, 4183, 1056
3780
291, 647, 3745
1589, 2949
292, 402, 404, 3196, 3246
1475, 2738, 1503
4850
2023, 2759, 3415, 1020
4961, 4004
294, 1907, 2761, 1865, 2244
3438, 1180, 4310
1310
296, 2015, 2171, 458, 650
4091, 4151, 2753
4608, 3605, 4873, 1522, 2921
2938
4736, 4479, 545, 1420
298, 1348, 3329, 4136, 1523
299, 747, 834, 1536
3362, 3771
3154, 4798, 794, 4952, 3056, 2927, 3770
3433
4019, 4586, 4149, 4425, 3701
3719
4843, 4438, 669, 2716, 4340, 1273, 2382
302, 2259, 2294, 2924
4889, 2842, 3407, 734, 4699
303, 2434, 4562
4129, 3458, 1582, 1941
4828, 974
304, 540, 3861
1133, 1463, 2341, 2580, 3472, 727
3612, 504, 1915, 1033, 4274, 2707, 2548
306, 3003, 3326, 4287
4212, 512, 692, 863, 866
307, 1156, 2223, 2803, 473
309, 2731
3577, 483, 1346, 3888, 1847
310, 370, 2252, 4237, 487
2021, 2302, 3794
311, 916, 746
2855, 3274
312, 1476, 1927, 2734, 3906, 4133, 550, 1562
313, 1043, 1873
1266, 2479, 3717, 510, 2503
314, 2240, 2476, 3851, 2862
1780
3002, 477
2338, 3296, 4285
317, 475, 3648
2179, 2828
2623
320, 1477
3653, 4001
322, 2899, 2989, 3208, 3424
323, 1175, 1964, 758
4295
324, 845, 3724
2344, 3092, 4296
325, 463, 882, 1525
2189, 2596, 2336
3096, 4067
2885, 3206, 881
4846, 412, 1190, 897, 1512, 1670, 1842, 1679
1470, 4738
4652
330, 1676, 4177, 4614
2455
3698, 3677, 4668, 1181
2268
4930
333, 1283, 2776, 3462
334, 700
3353, 480, 2323
3366, 3903
335, 356, 3063, 3566
2101, 3482, 1641
336, 821, 1910, 3733
1741, 2933, 4578
3175, 4666
3737, 4299, 4613
338, 1794, 1864, 2176, 2564, 4039, 1084
340, 2309, 3847
341, 2658
343, 2533, 901
4823, 2792, 4051, 768, 1289
345, 954, 968, 991, 379, 917
3214, 3820, 3840
1164, 2502, 2777, 4048, 2278
1118, 2110, 676
348, 484, 2677, 3709
2720, 3017, 4075
2034, 3402, 3928
350, 1209, 3327
3167, 3463
352, 1183, 2241, 3795
1920, 2129
2854, 3823
357, 1311, 2640, 3632
358, 427, 3495
3558, 3110, 3805, 4700, 1824
3660, 1176, 3673
2121, 3798
4937, 3183, 3722
1094, 3186, 3883
2612, 2941, 4059
362, 2887
4775, 1185, 1550, 3355
363, 3833, 3834, 4411
3217, 3652
3983
366, 1263, 4069, 4500
2030
369, 950, 1049, 958, 1492
1825, 3149, 999
2480, 3213
2154, 448, 4256, 964, 1385
4262, 2446, 3020
2946, 3122, 3554
3190, 3620, 2960
4339
1985, 2775, 3826
1773, 2537, 4096, 1259, 1426, 1804
3125, 4218, 4236
4950
3039
380, 706, 789, 4120
381, 1717, 2574, 4032, 4393
382, 799, 1900, 4041, 4368, 4534
1443, 2436
3032, 3265, 4998, 2287, 1429
2123
4967, 1404
385, 515, 1004, 1196, 1447
1654, 2199, 456
2470, 2982
1391, 818
388, 1705, 2772, 3091
1241, 4283
390, 967, 1811, 2298
2890
4371, 1540, 4464, 3828
1511, 2709, 4833
4877, 1147, 2877, 2064
4979, 4401, 3753
1531, 4441
1459, 2427
395, 573
2696, 3082, 4489
396, 1940, 4851
397, 1022
3385, 3467, 2395
4448, 4759
398, 2643, 3318, 4337
4132
3854
403, 1038, 2246, 2931, 726
3718, 4709
2665, 3420, 1664
3072
2125, 4622
4374
2558, 3551, 2621, 684, 2694
1491, 4346, 4607, 1349
4501
411, 766, 1739, 2913
1546, 2971
1177, 1605
2437
414, 755, 3033, 4553
3204, 4131
3905, 927, 938, 4158
415, 1713
3929, 2813, 3381, 1034, 2166, 4792, 3964, 1625, 4291
4541, 4990
416, 767
1858, 3215, 3769, 1928
4991
417, 546, 1224, 4228, 579
1643, 4486, 1663
418, 1553, 3377, 4343, 4427
419, 566, 1060, 1041, 1106, 4647
3727
4276, 1657, 2755
421, 720, 3101
1926, 2025
3580, 4815, 1939
422, 1018, 544, 850, 1723, 2005, 1350
1934, 4595, 1956
423, 854, 2592, 1075
1866, 2076, 3541, 833, 2327
425, 788, 1336, 1782
426
1123, 3608, 3839
429
2346
2464, 3940, 4895
3457, 3788
1521, 470
434, 591, 985, 1614
1191, 3287, 1423
2864, 3156
4673, 4150, 4144, 4741, 4142
4353, 3297, 1136
437, 2468, 3692, 3946
3871, 2311, 806, 2729
438, 2162, 3050, 4068
439, 1627, 4969, 1615
441, 1700, 2896, 3779
442, 864, 2672
3252, 4007, 4399
3643, 3351, 4728
1891, 921, 4155
3064, 3074
446, 857, 1339, 2597, 1125, 1591
2128
2033
2042, 2644
3052, 4888, 3997, 4338, 2054, 3852
451, 1593, 2489, 616
452, 733, 2002, 4515
1537, 1981, 3669
453, 712, 848, 634, 2814, 4440, 777
931, 4086, 4282
2324, 4480
455
3985, 4101, 4102
2882, 4080
3545, 3375, 2370
457, 1011, 3413
1467, 2793, 1098
2633, 3011, 4250
2850
1747, 2402, 3080, 3723, 4824, 707
461, 1302, 1410
1505, 4674, 3284, 1564
2538, 4203
2983, 3663, 3229
465, 779, 3749
466, 606, 658, 494, 2893, 1093
1549
467, 1360, 1633, 3094, 3676, 3925
468, 1197, 1559
469, 1253, 2637, 774
2892, 3144, 4650
471, 1326, 2426, 3754, 4927
472, 1999, 4281, 543
2413, 2944, 2588, 2609
1781, 1993, 992
474, 2510, 2956, 614
2999, 3651, 4167, 1595
4439, 1370, 3538
476, 843, 3856
1120
4073
478, 1826, 599
3995, 2878, 1053
479, 2352, 2977, 3258, 3764
4714
1714
4628
481, 1818, 3968
3930
486, 548, 980, 2363, 3133, 666
2654, 2778, 2826, 3193
4351
491, 1016
2741, 3191
4729
3829
1855
2610
3813
1432, 4344, 802
4436, 4010, 3808
3943, 1424, 3243
499, 941, 1795
1743, 2057, 3372
500, 1918, 2111
501, 631, 1000, 2584, 929
1870, 4071, 1374, 2250
502, 1896, 2089, 3965
1388, 1815
2529, 2863, 3431
505, 1600, 2769
4758, 2331, 2406, 4841, 2004
506, 1274
4490, 4916, 2825
1637, 2063, 4957
3040
509, 628, 1785, 2867, 3817
1195, 1682, 3881
1725, 4517
2851, 4215
513, 792, 3432
3804
514, 593, 1058, 1948, 2785
3571
516, 2730, 2807, 2858, 3244, 4956, 668, 2134
518, 1692, 3181, 890
2360, 2411, 879
1545, 2743, 3920
521, 1265, 3312, 4225, 4634, 694
1205, 3536
523, 1448
524, 1483
2821
527, 846
1478
528, 572, 722, 3270, 817
1945, 2120, 1588
530, 1587
531, 781, 1237, 2620
532, 1285, 773, 969
533, 1990, 2903, 739
535, 1867, 2764
3734, 3394, 2163
536, 2245
537, 1395, 2970, 3368
2782, 4012
2303
542, 900, 1079, 1742
4432
3819, 4279, 1772
1979
2235, 1989
2157, 2367, 2898, 663
551, 1095, 2296, 3596
2979, 4521, 1578
2195
3657, 3071, 1543
553, 1227, 3989
3245, 3893, 2044
2356, 3189
555, 1405, 1673, 4104
2611
3880
558, 997, 2920
1554
2318
2668
563, 1899, 3000
742, 3428, 3797
1130
2631, 3773, 3506, 3427
4781
4092, 4329, 2211
569, 611, 2174, 3035
1909, 2881, 3787, 943, 2372
3644, 1097, 1661, 4498
1590, 937
574, 1828, 3766
575, 757
1671, 2682, 816
576, 578, 1137
1812, 3187
577, 2968
3850, 4690, 2686
1908
580, 1386, 1674, 3642, 1005
2196, 2689, 2740
1173, 2039
584, 867, 751
1832, 2305
585, 671, 715, 1014, 1560, 2794, 949, 893, 1002, 1430, 2138
1222, 2687, 1353
586, 2362, 3078
4705, 3811, 1513
589, 1078
1720
2237, 4473
596, 1368, 1801, 2349, 2409, 1724
597, 1884, 2340
4968
1204
3212, 3768
600, 2310, 3647, 659
601, 2583, 2648, 3572, 2204
602, 637, 1003, 1341, 3113, 3592, 1599
2961
603, 1291, 2602, 2669, 2601
605, 1911, 3454, 955
607, 1375, 3266
1332, 2381
1797, 2494
610, 1244, 2217, 2330, 3389, 688, 829
612, 2214, 2228
4403, 732, 743, 3523
4125
615, 1756, 3112
2525, 3172
617, 1006, 2922
1594, 3938, 4735
2333
1987, 643
621, 3148, 3288, 4767
622, 787, 914, 3844
3736
623, 1200, 2914
625, 1256, 797
626, 2068, 3129
627, 1373, 2962, 1494
629, 1232, 3157
2605
2497, 2622
3237, 4468
635, 1313
4412
636, 1583
1498
2385, 2800
2001, 2325
1471
649, 903, 1226, 2321, 2906
651, 1254, 1960, 2710, 3498, 1277
654, 2526, 3786
655, 1243, 2929
656, 2233, 2773, 3688
657, 1642, 2007, 3342
1384, 3343
660, 907, 2451
2153, 2358
661, 841
1401, 3067
662, 775, 754
2594, 3320
665, 1208
3406
1242
4629
4711
3360, 4288
673, 1442, 2364, 3561, 1131, 1829
674, 2051, 2236, 3600
4060, 4388
3637
678, 835
3253, 4043
2499
4190, 3924, 1533, 1070
680, 1096, 3338, 4008
682, 711
4497
3275
4098, 2674, 2839, 1808
3199, 3697
2130, 2143
4026, 4667, 4695, 3891
2357, 3106, 4715, 951
690, 2505
3066, 4015
697, 1783
699, 1656
1250
702, 800, 1402, 1592
1604, 1897, 1935
703, 714, 1047, 2400
2780
2608
4842, 2160, 4605
3132
4198
2191
3152
2450, 4053, 4466
2797
1901
3055
719, 4627, 4932
4275
2593, 2831
1257, 1452
723, 1707, 3466, 3646
4033, 4119, 4461
1827
1282, 1340, 1425
2815
731, 1184, 2527, 3601, 1081, 1436
3300, 3332
3171, 1752, 4529
3015, 1428
4074
738, 1992, 2561, 3267, 4813, 4826
2491
2190
1456, 3818
4796, 3859, 2083
4799
744, 753, 2257
745, 1107, 2746, 2940, 1567
2599
750, 1054
1751, 2649
1293, 3207
2950
3623
756, 1961, 2536, 3417
3117, 2908, 2945
2142, 3763, 1303
1144, 1397, 2332
3898
3241, 4227
2586
2832, 4898, 1586, 2028, 2326
3163, 3700
1859
772, 3520, 4029
1929, 1704
2500, 3029
1506, 4062
1611, 2995
2875, 4294, 1609
783, 803
784, 887, 983, 1009, 4207
2884
785, 1749
3679, 4485
4488
791, 1779, 4502
1786
1407, 1162, 1618
1727, 1358
2830
798, 2013
801, 1421, 4000, 4289
2806, 3806
804, 2168, 2463, 2752
805, 1292, 1449, 2053, 2386, 1178, 1414, 2209
4103
1874
1640, 3294
810, 1722
1892, 3079
4152, 2853, 3812
3062
814, 1697, 2322
2652
1778, 2910, 1646
4989, 3919, 3045, 3142
2282, 2417
1281, 1875, 4366, 1132
824, 1607
1852, 3550
1334, 2447
2624, 2810
3939
2284, 2869, 2876, 1050
3118
3742
836, 1719, 2407, 3447, 3614, 1146
837, 869, 966
1270, 3337
838, 1318, 1576
840, 2691, 1135
3121
844, 1502, 1784, 2243, 1221, 1678, 1696
847, 1308
3892
2634
1380, 1500, 2019
853, 2808, 2879
1968, 4679
856, 2161
2045, 3354, 3947
859, 1057
3259
862, 1307, 2570, 1055, 1712
2625
1831, 2255, 4973
872, 1486, 2614
2393
878, 2070, 4506
880
3510
3649, 4135
2534, 2697
1295
1608
3606, 3672
3378, 3675
3765
2188, 2493, 2384
2441, 2501
898, 1121, 2092
3162
2368
2519, 3141, 3150, 3508, 912
905, 1965, 4565
2486
910, 3100
2804, 3331, 1141
2461
915, 1169, 1493, 2081, 1490
1182
920, 1683, 2833
1551
922, 1019, 2014, 1584
1330, 1833
923, 1323
1372
1269, 2966
1516, 1729
1655
2113, 4199, 939
3664
1278, 2556
2203, 2522, 1495
2986
2659
4724
3283
1139, 1514, 3513
942, 1126
4323
1977
3682, 2713, 4114
1361
1484, 1841
3127
4964
965, 1461, 1665, 987
2397, 3093
1179, 1472, 1973
4421
971, 1667
972, 2229, 4003, 2281
975, 1296, 1876
4797
977, 1218, 1451
3705
3203
3800
3018, 4832
2396
988, 1314, 1755
1894
3049
995, 1813, 2084, 2288
2604
3403
3030
3540
2267
1304, 1888, 1044
1012, 1024, 3564, 3712
1236, 2511
2277, 1103
1015, 1736
1017, 1061, 3507
2086, 2348
1025, 1379
4242
1735, 1077
1280, 1768
1738
1032, 1128, 1063
1275, 1124, 1579, 1288, 1378
3587
2811, 3221
3986
2299
1691, 2119
1046, 2467
1822, 2412
1898
1575
1119, 1309, 2066
1972
2118
3842
1074, 1248
2435, 2723
3497
3949
1823
1088, 2787
4056
1806, 3775, 2328
4430
3436
2365
1737, 3031, 4482
2096
2660
1100, 1703
4756
1104, 1234, 2185, 3147, 3693
2454
3524
4876
1109, 1138, 1337, 3490
2598
4423
1996
1112, 1573, 2055
1925, 3116
3285
2607
4496
2186, 2728, 3311
3376
1970, 2009, 1496, 2085
2024
1895, 4373
2891
2568
3627
4658
3738
3391
2487, 2148
2685
2442, 4040, 4258
2703
3478
1152, 1626, 4189
2554, 4713
1154, 1519, 2114
1155, 1276, 1577
1158, 1170
4139
2258
4252
1165, 1258, 1225, 3913
3325
3256
2824
4087
3530
3977
4744, 4576
3005
4884
4398
3047
4050
2557
1203, 1286, 2616
3483
1207, 1389
4185
2098
1213, 1481
4599
2656
3654
1919
1223, 1526, 1581
2165, 2187
2748
2421
2673
2220
4761
4655
1878, 3615, 2375
2981
4081
4495
1252, 3012, 3875
2432
2904
2578
2022, 3488
1262, 2559
2182
1268, 1650
2438, 1944
1271, 1518
3583
2026
3837
2387
3145
1290, 1365
3089
2959
2629, 4110
1297, 1946, 2919, 4437, 1606
3743
2996
2308, 2090
3143
4052
3876
2335, 1728
2010
1324, 1585
2297
2784, 2937, 1331
2414
2156
4331
1335, 1453, 1515, 3759
2103, 3598, 4257
2726
2116
2666
1344
2539
2705
1883
4156
3013, 3546
1364, 3098
4334
2838
1951
2861
2540, 1733
2035
1387, 1396
2603
1393, 2133, 2173
2060, 1689
2478
3445
3201
3409
2109
2563, 2448
1417, 1809
2744
1418, 1931
3223
1912
4175
2399
3220
2077
2702
2253
2169
4254
2498
2052
3555, 3767
2275, 3102
1465, 2380, 4122
3315
2192
3016
2003
1904, 1571
2972
2097
3277
2676
1863
3443, 1997
2000
1504, 2094
2172
3593, 2866
3456
3119
1913
1869, 4684, 2264
2490, 2714
2980, 2718
2049, 1924
1539, 2388
2569
1890
2306
1998
3729
3347
3023, 3069
2508
2495
4453
2670
3028
3655
1966
2756
1617, 1769
3271
4665
3890
1635, 1726
3369
2058
2207
4089
3160
2080
3904
3339, 3670
3825
1686, 2087
2632
3622
1708, 1860, 1976, 2011
2978
2483
2234
3416
3059
2822, 3573
2231
3633
2444
2347
2737
2127
2535
2758
4042
2992
2200
3531
1792, 1834
1799, 2504, 3126, 2124
1917
3053, 1845, 4127, 2353
2317
2379
1922, 2636
2897, 1880
1810, 1975, 2433
3134
2198, 2300
3140
3042
2422, 2429, 2391
3822
1840, 2295
2410
2342
3104
3863
4208
2844
3641
2684
2645
2745
1982
2700
3257
2779, 2835
2482
3382
3556
3491
2532
3248
3043
4005
2733
2635
3744
2628
2820, 3323
3480
3281
3279
2630
4458
4452
4689
3155
3395
3054
4301
3218
