1, 742, 1379, 1947
3341, 3793, 4527
3390, 3427, 4681
3597, 4999, 2791
2, 1831, 2659, 3365, 4350, 4640
3613, 3873
3, 458, 656, 2229, 2731, 4774, 625, 959
3521, 4596, 4776
4848
4, 607, 659, 753, 89, 1855, 2654, 3845, 958
3272
4264, 3095, 382, 824, 944
4888, 4810, 4253, 1334, 4370, 3669, 4449, 3533, 3276
5, 508, 18, 384, 3247, 4199
3459, 3502, 4385, 4587, 4972
6, 472, 3220
1505, 1755, 4377, 4656
4601, 4682, 3622
7, 507, 2089, 2698, 4032, 4405, 4775
1767, 2104, 2541, 3366, 4808, 200
8, 1094, 2649, 3266, 4235, 4478, 4498, 300
9, 575, 2524, 2787, 4473
1643, 4929, 2646
2540, 3213, 3402
10, 504, 862
1861, 2398, 3643, 4651
4421, 4592, 3730, 2795, 3252
11, 1301, 4641, 4077
1839, 2800, 4534
3438, 4994, 3465
4387, 4062, 4831
12, 482, 98, 2446, 2924, 4174
1612, 2789, 3015, 3678, 4122, 779
13, 426, 636, 451, 2719
1254, 1784, 2928, 4615
14, 902, 240, 2368
2006, 2412, 3044, 3519, 4525
15, 776, 179, 780, 565, 681, 1219
1570, 3972, 4735
4881, 1656, 4692
16, 112, 527, 551, 1290, 1663, 2574, 3794, 3944, 193, 328, 549
3159, 3768, 3720, 4466, 4034
4315, 4516, 2390
17, 1519, 1874, 3612, 4163
4093, 4464, 650, 1760
4182, 4006, 1869
1850, 2182, 2300, 3174, 4257, 2068, 2040
19, 722
1446, 2555, 2907, 3218, 4696, 1708
20, 314, 724, 561, 3728, 4225
2243, 3107
4595, 3026, 2975, 782, 4026, 2062
4952
21, 1620, 4918
1658, 2223, 3181, 4893, 223, 1828
22, 2643, 3129, 4140, 4518, 4690
3201, 4836, 4707, 3862
23, 338, 1203, 3192, 917
1998, 3246, 3762, 4419
4815
24, 2024, 2374, 2594, 3208, 3745, 4104
25, 310, 3565
1738, 1913, 2934, 3227, 4203
26, 2925, 3062, 3601, 4098, 4447
4162, 4556
27, 447, 689, 2794, 2905, 3981, 1561
1781, 1842, 3992, 4953, 612
4779, 2178, 4967, 4142, 2707, 3300, 2833
28, 853, 2896, 1727
2777
4337, 4759, 3073
4411, 3837, 4172, 4908, 4961, 4404, 3792, 4891, 4738
4705, 3197, 4066, 3680, 1653, 1225
4860, 4505, 4988, 4960, 2353
29, 798, 904
1912, 3876, 3883, 4081, 1163
4854, 2066, 2202
30, 1066
1277, 2051, 2666, 3713, 4936
31, 701, 915, 3836
1113, 4444, 147, 3691, 1250
2336, 3337
4921, 2138, 2997, 4980
32, 925, 1684, 3387
1437, 1472, 2836, 3011, 3563, 1563, 1733
33, 286, 1655, 3767, 4175
1294, 3748
3906, 219, 887, 4871, 1043
4165, 3280, 4634
34, 603, 4349, 4800
1442, 1623, 3359, 1196
4930, 4027, 4510, 2159
35, 969
1766, 3882, 4296
3707, 4085, 4247
4500, 4063, 1316, 1667
36, 303, 962, 737, 1198, 2208
2451, 2703, 207
4564, 4220, 2228
37, 960, 230, 1060
1799, 3850, 4252, 4428
4830, 3145, 4443
38, 2201, 3038, 4476, 4720, 4965
4807, 2872, 3077, 830, 4835, 687, 1018
39, 704, 1059, 1062, 1177, 3933, 1303, 1365
1226, 2496
4996, 4822, 4793, 4160, 3975
40, 1690, 3385, 4582, 383, 1126
3123, 4438, 2919
41, 317, 4317
2761, 2945, 3897, 4847
4286
42, 256, 111, 886, 1417, 3412
1273, 1326, 1959, 2384, 4578, 1221, 1534
43, 131, 141, 320, 1188, 2092, 4589, 136, 624, 911, 164, 215, 1961
1949, 3060, 4647
4736, 4562, 4567, 747, 973, 4151
44, 1190, 2746, 1079, 1464
3651, 3658, 3772
4760, 4309, 4133, 4560
45, 1779, 4181, 4389, 4962, 694
3354, 4653, 3618
46, 1052, 351, 719, 1785
1436, 2039, 2834, 1426, 1522
4472, 3660, 4585, 4890, 3010, 3155, 4461
47, 332, 2890, 3852
1728, 4945
4051, 1054, 3877, 4944, 3991
4087, 4092, 4859, 1072
48, 1703, 2338, 4121, 4416, 4616, 4691, 876
49, 1609, 2313
102, 2341, 4431
1889, 4440
4217, 439, 3578
4333, 4912, 2617
50, 772, 4531
2144, 3061, 3606
4130, 4390, 4495
4561
51, 2253, 4842
377, 3828, 4299
3814
4734, 2386, 4112, 3125
52, 216, 1091, 3859
3480, 2807, 2728
3910
4192, 4987, 4792
4834, 106, 2830, 3942, 4849, 750, 2438
53, 905, 679
1425, 2970, 3785, 4105, 4863
54, 2157, 2239, 3401, 4057, 4920
55, 221, 521, 491, 3505, 4677, 559
1509, 3591, 3782, 4152, 570
56, 558, 2954, 4669
1350, 2918, 3554, 3907
4887, 4361, 3397
57, 2431
711, 1078, 1376, 3110, 4007
2282, 3525, 3783, 4079, 4127
58, 85, 354, 552, 1970, 2095
1267, 2389, 3187, 525
59, 396, 584, 1741, 2660, 3557, 495
1235, 3484, 1053
4270, 3984, 4883, 4799, 4769, 2596, 2145
60, 1675, 2420, 2839, 3444, 4153
61, 893, 2082, 4494
2780, 4646
4250, 2179, 587, 1274
62, 1485, 1725, 2891
2140, 4008, 4178, 3960, 3681
4322, 4937, 4044, 4408
4975, 4724, 4429, 3583, 4925
63, 352, 2225, 2875, 3754, 4496
4412, 4609, 4755
4786, 81, 4501
64, 97, 335, 2090, 2468, 3787, 3899, 4001
1841, 1882, 3147, 3549, 368, 728, 1419
65, 1292, 2097, 3775, 863, 1124, 1535
3865, 4293, 2047
4811, 4267, 4701
66, 3080, 4328, 4566, 4913
4896
67, 2019, 2356, 4289, 4432
3811, 4833, 4663
4554, 3696, 2102, 2030
68, 746, 1202
2122, 3464, 3810, 1510
69, 1734, 2687, 4555, 2094
3296, 4749, 3734, 1116, 3912
4948, 4493, 2992
4966, 4273
70, 983, 1685
1797, 3733, 4892
71, 253, 1011, 2519, 2900, 3666, 4451, 457
2170, 2876, 3528, 4559, 334
72, 515, 950, 1967, 3520, 3993, 4187
1173, 1511, 2852, 4809
73, 499, 2563, 3469
386, 4723, 1025, 1876, 2613, 1231, 1461, 1604
2366, 2831, 3295, 3470
74, 1083, 346, 3757
359, 4787, 4342
3875, 3908, 4845
4973
75, 157, 803, 376, 1484, 1867, 3426, 363, 923, 677, 1089, 1581
2377, 2527, 3531
4902
76, 477, 2263, 2513, 3940
1172, 1451, 2539, 2868, 4659
77, 922, 627
1354, 3527, 4439, 4688, 1881
78, 2460, 2620, 4482, 4655, 1361
4072, 4832, 4341, 4265
4629, 4611, 3941
79, 2032, 4029, 4305, 4805
4383, 4926, 3032
80, 622, 1023, 693, 3672, 4572
4543, 4820
4816
2056, 2387, 3049, 3542
82, 2165, 2784, 2966, 3555, 4718
4917
83, 873, 861, 1401, 2249, 4215, 4719, 1050
2099, 4866, 1930
3063, 3717, 4262
84, 2739, 3477, 3592, 3943, 4004
86, 1466, 3639, 1530
3854, 653, 1871, 2397, 1181, 2332
4211, 4867, 4722, 4484, 4276
4715, 4325, 3920
4991
87, 1256, 1852, 2464, 3383, 3840, 192
4744, 103, 1625, 3950, 808
88, 1723, 3573, 3827, 4149, 4367
1931, 2485, 2788, 378
1979, 510, 4951
90, 505, 1307, 1531, 1737, 877
2259, 3258, 4231, 4858, 1120
4864, 4666
91, 1751, 1776, 2401, 2950, 3879, 4364, 1540
92, 1240, 2083, 2335
4218, 266, 576, 581, 3236
4777, 3895, 4269
93, 2538, 2742, 4627
94, 1787, 2842, 4183, 4210, 4339, 4400
95, 1383, 2207, 2523, 616
4862, 1180, 1392
4928
4979
96, 864, 784, 1156, 1631, 3966
1229, 523
2466, 2625, 2764, 3483, 4392
99, 2510, 3653, 4065, 4957
4969
100, 789, 963, 1827, 912
3310, 4084, 4684
101, 154, 3807
3874, 3884
4878, 4097, 3841
3453, 3937, 4801
4791
104, 336, 731, 2476, 2562, 2772, 2933
2171, 2193, 2376, 298, 2297
105, 463, 541, 1870, 2809, 3219, 895, 1136
1211, 1624, 3493
4126, 4590
107, 889, 1044, 2533
3596
4209, 4876, 1559, 2050
108, 214, 249, 1098, 1744
2509, 3489
4943
109, 1289, 1405, 2407, 3048, 341, 692
4839, 3393, 4678
110, 2339, 3268, 4330, 4889, 520
4344, 4086, 4714
4900, 4657, 1830
2268, 3898, 4005, 4189, 4258
113, 979, 2507, 3034, 2763
2600, 2931, 3973, 4049, 4489
114, 135, 469, 2329, 3501, 3564, 4453, 441
3025, 140, 707, 1638, 4745, 4783
3506
4212, 4023, 3179
115, 1382, 2815, 3420, 4311, 4753, 1206
116, 715, 3176, 4015
2696, 2738, 4113, 1824
4981, 4135, 4109
117, 305
3086, 3466, 3948, 4288
118, 900, 2123, 2645, 3589
2701
3861, 2923, 4095
4938
119, 130, 3699, 3839, 736
1335, 3629, 4422
120, 1637, 1908, 2198, 4251
121, 265, 1022, 1533, 2414, 2525, 4535, 901
3886, 3889, 3901, 4425, 4743
122, 794, 2489, 2979
1669, 3551, 3704, 3712
123, 2128, 3242, 4045, 4147, 4594
124, 1856, 1646
2758, 2944, 3482, 3976
125, 285, 2623, 2717
1758, 2125, 709, 1477
3642, 4903, 391, 2058
4177, 2684, 2328
126, 2806, 3756, 3763, 4000, 420
127, 2247, 2295, 4872, 4933
128, 706, 486, 939
3888, 3924, 4576, 4812
129, 2472, 2864
4817
3349, 4255, 3394
4630
132, 1630, 1849, 3127, 554, 619
3423, 4813, 3103
4620, 4976, 1820
133, 399, 1399, 3570, 3953, 1110
2200, 3650, 3765, 4173, 4855
134, 149, 717, 1194, 4770, 4970
2559, 3957, 4852
3805, 4313, 4700
1764, 1880, 2209, 2394, 1185, 1678, 2003
3105, 4785, 2859
137, 402, 909, 3647, 1084
2189, 3769
138, 1560, 3039, 4642
3144, 4125, 4491, 4544, 937
4754
139, 1192, 3723, 4083, 4485, 608
4772, 4916, 323, 4410, 1450
3088
3229, 3552, 4382
142, 1199, 1218, 4456, 247, 1026
3207, 4645, 1988, 2911
143, 1057, 1064, 1304, 1517, 3113, 1903
2754, 3351, 3982, 4882
144, 2079, 2175, 2177, 3675, 3697
145, 1237, 2771, 3548, 195, 768
4362, 1293, 4465
146, 2261, 3927, 1968, 2279
4427, 3985, 448, 1911, 3109, 1705
4661, 4035, 4326
2147, 4658
2930, 2392, 4039, 4526, 1583
148, 257, 2675
1147, 1627, 1829, 2963, 3513, 526, 1132
150, 227, 981, 1900, 1966, 2378, 375, 821
1160, 4401, 601
151, 1676, 2232, 4352, 4880
4285
152, 282, 3158
1821, 1868, 3656, 4935, 362, 1811
3331, 2127, 3608
153, 1765, 4319, 4950
4704
1323, 331, 3495, 2290
4579, 3599, 4481, 4460
155, 1074
1753, 2028, 2302, 3416, 4021, 1459
156, 1248, 1330, 2514, 3231, 4110, 233, 857
158, 651, 445, 765, 1009, 2700
1184, 2585, 1299
3031, 4197, 582, 907
159, 848, 3410
1544, 4406, 4795
4420, 4553, 4603
160, 3169, 3417, 3858, 4402
161, 301, 291, 2270, 2419, 4074
1342, 1792, 3269, 4983
162, 721, 847, 599, 1146, 988
2552, 3507, 3945
163, 242, 1002, 1413, 2779, 3168
1262, 1457, 2345, 2636, 4207, 1077
3689, 4116, 4762
165, 801, 3832, 3856
3488
166, 2608, 4520, 3529
3373, 4471, 4536
3580, 3913, 3264
167, 758, 544, 1102
1836, 3447, 3946
4028, 4706, 4080
168, 1711, 2230, 4037, 4674, 4894
169, 1558, 3082, 3413, 4213, 4394
170, 560, 691, 1794, 1810, 1691
3411, 4176
3777, 237, 2616
171, 1161, 1808, 2810, 4469
172, 1665, 3334, 1336
173, 385, 773, 296, 739, 2343, 2744
2545, 3703
174, 991
2072, 2417, 2757, 3620, 3662, 568
175, 1344, 2291, 2653, 322, 997
4727, 3813, 2014
176, 1258, 2053, 2149, 3342, 3391
2874, 3803, 4768, 953, 3921
177, 1322, 3143
178, 2351, 3425, 3526, 1003
2609, 4524, 4898
2172
180, 933, 1763
2677, 4012, 4233
181, 2566, 3515, 3916
182, 545, 614, 874, 1021
3286, 4248
4672, 4458, 3106
183, 1375, 3610, 3624, 3789
3030, 1386, 4869
184, 2575, 3017, 3922, 4332, 4581
4784, 2568, 3963
185, 730, 3843, 4010, 4765
1119, 1178, 1448, 4014, 4686, 676, 1739, 1682
186, 1236, 2084, 2484, 3802, 844
4504, 4355, 3224, 2903, 4497, 1131, 1611
4739, 3881, 1835
187, 1259, 1649, 3222, 4551, 419, 553, 610
188, 1155, 1514, 3047, 3821, 4741, 484, 511, 1474
189, 966, 940, 4002
2694, 3274, 3914
4850, 712, 4459, 2679
190, 535, 1013, 429, 1460, 3800, 4318, 4384
2055, 3588, 473, 476
191, 2495, 3829
1431, 2015, 3959, 4480, 1773, 1432
3054, 4483, 4750
1977
194, 1494, 2889, 3361
1989, 4237, 4752
196, 1493, 3497, 4856, 4895, 356
197, 951, 1108, 2767
1364, 3029, 3138
198, 684, 1093, 1295, 4091
1411, 2604
199, 932
2827, 3322, 3688, 4388, 699
2956, 3799, 4338, 4740
201, 2846, 2991
202, 1598, 1750, 2158, 2612, 3304, 3311
203, 1610, 2038, 4243
204, 563, 595, 1635, 3350, 741, 1175
1390, 3120, 3305
205, 945
1245, 1562, 1283, 1709, 1600
206, 1351, 2505, 3710, 1632
2657, 3633, 2973
4167, 4301, 4436
4219, 1575, 1348, 1817, 1768
208, 542, 643, 775, 373, 640, 4179, 4418, 548, 992
3860, 4204, 4519, 4375, 4756
4240, 4865
209, 345, 381, 956, 1786, 3462, 489
3739, 4099
210, 465
1742, 4275, 4323, 1845
211, 1568, 3376, 4303, 4853, 443, 592
212, 920, 403, 1325, 3389
1300, 4517
213, 238, 634, 1693, 2528, 2537, 4725, 1749
2893, 4348
4998, 4234, 655, 1311
2276, 2543, 428
217, 1553, 1946, 3282, 4013, 4819, 274
218, 952, 3319, 1302
1288, 3586
1838, 3329
220, 2076, 3291, 4717
222, 2544, 3021
4764, 3809, 3523
2026, 2781
3900, 4391, 4366
224, 1661, 3033, 3463, 3676, 4018, 974
225, 1391, 2251, 3594, 4823, 279, 833
4837, 4477, 3399
226, 703, 3436
3172, 3798
4626, 2331, 3616
4802
228, 713, 283, 1756
2432, 3102, 3414, 4541
4632, 4407, 3631
229, 826, 2847
1696, 1888, 4583
4758, 4433, 4340, 4843, 2192
2184, 3721, 4043, 4208
231, 845, 1730, 3724
2212, 3437, 3611
232, 2597, 3067, 4742, 4879, 4971
4687, 4868
234, 574, 647, 1370, 1718, 2126, 4158, 615, 797
2713, 4359
4732, 4778, 633, 4068, 4963
235, 1717, 3198, 4788, 1801
236, 268, 685, 2724, 2735
1133, 2346, 2400, 4665
1356, 1564, 3534, 743
239, 812, 3214, 3962, 814
2352, 4746
2399, 3451, 3670
3567, 3674, 4024
241, 1982, 2813, 2881, 3335
243, 2075, 1454, 2119
2108, 3885, 4829
244, 262, 2648, 2929
2434, 2951, 3306
245, 2396, 3180, 3239, 4399
246, 295, 1317, 2969, 3315
1207, 1613, 2007, 4617, 329, 1777
2071, 2428, 3079, 4549
4997, 3741, 4761, 4923, 3374
248, 710, 1500
2661, 3111, 3352, 4639
1491, 2043, 4295, 263, 621, 1731
250, 449, 287, 468, 947, 799, 879, 1428, 673, 1086, 840
2130, 3609, 4417
251, 1862, 3635
4798, 3770, 4846
252, 3468, 4654, 4232
3490, 3673, 4124, 4637
254, 646
3046, 4671, 4712
255, 380, 1343, 2116, 4145, 1010, 1529, 1369
2452, 4168, 4648
4824
258, 883, 1515, 2265, 2307
3708, 3760
259, 926, 1666, 2117, 4310
3732, 4635
260, 1902, 3866, 1580
261, 2429, 2487, 3441, 4171, 4580
2187, 2285, 3142, 4114, 836
264, 280, 1145, 1953, 2288, 3101, 1296
1890, 3053
267, 888, 3225
1152, 3449, 4709, 1187, 1549, 1368
269, 1210, 4638
270, 340, 3958, 4198, 4924
3657, 4244
271, 1169, 4605, 1373, 1807
3543, 3863, 4129
272, 500, 1695, 4731, 4748, 531
1679, 3260, 3298, 3504
273, 1216, 4324, 2632
3314, 2430
4910
2821, 2892, 3540, 4396
4455, 2753, 3440
275, 2422, 2499, 3509, 1404
276, 2690, 4644, 4841
4242, 3932, 4134
4713
277, 635, 837, 2943, 3002
1974, 4426, 4643
278, 366, 1919, 3022, 409
4118
281, 1403, 2226, 2622, 2844
2470, 4528
284, 1063, 1276, 2379
2494
4228
288, 1017, 2640
1929
289, 866, 626
3257, 1844
4931
290, 995, 1523, 3419, 1244
3162, 4703
4259, 4598, 4287, 2309
4821
2063, 2708, 3638, 4747, 1331
292, 562, 1257
1516, 2961, 3524, 3698
4909
293, 800, 1030, 479, 807, 2702, 2793, 4128
294, 805
1586, 3544, 4574
1875, 820, 4721, 2958, 3709
2224, 3726, 3977, 588
297, 1681, 3121, 4861
4875
2667, 3303, 4238
299, 1309, 1788, 2551, 3771, 4166
1806, 3433, 3804, 529, 686
302, 2298, 3934
304, 910, 3766
3737, 2423, 4851
4060, 4380
3421, 3983, 764, 2009
306, 1748, 2112, 2783, 3439, 4193
307, 2355, 3083, 3117, 3348, 4281, 481, 1804
308, 652, 1557, 1578, 3299, 1639, 1700
1481, 3481, 4602
309, 2148, 2532, 2949, 3267, 4490, 4503
311, 1213, 1628, 3784, 4206, 1367
312, 3344, 3418, 3649, 3872
313, 424, 3375, 3693, 3936, 4088
2624, 3016, 4586, 4702
315, 2736, 4144
316, 975, 708, 4557
1657
318, 442, 503, 3458, 666, 630
2260, 4474
319, 2293, 3371, 3806, 3871, 4452
1095, 4623, 924
321, 564, 680, 1938, 5000, 880
2512
4055, 4067, 4346
1550, 2801
324, 1061, 2233
1359, 2915, 1674
2503, 1597, 4989
325, 436, 492, 2840, 4336
2180
326, 2357, 2920, 631, 993
4184, 4628, 3819
4954
327, 1993, 2885, 3846
2769, 3640, 3711, 3974, 3001, 4565, 1056
1249, 1954, 2511
3615, 3738
330, 1139, 1648, 2031, 2248, 1127, 1141
4102, 4899, 3345
4927, 344, 372, 3851, 4398, 555
333, 1049, 761, 1027
1904, 1957, 3780, 1408, 1757
2682, 3454, 4226, 4548
3619, 4523, 4488
1381, 3407, 390, 1489
337, 1577, 1945, 3587
4919
339, 918
1312, 2322, 600
1310, 3163, 1409
342, 1272, 1286, 2444, 2593, 3430, 1471
343, 1150, 1380, 3931, 4030
1547, 2804, 4282
4138, 4379, 4622
1548, 2867
347, 849, 1513, 4357, 914
3607
3796, 1496, 2318, 1965
348, 1217, 1940, 3189, 4075, 434, 1279
349, 471, 3887, 3905, 4190
1251, 3085, 4131, 1037, 1357
3820, 4914, 4958
4625
350, 890, 1166, 2823, 3273
2546, 3727
1872, 2811, 3671, 2153
4884
353, 1488, 1999
1220, 2837, 2888
355, 597, 725, 2855
1338, 1885, 3004, 538
2849, 3191, 3890
357, 806, 852, 2453, 921
2817, 4905
358, 938
2732, 2960
360, 1556, 2073, 3307, 4737
361, 718, 908, 2697, 3422
2947, 4676, 4697, 1905
2445, 3695, 4334, 1840
1205, 4751, 4797
364, 2850, 3630, 4386
365, 756, 4512
1673, 1951, 3718, 4624
367, 2205, 3485, 4757
2774
4907
4977
369, 1189, 1825, 2558, 2916, 1621
370, 792, 1090, 3288
3746, 4354, 4915
371, 1980, 2482, 2718, 438, 663
4946
1499, 2457, 2952, 3702
3715
374, 696, 1396, 1837
1433, 3330, 3576, 3848
3116, 3823, 3952, 4003
1567, 3585, 4224
2760, 3018, 3097
4675, 777, 2770
379, 389, 3706, 4239, 4577, 4780
3094
2045
3816
1770, 3070, 3628, 4393
2042, 2848, 2871
387, 903, 4221
2615, 2711
388, 1038, 3719
2244, 2704, 2843
3259, 3479, 3989, 4597
2216, 4698
4982
392, 569, 2553, 4353
2571, 2743
393, 474, 3271, 672
1315, 1507, 4245, 4699, 1702
394, 2644, 3955
3478, 3605
395, 1914, 2283, 2705
4558, 834, 1142, 2627
4806, 4345
397, 2129, 2798, 3537, 4194
398, 411, 516, 1487, 4100
1541, 4266
400, 1362, 2602, 3148, 4132, 455, 1117
401, 2381, 2681, 3595, 4550
4575, 4261, 1995
4932, 4906, 4649, 2631, 3577, 2004
2246, 3915, 4290
404, 2078, 2164, 3059
405, 423, 1576, 3215, 3377
3196, 3492
406, 464, 1415, 2344, 4351, 1418
2362, 4870
4796, 4462, 3153
407, 1607, 3338, 3561, 4031, 1671
408, 2254, 2493, 3701
1985, 3598, 4358, 4886, 1574
410, 1019
2013, 2755, 3128, 4766, 1772
4070, 4064, 2483
412, 1378, 1615
3994, 4593
413, 3384, 4038, 4454
414, 540, 1024, 1122, 1167, 3256, 4708, 987, 1462, 1759
1242, 1327, 1414, 4573, 1105, 1636
415, 598, 4369
2347, 3313
416, 450, 1349, 2308, 809, 1588
3855, 4600
417, 2520, 2561, 4284, 4514
418, 639, 2995, 3603, 3684
1812, 2131
1877, 1922, 1955, 700, 1355
421, 2471, 3830, 3988
422, 1538, 2588, 4294
425, 1410, 2132, 846, 998, 1497
4552
427, 488, 723, 3099, 3750, 842
4423
3460, 3569, 4180, 2467
2139, 3005
4974
430, 1006, 1191, 1873
2449, 3051, 726
431, 740, 1252, 2070, 3503
3744
432, 1115, 1644, 3636
433, 1318, 2448, 2455, 1467
2388, 2912, 3902, 1040
435, 1008
2858, 4196
437, 1033, 3186
2186, 2606
4120, 2734, 1887
3685
440, 1710, 4230
1186, 3869, 4073, 4588, 1762
2135, 4046, 4487
444, 1482, 1197
2296
446, 749
1596, 2723, 3581
4470, 466, 896, 4205
1284, 752
2305, 2081
452, 1983, 1420, 3736
2155, 2971, 3087, 3725
453, 751, 2877
2324, 2327, 3277, 4968
454, 2635, 3098, 4571, 4873
456, 2421, 2686, 2745, 2863, 3157, 957
1453, 4041, 964
4227, 4636
459, 586, 2059, 2361, 2481, 1697
460, 2729, 3336
461, 1253, 3491, 4529
462, 818, 1123, 1746, 878
2785, 4499
3358, 3795, 2500, 1952
2955
467, 1701, 2459, 3471, 4200
2932
3151
470, 1800, 4316
3403
475, 760, 4610
3149, 3289, 3773, 4874, 1039, 1233
478, 1065, 1626
3428, 3964
2518
480, 1036, 1048, 2814
2211, 4069
4159, 4570, 4415
483, 546, 1149, 2595, 3867, 1055
1939, 2953, 4298, 4530
1480
485, 2626
4604
2363, 4307
487, 1201, 1212, 3808, 4435, 930
2442, 3075, 3194
490, 1269, 2463, 2765, 4148, 4302
4329, 4840
3150, 3668, 4106, 2598
493, 2174, 2311, 2656, 4053
494, 2330, 2674, 3036, 3997, 781, 788
3778
496, 602, 3623, 3753
1135, 2273
497, 2048, 2206, 2614, 3216, 4155, 1298, 2797
498, 810
1384, 3486, 1209
1416, 3536, 3538, 1222
501, 980, 2142, 1406
2133, 3064, 3200
502, 2554, 3500, 1771
3911
506, 1000
1134, 1520, 4381, 869
509, 1706, 1973, 3052, 4413
4941
1692
512, 2096, 3108, 3195, 4268, 2001, 2317
513, 1427, 4047, 793
514, 1469, 3969, 4683, 1606, 1664
517, 1976, 3078, 4547, 4563
518, 1440, 2730, 4201
4897
519, 1162, 1783, 2689, 3625, 4445, 1407, 1297, 1592, 1528, 1716
3050, 4479
1230, 2638, 1595, 1572
522, 1389, 3817, 1640
1395, 1495, 2576, 3287, 3406
524, 1029, 732
3547, 3978, 4539
2796, 4111, 4188
2792, 3210, 4374, 990, 2364
528, 2492, 3182, 3764
530, 2023
2010, 2370, 3970
532, 838, 4229
1906, 2020
533, 1743, 2490
534, 1111, 1501, 3122, 1069, 1458
536, 823, 825, 1058, 4169, 4633
2542, 2579
537, 2060, 4136
1552, 2325, 745
539, 2086
3494, 3917
543, 2838
1793, 2501, 4214
547, 1260, 3847
3824
2231, 4689
550, 1070, 1934
3041
4978
1397, 2549, 3223, 3634
2941, 4660
2185, 3294, 4115, 1518, 1795
3327
556, 1195, 2458, 4619
557, 4612
1715, 2630, 3791
4283
2069, 2692, 3140
1816, 2103, 4082, 4621
566, 1537, 2272, 3652, 3904, 994, 1340
567, 941, 1333, 2087, 2710, 1076
1430, 2017, 787, 885
2917, 3774
1803
571, 1158, 2706
4137, 2564, 1672
572, 865
2415, 3114, 3255, 3400, 971
573, 1571, 2799, 3556
2121, 3238, 3604
577, 1608, 2976, 3986
578, 1137, 2114, 2526, 645
3177, 4771, 4542
579, 1214, 2266
580, 1452
1306, 690, 1125
583, 2987, 3457, 4922
4680, 4664
1153, 1475
585, 1435, 2237, 2693, 3617
4803
589, 2034, 2190, 3499, 4272, 594
590, 1791, 1020
591, 2146
2321
593, 1360, 4260, 4804, 1747
3968, 4274, 4568
1352, 2652, 1046, 1796, 1660, 1846, 1688
596, 727, 899
2106, 4857, 2113
4403, 3171
1144, 1157, 1590, 1479
3456
2938
604, 1603, 2629, 1447
605, 3193, 3498, 3740, 4537, 4729
606, 617, 1239, 2320, 813
1774, 3357
1097, 4955, 4711
4939
3324
609, 2033, 3434, 4613
2107, 3761, 1670
611, 1345, 3241
2999, 3369, 1884
613, 2573, 3516
2824, 4794
2607
3849, 4320
4694, 3722, 4606
4844
618, 2382
2052, 4782, 1224
620, 3185, 3339, 3398, 3797
3234, 4216, 4321
623, 1878, 2522, 2853, 3431
4492
2906
2111, 4409
1594
628, 1602, 2825, 3511, 3602
629, 2856, 3355, 3415, 3646
3667
3096, 4509
632, 2188, 2348, 4511
1374, 4019
2443, 4025, 1582, 1736
637, 1270, 2699
638, 1698, 1798, 3987, 4009, 935
1722, 4781
641, 3037, 4090, 4424
642, 882, 3190
2287, 3160, 664, 1941
3510
644, 1478, 1512, 2426, 1346, 1805, 1802
3690, 4056
4195, 4441, 970
2741, 3170
648, 1004
1584
649, 1525, 3929, 4331, 1444
4108
654, 796, 3112
4343, 832, 4373, 3217, 989
3409, 3786
2258
657, 1402, 3870, 4591, 891
658, 968
1372, 2360
2447
660, 769, 1088
2909, 4263
661, 2557, 1109
662, 897
3347, 4767, 4825
2715, 3104, 3700
3333
665, 1647, 3100, 3781, 3864
1101, 1686, 841, 1159
667, 1092, 913
2088, 2169, 936, 1001, 1614
668, 1114, 3655
3027, 3844, 3317, 2173
669, 965
2647, 2921
670, 1280, 4040
671, 1439
3979, 4584
4011
674, 1622
675, 1107, 1896
3475
678, 2380, 4502
1438, 1969
3621
1713, 1809
682, 942, 2870
1668, 3356
683
3893, 3918
1282, 2292, 3057
2808
4277
688, 1473, 2974, 3132, 790
4468
2861
2403, 2012
2077
3919
4397
695, 961, 1031, 1526
1128, 3776, 3892
697, 1933, 2473, 2914
698, 1264, 3325
4608
702, 1035, 3880
3579, 3731
705, 1879, 4486, 4695, 2136
2887
3156
3379, 4363, 3566
714, 854, 1997
3072, 4995
716, 1400, 2257, 2242
1243, 3074, 1524, 1387
4990
720, 1819, 2416
3024, 4716
3230, 3990, 4141
2504, 3318, 3903
1895, 3508
729, 1506, 4078
1339, 2854, 3404, 2156
2333
733, 906, 1140, 4533
1915, 1527, 1729
734, 1789, 3835, 4614
735, 1176, 4222, 829
1732, 3582, 4521
1261, 1815, 3249
738, 3228, 4668
1424, 3593, 4986, 1143
4618, 3326, 4376
4728, 3705, 4414
1504, 3137, 4371, 1483
1618, 2901, 3749
744, 1834, 3386
2036
748, 1028, 1291, 1745
1154, 4569
3130
2621, 2805
754, 1443, 3084
755, 2065
757, 1255, 1634
759, 816, 4430
2737, 3209
2405
762, 986, 1704, 2369
763, 2990, 4726
4103
3065
766, 2008, 2057, 3133, 1726
767, 1813, 2274, 881
1642, 2105, 1962
770, 867, 4356
771, 985, 1081, 851, 943, 1441
3237
3512
774, 1032, 2922, 3392, 4161
1332
2506, 2747
3443
778, 2215
1972, 2550, 2778
2402
4360
3188, 3467
783, 1492, 2372, 2882, 2948
3496
785, 1016, 1814, 3204
786, 2240, 4300
2587
3124, 4033
4304
791, 2406, 3514, 3998
795, 931, 3071
1238, 2822, 1833
2373, 3279
1823, 3517
802, 3091
804, 1347
1790, 4048
2748, 3388, 2118
4818, 4685, 4249
4911
811, 1075
4506
3683
815, 1112
3165, 4202, 1486, 1566
817, 2469
819, 1193, 4790
4956
2271, 3199, 4515
822, 2093, 3956, 4730
3115, 3126, 3360
827, 1843, 2531, 3930
828, 2301, 2536
4434
831, 871, 4532, 4733
1958, 2664
3320
2418, 3040, 4291
2306, 2985
4901, 1223, 2219
835, 1321, 3045
1944, 2166, 1894
839, 2181, 2835, 3590
2375, 3735, 3759, 4667
2262, 2349, 1285
1543, 3285, 978
843, 1721, 4094, 4096, 1164
3006
1822, 3545
2101
850, 1641, 3559, 1468
1278
855, 1042, 2337
2011, 2515, 2197, 2221
856, 2665, 3659
2267, 2601, 3370
858, 3751, 4312
859, 1204, 2450, 3743
860, 1045
1854, 2502
2998
3363
868, 1652, 2409, 884, 898
4395
870, 2235
872, 2989
3262
4964
875, 1182, 1241, 3250, 3788
2143
1651, 3092, 1775
3058, 3665
1281
2565, 2942
3752, 4467, 4877
1503
3221, 3550
892, 919, 1860, 1174
1984
894, 1659, 3779
2720
3686, 4885
2878, 3243, 3755, 4280
4271, 3961
1308, 4673, 1616
2716, 2310
2395, 1129
2465, 3742
4934
4236
3154
4442
916, 1068, 2584
3328
3716, 4522, 4306
1247, 2650, 1605
927, 2064, 1859
928, 1465, 2873, 1546
929, 2354
3068, 3202
934, 2910, 4157
4016
2628, 3980
3541
2100
1429, 1633, 3584
2570, 3302
3679
946, 1103, 3042, 3853
2726, 3014, 4327, 2286
948, 2673, 3362
4828
949, 1034, 4054, 4058
2168, 2367
3066
954, 1539
955, 1080
3343
1319
2866
3546, 3600, 3747
4256
967, 1337
3364, 4545, 2037
972, 2110, 4650
1227, 2002
1865
976, 2316
977, 1398, 1587
1857, 3019, 4457
4042
982, 2061
984, 2162, 2655, 4254
2908
1200, 3833
3637, 3714
2475
996, 2749
3694
2865
999, 1542, 2005, 2214, 3205
3245
3928, 4693
3572, 3677
1005, 2662, 3758
1007, 1130, 1521, 1170, 1769
2411, 3134
2663
4017
1012, 1313
3812
1014, 1917, 2946, 1051, 1707
1015, 2633, 3522
3825
2762
4662
2154, 3206, 1662
1996, 3445, 1456
2879
4904
1735, 1992, 4607, 1266
2860, 3270
1601
3834, 3935
1041, 2250, 2641
2802, 3152
2210, 2478, 1371, 1899
1047, 2359, 2926
4146, 4710
2284, 3641
2385, 2581
2845, 2567
2236
2851
2358
1148, 1923, 1096, 1305, 1385
1067, 1171, 2439, 1712, 1271
1714, 2141, 2115, 2425
1071, 1106, 1593, 1826, 1694
1073, 2252, 3340, 1752
3312
1082, 1573, 1920, 4347
1421
1085, 1720, 1502
2828, 3008
1087, 1724
3131
1476, 4164
3999
2977, 3575, 2016
4827
1099, 1978, 3965, 4020
1100, 1943, 2365
4992
1898
2191, 3244, 2109
1104, 2424, 3535, 3539, 3909
3069
4101
3240, 2556
2818, 3380
2241
2978
3692
3435
1118, 1680
1901, 3367, 1599
1883, 3476, 1617
1121, 1183, 2269, 3081
2816
3076, 4372
2883, 2886, 3396, 1151, 1353
2768, 2962
4985
3283
2294
4773
3275
2183
2790
4940, 1275, 1916, 3831, 3448
1138, 1498, 1687
3020, 3346
1994, 1719
1991
2234, 2603, 2281
2680, 3868
2578
2569
4107
2326
4838
2074, 2709
2340, 2413, 2819
2046
3378
1165, 1897, 3664
1937, 2280, 2498
1168, 1320, 2044, 2091, 1910
2456
4679
2964
3442
2312
2022
4308
1179, 2940, 1818
2480, 3648
2534
3455
4278
1921, 3947, 4670
1892
2080, 2669
2750, 3261, 1393
2658
3184
2508
2427, 4185
2085
2548
4993
1208, 1975
2256
1886
1960, 2497, 3818, 1907
3233
2120, 2639
1215, 1918, 4984
4942
2898, 2972, 1545
3323
3405
2275, 2727
3687
4335
4437
2996
1228, 1412, 2018
3381, 3682
2642
1232, 1699
2021
4959
1234, 1847, 3043
2383
1981
3232
4154
3118
4186
4117
1246, 2029, 3254, 4365
2160
3790
4246
2752
2740
2440
2194
1263, 1324, 2196
1265, 1554, 4292
4241
1268, 1619, 3951
3321, 3408
2812, 3472, 4826
2474, 2486
2303, 3308
2676
2671, 3093, 3996
2589
1990
1287, 3035, 4071
1956, 4061, 2371
2350
2299
2637, 2959
2984
3815, 4463
2151, 2982, 1470
3248, 2150
3301, 3473, 3614
2582
2583
3661, 1579
2672, 2695
3949
2035, 1761
1314, 1394
3452, 4036
2441
1909
3226
1864
1328, 1363, 2957
2927
1329, 1893, 4446
2773, 4076, 4949
2591, 2721
3297
2516
3894, 4546
3368
4448
2314
1341, 1650
4297
2454
1863
3056
1358, 1463, 1964, 3000, 3395
3938
2691
3089, 4538
4508
1366, 2067
3842
4119
3838
3530
2685
1377, 1853
2323
2935, 3995
2264, 1589
2841
3826
1388, 2560, 3203, 3212
2967
4652
3729
3281
1858, 1987
2529, 3461
3136
4475
4763
4947
2342, 1926
2829, 1551
3178
1422, 2161, 2759
1423, 2134, 2319, 3654
2634
3432, 2054
2884
2404
1434, 1689, 1536
2880
3139
3878
4378
1891
4052
1445, 1677, 1555
3164
1449, 1782, 1645, 3183
2124
2981
1455, 2227
3161
3316
2590
3632
2408, 2786, 1936
4143
2937
3090
2517
2994
3560
1490, 2137
2041, 2238
2491
3487
3923
3626
1866
1508, 1754, 3532
3309
2163
2217
3293
2766
1927
3553
3562
1935, 2204
3627
2857, 1629
2222
2278, 2393, 1832, 2098
1532, 1948, 2479, 3013
3265
3372
3822
2435
4059
4022
4089
3292
4599
1565, 2176, 4223
3055, 3235
4279
1569, 1585, 3926
2725
3167
4540
2599
4789
1591, 2820
2255
3571
2245
2304, 2688
3007
2756, 2580
1950, 4450
2199
2936
2939
3568
3253
1928
1654, 1986
2277
3278, 4170
2988
2712
2895
2000
1683, 2213
2986
3663
2220
3644
2668
2547
2436
2488
2195
1925
1740, 2410
4814
2437
4507
2521
4513
1924, 1848
2611, 3211, 4368, 2025
2618
2167, 2334
3332, 3971
3251, 1971
2993
2289
2049
1778, 2670
1780, 2027, 3146, 1942
2433
2391
3939
3012
2782
3954
2152, 2315
2904
3574
2894
3175
1851, 2733, 4150
2869, 3173
2462
2683
2826
4050
3925
3284
2968
1932, 2586, 1963
2913
2477
3891
2899
3290
3028
2775
2610
3446
2577, 3135
4314
3424
3166
3141
2832
3474
2722
2535
4631
4139
2651
3353
2751
4156
2678
2572
3967
2897
4123
2776
2530
2619
2605
2980
2714
3857
2203, 2218
2803
4191
3558
2461
2902
3382
2862
2592
3023
3429
3450
3003
3009
2983
3645
3119
3896
3263
2965
3518
3801
