0 0.729524990184 0.885568372884 86 20 11.6279069767

0 0.712172724628 0.878740843086 82 22 11.3536585366

0 0.723188399908 0.872637055672 76 24 11.4078947368

0 0.724483339858 0.865996964278 72 25 11.4027777778

0 0.740921466203 0.862398666087 69 26 11.2463768116

0 0.745178379362 0.855974693769 66 32 10.9696969697

0 0.760519445124 0.853043639089 62 30 11.1129032258

0 0.780870511937 0.846352517361 61 30 10.606557377

0 0.783824476717 0.838367023385 61 28 9.91803278689

0 0.796807760249 0.829391428372 60 32 9.51666666667

0 0.786202279918 0.826297986062 59 23 9.20338983051

0 0.792804020995 0.818973720707 53 24 9.83018867925

0 0.785738128773 0.804728212782 55 23 8.89090909091

0 0.768632954095 0.796952183954 52 21 8.90384615385

0 0.764008109875 0.786127608182 53 20 8.28301886792

0 0.754406056679 0.766923476454 50 21 8.14

0 0.740066771957 0.757318993386 50 25 7.62

0 0.718680555556 0.74254921875 50 28 7.2

0 0.702958579882 0.717674478134 45 39 7.51111111111

0 0.738944815868 0.798366167091 70 31 7.05714285714

