11 0.449766617833 0.619009876696 224 62 4.46428571429

4 0.580566220396 0.810493478272 61 81 16.393442623

1 0.57210396431 0.810272978288 55 87 18.1818181818

1 0.616955691762 0.850373353111 28 89 35.7142857143

1 0.620588745674 0.84944807439 28 90 35.7142857143

1 0.618711963748 0.848934062381 28 91 35.7142857143

1 0.610612864992 0.847301948728 28 98 35.7142857143

1 0.60089780993 0.845619529914 28 103 35.7142857143

1 0.587347403218 0.845656220334 28 103 35.7142857143

1 0.598355972287 0.846476985862 28 95 35.7142857143

1 0.591577492832 0.846788629776 28 89 35.7142857143

1 0.583386901589 0.846887264636 28 85 35.7142857143

1 0.583164928832 0.847780802059 28 85 35.7142857143

1 0.582805430557 0.846581802656 28 84 35.7142857143

1 0.56545859354 0.84720169677 28 85 35.7142857143

1 0.578170899164 0.846291863483 28 86 35.7142857143

1 0.579051806429 0.847784302969 28 82 35.7142857143

1 0.587360250459 0.847870805382 28 83 35.7142857143

1 0.590143737657 0.847247422869 28 86 35.7142857143

1 0.587430972159 0.847301389396 27 88 37.037037037

