0 0.564362891183 0.784585130172 82 34 12.1951219512

0 0.536307795354 0.77896819067 82 34 12.1951219512

0 0.516282410093 0.776820005667 82 33 12.1951219512

0 0.522822623977 0.776187008933 82 31 12.1951219512

0 0.528459660257 0.775395806036 82 32 12.1951219512

0 0.524487127297 0.774147800782 81 34 12.3456790123

0 0.524321182801 0.772837309617 81 34 12.3456790123

0 0.525375422866 0.771640307947 81 32 12.3456790123

0 0.510944917926 0.769494629144 81 32 12.3456790123

0 0.499139694022 0.767138314531 81 29 12.3456790123

0 0.490104485833 0.767931807047 81 28 12.3456790123

0 0.490477953264 0.767435632261 81 30 12.3456790123

0 0.486321513512 0.767106777497 80 35 12.5

0 0.483708246367 0.766484065484 79 33 12.6582278481

0 0.473175046623 0.764432303141 79 33 12.6582278481

0 0.471695217635 0.764548990159 78 34 12.8205128205

0 0.480999589521 0.76704513376 78 33 12.8205128205

0 0.463873772325 0.763556553131 78 36 12.8205128205

0 0.454606965839 0.762538955101 78 34 12.8205128205

0 0.471802451889 0.764690500945 78 34 12.8205128205

