0 0.729768194529 0.884975414142 85 36 11.7647058824

0 0.703459031981 0.881808723174 85 30 11.6352941176

0 0.690862911871 0.878708686613 84 28 11.7738095238

0 0.676538770624 0.877757884838 84 27 11.7738095238

0 0.67824518413 0.87661287439 84 27 11.7857142857

0 0.67476322765 0.877330245981 83 26 11.9277108434

0 0.657728802423 0.875346101862 82 26 12.0609756098

0 0.659769769684 0.874310559996 82 27 12.0487804878

0 0.659858040082 0.875065511743 82 29 12.0609756098

0 0.654403086902 0.873778985889 82 31 12.0731707317

0 0.645943757885 0.872302588025 82 31 12.0731707317

0 0.648368080959 0.872922863582 81 34 12.1975308642

0 0.652658662224 0.871442770683 80 31 12.3375

0 0.660889039739 0.872360470489 80 30 12.3375

0 0.652021721475 0.872711882874 80 28 12.3125

0 0.640200846294 0.86991326286 80 28 12.3125

0 0.635755483236 0.871086833036 80 27 12.3

0 0.630997369081 0.869878613195 80 28 12.3125

0 0.641570191174 0.871287700013 80 29 12.325

0 0.633942399676 0.870342638853 80 27 12.375

