0 0.723491151801 0.882585506088 89 28 11.2359550562

1 0.390817835677 0.792687600111 47 140 21.2765957447

0 0.252019097599 0.747972251926 41 135 24.3902439024

0 0.422209405979 0.811379365247 26 134 38.4615384615

0 0.558371594075 0.777013521496 20 203 50.0

1 0.333418917228 0.507906953761 17 499 58.8235294118

2 0.151707148583 0.189131285126 10 717 100.0

1 0.192791182734 0.338713380897 9 724 111.111111111

1 0.170792919232 0.328255414721 8 717 125.0

1 0.115008392609 0.395867008515 6 697 166.666666667

0 0.199273886915 0.35422828721 4 763 250.0

0 0.41424427242 0.332533992817 4 773 250.0

1 0.491905511375 0.245450506002 3 845 333.333333333

1 0.272551664899 0.134270489216 3 919 333.333333333

0 0.215786903688 0.0747185616646 2 926 500.0

1 0.231949001592 0.0244055504477 2 974 500.0

0 0.280804060637 0.0112870920559 2 987 500.0

0 0.280804060637 0.0112870920559 2 987 500.0

0 0.280804060637 0.0112870920559 2 987 500.0

0 0.280804060637 0.0112870920559 2 987 500.0

