2 -0.405409857039 0.299607324054 135 27 7.40740740741

1 -0.320411548 0.346120334598 79 53 11.9367088608

1 -0.3088039994 0.355420598295 73 62 12.301369863

0 -0.268675730167 0.363729275992 65 53 12.8307692308

0 -0.285672388311 0.357354383582 68 72 11.75

0 -0.261690637636 0.358715317384 58 66 12.9310344828

0 -0.262951364766 0.357368141242 53 76 13.641509434

0 -0.226580075728 0.34979327763 57 85 12.1929824561

0 -0.260998607521 0.343678334922 59 86 11.0677966102

0 -0.263318561272 0.341544080396 59 109 10.8474576271

0 -0.255547323079 0.326142954177 61 109 9.85245901639

0 -0.255791657187 0.324695844855 50 98 11.4

0 -0.2446655139 0.320529883674 47 99 11.7872340426

0 -0.214687040537 0.325022886471 50 99 10.64

0 -0.241385054472 0.30909085591 44 123 11.2272727273

0 -0.255930175755 0.289131631434 44 163 10.8409090909

0 -0.222701480103 0.266233331129 35 221 13.2571428571

0 -0.120323778341 0.172827292899 18 325 25.1666666667

0 0.0224825164673 0.0498396314057 6 406 73.1666666667

0 0.0814391925386 0.00869488417311 2 412 208.0

