0 0.729524990184 0.885568372884 86 20 11.6279069767

0 0.718051248429 0.881483747563 83 33 11.6506024096

0 0.712547345556 0.878568915369 79 31 11.9240506329

0 0.707257495079 0.875676391417 76 27 12.1973684211

0 0.699213632597 0.868860058844 74 33 12.4189189189

0 0.6967209659 0.867878728706 71 28 12.5774647887

0 0.724097860655 0.865545886394 68 36 12.6176470588

0 0.736525109168 0.862784008341 64 34 12.875

0 0.74734797113 0.858914398865 63 34 12.7301587302

0 0.738709645679 0.855155991951 60 38 12.8

0 0.744628102356 0.848502292726 60 41 12.1166666667

0 0.743516357122 0.842622835125 58 48 12.1206896552

0 0.739134986109 0.841144850942 58 47 11.6034482759

0 0.734101581261 0.834568173496 57 51 11.5263157895

0 0.753299635528 0.830385604304 57 55 10.9649122807

0 0.747829709023 0.81998037451 55 56 10.8

0 0.75783857002 0.819677031462 57 60 9.80701754386

0 0.759728896945 0.81117127201 54 52 9.77777777778

0 0.769002079562 0.80965112426 56 43 9.08928571429

0 0.762510942723 0.809345105309 55 43 8.98181818182

