1 0.172920015501 0.578337678341 84 55 11.9047619048

0 0.0228239395861 0.54209305531 65 45 15.3846153846

0 0.0200302791555 0.538452784447 60 54 16.6666666667

0 -0.026846760045 0.528908014456 50 91 20.0

0 -0.024962723067 0.543203115053 45 97 22.2222222222

0 -0.0392854906725 0.52979195114 40 113 25.0

0 -0.0726916425665 0.516362342099 38 119 26.3157894737

0 -0.0346433966189 0.521279235582 34 119 29.4117647059

0 -0.0468811542853 0.510146248076 33 143 30.303030303

0 -0.109979037563 0.494275432789 34 156 29.4117647059

0 -0.0506580043688 0.514059179718 30 171 33.3333333333

0 -0.0905754176243 0.515288410756 28 175 35.7142857143

0 -0.099264250587 0.50280228849 30 193 33.3333333333

0 -0.0833290074222 0.502795987945 31 205 32.2580645161

0 -0.107861049835 0.494359788108 26 233 38.4615384615

1 -0.0943725742951 0.475287556461 30 233 33.3333333333

1 -0.093968103826 0.472821698348 29 252 34.4827586207

1 -0.0830239814959 0.475801520003 27 278 37.037037037

1 -0.111468768953 0.447505481243 29 334 34.4827586207

1 -0.156134522822 0.424936266184 26 360 38.4615384615

