0 0.720523402883 0.879705383267 92 20 10.8695652174

0 0.391937888434 0.780635915954 61 82 16.393442623

0 0.332136308832 0.825315588235 41 87 24.3902439024

0 0.472918072124 0.810538621287 38 78 26.3157894737

0 0.459681830364 0.824795877403 26 96 38.4615384615

0 0.459033346568 0.817254109306 21 108 47.619047619

0 0.4161210685 0.784396902958 19 215 52.6315789474

0 0.353017157065 0.766642026496 17 198 58.8235294118

0 0.340606604025 0.724260052224 17 285 58.8235294118

0 0.454271588461 0.748013283462 16 276 62.5

1 0.392622921961 0.728459804344 14 272 71.4285714286

0 0.413554130918 0.715625632463 13 272 76.9230769231

0 0.430554327428 0.711550643002 10 312 100.0

0 0.407467436519 0.698699393807 8 339 125.0

0 0.437249187756 0.671237999369 12 316 83.3333333333

1 0.360896629639 0.594588078285 7 479 142.857142857

0 0.317402026946 0.548917474878 7 546 142.857142857

0 0.438198610411 0.530932033836 7 565 142.857142857

0 0.438198610411 0.530932033836 7 565 142.857142857

0 0.438198610411 0.530932033836 7 565 142.857142857

