2 -0.663894222399 0.203193541414 181 27 5.52486187845

2 -0.631190942873 0.222611437914 114 40 8.51754385965

2 -0.58975314507 0.230429039025 105 55 8.87619047619

2 -0.567723633641 0.246150526483 82 74 11.012195122

2 -0.571987545563 0.233106577762 101 128 8.49504950495

2 -0.506299356354 0.223362839067 95 314 8.71578947368

2 0.0199246358255 0.00705869782427 3 777 261.666666667

0 0.0332510661764 0 1 758 758.0

0 0.0339145704732 0 1 729 729.0

0 0.0359033579578 0 1 690 690.0

0 0.0376172511764 0 1 655 655.0

0 0.0407475659984 0 1 632 632.0

0 0.0441292909819 0 1 611 611.0

0 0.0425296369019 0 1 577 577.0

0 0.0468700594627 0 1 563 563.0

0 0.0476319896812 0 1 532 532.0

0 0.0510986708714 0 1 504 504.0

0 0.051564076308 0 1 479 479.0

0 0.0512398488654 0 1 465 465.0

0 0.0551485691023 0 1 447 447.0

