544 2784 385 2945 1250 2883 2564 394 1676 2668 1777 499 309 1013 58 1594 1147 2140 1661 767 1151 
1249 738 1542 487 776 1033 2633 842 203 459 2316 1998 1840 786 1298 1107 1493 2362 347 1083 1723 28 2940 2463 
416 1953 2082 2658 2051 2659 100 2567 2217 426 2186 463 1807 1903 2545 1746 1528 1913 795 2523 2620 1758 
289 2049 37 615 1703 1192 1737 1961 235 1198 1715 2611 629 2485 183 1271 1655 2809 2010 699 2621 1791 
2498 2376 330 1994 2572 1936 2768 2004 1877 2069 1568 1122 2854 233 2091 2990 1839 2287 2995 1268 2164 53 2873 1850 1339 190 
2177 1922 387 324 7 1863 520 777 845 1101 1677 1422 788 1558 793 2977 2596 1253 2661 2024 2216 1578 2667 176 1652 1908 1461 1845 1786 315 
2178 1347 1348 966 1670 905 1417 1865 1932 399 656 1104 2770 1684 725 2325 2268 2334 96 1827 2727 1320 2472 2219 1068 237 878 2105 1659 2108 
835 5 1894 2662 2599 1449 908 2413 270 2575 561 244 2196 1173 539 284 828 1149 2045 1118 2687 
2080 1123 1635 772 1286 583 553 2057 813 1039 1520 1906 2802 2676 149 1302 1496 57 1145 698 571 1469 2751 
1761 1475 580 1509 680 1387 1358 688 1680 1586 1587 2103 120 251 2557 2589 2270 415 
2052 2980 1798 1447 1479 104 712 1162 2506 2252 2958 752 2353 2099 245 150 280 1529 2713 283 892 1790 
1 1537 1890 931 965 1799 2407 584 1356 2828 2384 849 2833 2866 307 1811 374 1880 345 379 2043 957 2878 127 
1152 1795 2440 2569 2955 1168 1425 146 275 408 1177 1180 159 1695 2594 2213 1066 2986 1067 689 690 2612 312 1211 68 326 2251 2896 2385 1106 2132 1749 2773 342 987 2779 94 480 993 1765 1896 1902 495 1521 2417 2804 2680 2042 1663 
1409 901 967 2824 1098 2890 1423 1424 2576 1490 2195 2515 1301 791 2396 2908 1515 2155 2284 2285 814 2222 111 184 2110 
642 1926 2823 2635 2891 2511 2703 2577 403 2388 87 407 2712 924 988 2461 1055 1186 1900 173 302 2606 1393 692 1209 378 
2818 1667 2374 2694 1991 651 1291 2507 141 1805 2383 467 2323 2772 469 2518 2522 667 731 926 1763 1575 2855 47 2162 2418 2998 2427 1276 510 
1024 1729 2500 1413 2949 327 1225 970 1355 663 1367 2721 2850 1891 1125 550 618 1323 1841 626 1458 1522 115 1204 501 2165 2293 1466 956 2815 
1921 2019 1156 2310 2886 2087 2474 11 942 2191 2991 496 243 2931 2644 1141 2647 2552 665 1241 1082 1562 1788 
384 321 2113 2948 902 906 1999 2257 917 2645 598 921 1369 1883 733 542 287 36 1128 425 2411 1644 2544 305 2934 1336 1596 1852 
1216 1376 1825 419 1093 2693 2566 746 2538 1003 780 589 2573 2480 2161 1685 55 2040 507 635 765 
450 1287 393 1673 1164 2446 655 1042 1234 1944 411 2203 2525 224 1505 35 166 359 2729 1517 2670 240 817 1329 1778 2356 1210 2491 638 447 
2656 2370 2307 4 2669 558 1167 2639 273 465 434 2996 1974 1207 1144 2169 2777 219 1981 1182 2846 2974 671 
1857 1416 843 1995 781 1489 918 216 90 1630 1439 2591 1062 2343 2344 2664 1835 2220 1201 2993 1266 948 949 1781 504 377 189 
64 1088 193 2882 2692 1096 206 2256 1494 2198 540 739 1064 2728 2537 2730 2412 2928 2673 754 2610 1397 1525 1398 1847 2938 1660 2044 
2593 740 2852 38 2598 2152 874 1901 2221 784 723 1875 2133 2517 2967 473 1113 2202 1915 2299 1437 
576 1793 674 2434 2340 2887 2952 1993 107 2893 1070 2255 944 1169 946 1810 694 631 2328 124 1086 1374 
1224 1992 585 1485 2960 276 1556 1945 1050 732 2462 929 1442 1571 1958 42 2282 2858 2731 877 1581 566 1592 569 250 895 
2947 70 1674 331 1035 268 1548 1230 850 1876 213 1046 2966 2841 2074 1310 1759 1058 744 809 941 239 2416 2226 1267 1593 570 2558 
1760 2371 2819 1605 265 2634 1933 1518 1007 2607 401 82 468 1878 1463 1527 505 2171 2172 285 1821 
1666 390 519 1543 1032 2702 1935 2902 1111 1623 1822 1567 1951 2017 1766 1319 105 1513 2672 241 179 758 1719 2039 1720 1916 1725 830 
448 2144 2369 1734 1384 1614 2735 753 1073 1905 2194 2483 2452 2646 375 24 537 1722 2139 348 893 863 
1408 2624 517 2501 2570 2636 1102 147 2451 20 404 1428 152 2394 604 2653 1503 1251 292 742 808 2345 367 560 2100 693 1270 887 2231 2367 
1888 709 1830 2502 2090 2314 75 939 2027 1005 2541 687 1072 2482 2228 2261 2421 2102 1335 1399 474 2107 1212 
2688 1569 2209 1282 548 1925 358 935 1063 138 1482 46 1742 1647 881 1138 2546 2935 986 575 
225 1634 612 456 1738 587 1643 15 2031 2447 464 915 1172 278 1175 186 1978 2906 796 1565 1566 
2880 1985 1155 2053 2117 1031 458 2638 81 2386 1812 1045 2778 486 743 2600 170 2539 1710 175 1455 2741 1976 187 1851 2941 831 
322 770 1602 260 1732 1733 2757 1801 2829 1616 1617 18 274 600 920 1756 2844 1757 2973 2719 673 872 361 308 824 1532 2493 
69 837 1158 2124 1492 2005 2134 2326 2135 536 2075 606 2718 2466 1507 1893 2795 684 1260 493 1837 2349 2861 2350 2543 1200 2290 955 
386 2306 1603 1731 2827 1430 2071 2842 1755 1501 2333 1502 32 1121 1637 2853 295 372 181 952 2104 2300 766 959 2623 
960 2241 1034 12 909 2382 1295 976 1043 1429 1813 406 279 792 1818 2011 2267 989 481 2465 2786 168 1832 2920 1899 2347 2034 2295 1277 1215 
1056 1090 1222 2632 2441 2825 1931 685 1134 2671 16 2288 2800 1879 632 953 1657 2297 2109 2269 1087 
2752 2753 1796 2565 904 2189 2767 979 2965 471 1752 1370 603 2395 31 676 2468 613 1193 1642 2028 2348 1394 438 759 1784 317 2686 
2208 2657 2085 2054 2406 2313 1803 1965 2320 883 2131 2163 532 628 1941 2997 2230 1817 442 2619 2875 2524 29 
1664 1154 259 2627 1862 1928 2698 1484 13 1613 462 2450 2580 2331 1246 1631 2787 421 2214 169 937 1897 747 1324 2223 2929 2489 2814 
2018 2820 1317 1477 423 679 2951 1608 2989 433 2481 658 1171 2901 470 2711 2744 121 2235 1692 
512 2978 1699 2083 1189 2725 2215 328 329 1962 1227 2156 1361 1939 116 2484 2454 695 2583 1560 1467 2655 
128 417 2242 323 773 263 2509 750 2862 2799 1937 2705 1010 1650 1651 660 916 2871 2458 2682 1979 95 2271 
67 1540 2505 590 910 2254 783 2900 789 1622 2199 666 1306 1882 609 2603 1069 2415 1009 2737 178 1907 1206 2038 2615 762 2363 574 
705 2081 2849 388 932 293 1254 1318 522 586 1514 652 207 1328 1842 823 2905 1115 1243 1052 30 1887 2079 2975 
1538 2626 3 1285 2126 2959 531 1365 2138 608 1762 2338 2339 1380 549 1510 1000 2280 2410 1646 623 816 2547 1780 247 1208 2746 1533 2559 
1728 194 713 205 2701 78 338 594 2834 2579 1624 1433 1691 162 868 1316 2020 1127 2409 1709 943 1263 1649 1713 2549 1143 888 
1984 483 2531 964 1446 2984 716 1036 848 402 2068 535 410 602 2490 59 1244 349 1085 1885 2622 
672 2146 420 1124 262 360 1864 2954 43 365 2289 1460 2836 2903 2298 1819 188 637 797 734 1470 383 
1920 1859 132 1159 2188 654 277 1815 856 1754 541 1886 2207 2273 226 2084 299 683 113 889 2236 829 1917 126 1406 
515 516 2315 1166 2002 2971 2141 1054 2785 1379 1252 40 1641 2665 2793 1196 2478 2550 2743 1080 1400 1465 891 2238 1343 
1217 201 1740 2445 1103 1360 2897 596 85 982 2266 861 1053 1440 2720 2337 2150 807 554 1264 1457 439 1464 2937 316 
1410 1027 1607 136 457 2187 2317 337 1681 2067 599 729 91 222 2592 1511 232 1321 492 1262 880 563 2227 2617 634 380 1214 1534 2366 
257 2305 708 198 2185 76 529 210 1426 211 2899 2324 1751 1240 546 2283 2477 2797 174 622 2798 1585 436 1716 2494 2750 
801 1377 1473 1506 164 1988 102 1288 1129 2093 2448 945 2961 1427 1814 2839 2776 2745 2683 2429 2749 2335 
768 2432 1281 1924 1671 2761 1610 2059 1420 1486 2319 1872 1745 1362 1682 2706 2516 1245 1693 1633 2918 556 49 568 1401 1213 1855 2239 
192 2754 2244 2055 1160 14 720 2064 1105 985 2587 860 479 1823 2976 1187 804 1636 2917 488 555 1454 1137 2801 1588 1973 2424 2426 509 2685 382 
1185 1315 836 1292 1580 269 621 1390 2158 1552 1297 2225 2641 2130 2867 118 2678 2584 1018 1020 1116 2588 253 223 
1952 101 933 1861 998 1736 971 397 1327 2927 2192 2870 215 2999 2296 2874 1372 157 1789 894 
129 451 1411 2438 2312 202 1418 140 717 1679 339 2006 1559 1947 93 352 2277 2789 2086 2983 873 1772 429 1456 2677 2808 1273 1019 2747 
1412 1508 2756 2245 2278 1640 2568 1866 395 2571 366 303 1331 1971 1078 1303 2167 2391 825 1914 92 156 799 
1472 2401 2946 2628 2184 1001 1229 1648 306 1074 1554 787 1075 564 2613 1431 1975 89 282 2106 1084 414 
1856 1345 962 2309 2118 2123 2508 2061 334 2640 2904 217 1435 2078 928 1248 1826 1767 2151 2535 1258 1392 1779 376 1146 63 
2689 1228 335 1938 21 853 2262 1304 1689 154 2590 736 1120 482 296 619 364 748 2479 2032 370 1142 2422 567 2554 2174 
195 741 518 711 137 2442 1516 432 2832 565 1237 2869 86 1846 2358 2551 760 3000 444 2204 1119 
258 710 647 1735 1419 847 911 2193 1621 1366 2781 798 1375 2783 98 1770 2604 2157 242 2674 180 506 1338 763 1724 1405 254 2302 1599 
832 2464 2560 97 514 165 1414 1415 1386 524 718 1871 1488 2065 914 2098 981 246 1686 311 2425 1948 1023 1727 
578 1059 2435 1352 2536 2696 1097 1385 1833 778 1322 171 975 1619 2963 2036 1718 56 2072 2168 2843 413 2911 
256 2881 1730 2956 2894 2001 2707 1112 669 1697 357 1701 2341 806 231 106 557 1071 177 1012 1717 630 1977 1340 2301 
2625 2690 1091 2436 1157 2311 841 969 1481 2764 653 398 2318 1233 2389 2453 2457 2715 351 1183 2274 2275 2915 2021 39 1771 1963 
2497 1028 839 1226 1293 1741 2125 148 2260 1816 1625 220 1820 2527 1313 1698 2722 2469 1831 298 876 1453 1006 882 1076 2614 122 2812 62 
2944 2 1478 1290 1547 1997 1553 2769 340 862 1694 864 2336 547 614 2281 811 1707 2609 818 2420 1272 2681 826 2173 2175 
1443 645 422 489 10 428 1165 2957 686 2510 2542 2766 2096 2321 562 2803 822 2455 1912 2170 191 
513 769 163 2403 1892 997 1445 1797 552 73 1065 714 2988 846 1966 1265 1044 790 1848 2360 2329 2748 319 511 
896 1600 1218 771 2056 208 592 977 1683 852 2327 2909 158 670 616 363 491 44 2476 494 2930 819 947 1658 252 1598 
2561 1283 453 2181 135 8 2378 1421 526 2704 2449 530 2771 1943 2649 1946 1311 2400 2979 1383 2925 1782 1274 1275 1595 2876 1278 
2562 643 707 903 1099 1483 332 1108 2964 1114 859 478 2206 1184 161 354 99 1955 2218 1388 1836 2796 1583 2352 2805 440 2046 2430 
1344 1668 581 2182 775 1163 2574 726 2775 1048 409 668 1438 927 992 1632 1057 2529 610 2147 356 677 1261 50 1202 2738 2037 2237 
2050 1030 1800 2697 2250 907 333 657 1688 2456 1753 2330 2652 802 866 2276 2916 2149 1639 2663 1706 45 431 497 1970 827 
2368 2496 897 1026 900 1604 325 838 391 649 2444 1809 2387 212 23 2200 2521 2012 1570 1188 1132 1773 1714 2548 1334 2486 696 1853 1342 1662 1854 
449 706 2595 1061 1606 2726 1255 2247 2695 297 1194 1867 2605 1038 435 1395 1300 22 182 950 1049 1561 125 
2816 1665 1378 1349 1579 1708 974 1359 2895 2000 209 51 1972 1109 1909 2232 1881 2618 2650 1179 1787 2428 2654 735 
452 2375 264 1545 1611 1550 271 527 2127 84 980 533 2838 922 2076 925 1629 2601 2602 1004 1967 1712 2101 1404 639 2047 
577 2755 2308 1612 1996 2700 2637 2190 597 1174 1047 218 1242 2013 2016 1768 1133 1008 820 54 1462 1654 2487 2679 1017 702 
2240 1601 2885 1806 1231 2578 1239 25 2459 1889 1828 2022 1448 1704 749 2030 559 1205 2229 1911 2616 249 1849 2041 123 764 573 2365 
2112 2176 834 1314 675 1539 2851 2405 2119 2439 2120 2792 2025 2154 2794 2736 691 2739 52 1844 757 605 2910 
288 2467 2630 1959 1353 1357 1487 2095 369 625 498 2294 503 919 1497 26 1051 700 381 2845 2526 1247 
1476 2631 2377 528 785 722 1874 2322 2007 1176 2970 867 228 2212 485 2981 1382 103 2987 1582 2094 368 1136 2675 885 2811 
65 353 1089 1441 1700 133 199 650 2379 1519 272 2033 1330 2292 1653 855 2714 1950 607 
2913 130 963 1923 1284 71 1191 2088 1769 234 2826 1804 2992 627 214 1014 727 664 984 281 2810 1563 476 2398 
1669 779 2253 1934 1040 2962 1236 1238 1942 2582 2648 1305 2651 2780 1312 484 2791 2089 490 2923 1197 1199 1711 2351 112 2291 1341 
1280 2433 9 2953 267 523 1195 1100 2381 142 2734 912 659 851 1524 1077 310 2392 1468 2942 2879 2943 
1794 227 2115 2499 1572 229 2759 1480 362 139 1389 1326 2414 2926 591 1523 1555 2070 2742 1079 344 27 2684 2972 
545 1474 2914 2563 389 2821 134 999 681 1257 108 1037 2419 756 2357 854 2710 1656 857 1403 508 2492 1983 2111 
2530 899 167 2279 1289 2857 1546 2026 1131 1868 2513 19 1299 1459 1940 341 2837 2519 313 697 2009 350 2143 
1986 2114 2691 2629 455 1223 2121 2249 1739 2060 973 2062 2642 728 2008 1500 2014 2528 2532 1126 551 238 1838 1391 1910 119 2936 958 1535 
865 2116 2404 869 1895 2183 72 2504 1451 2860 1232 913 978 1203 1557 1590 1591 633 2939 2332 2077 
320 1792 646 1743 2128 17 2066 2514 1620 472 794 2460 2717 1504 737 418 803 871 2023 2473 1834 2863 304 2160 2994 2932 1526 2807 1785 
160 2145 66 2179 2211 1957 840 1577 2859 236 460 620 844 400 1584 145 1110 1432 185 1402 1499 2556 477 1949 
1696 355 579 1029 2597 2408 719 2129 114 1170 1363 2708 661 2774 983 1687 2968 346 1498 2555 1309 703 1919 
2817 2148 2724 938 2122 396 2540 1678 1870 751 1968 2355 2835 534 1750 2359 88 761 890 443 
994 1858 995 582 934 1094 1576 1898 1675 2380 2924 110 2159 1296 2224 1041 2035 2234 2716 1021 2782 
1860 1541 2248 2760 721 1747 1178 1373 2272 1574 1638 2985 2475 1964 2092 301 1774 2286 117 1589 2933 951 1980 1918 1279 1471 2303 
641 930 2373 2437 2246 1672 1929 1130 172 204 1869 79 336 755 1332 2709 2585 446 2495 
2243 1609 2889 1354 1930 715 461 2765 143 144 2003 2520 153 1627 2397 996 810 2666 875 1452 430 1775 48 371 441 2361 1148 
2304 1219 1829 2790 1960 41 1802 1549 2029 1776 2864 2868 405 2197 151 1783 2840 601 2201 2969 858 572 1022 
33 1153 1092 2884 294 454 1190 2342 200 968 2921 266 1450 2058 2063 1873 1969 1333 2390 1016 1721 
800 833 261 805 1221 1381 230 678 2831 2097 83 1139 884 248 2137 2553 1371 1436 221 701 2205 2813 318 1407 
2723 644 1764 2533 2919 936 1512 2888 427 1325 815 624 1744 724 1396 1748 437 1015 2263 60 1726 991 
961 898 196 6 521 2892 782 595 1495 2265 475 2907 2015 2848 1954 2210 1060 1444 2660 2982 1645 1011 1843 500 1140 821 
2912 1956 1989 2470 2758 2950 1927 648 617 74 2443 2699 300 812 525 1135 1808 373 2233 730 923 2364 1597 2142 
1987 2180 1351 2763 2512 1235 1491 1364 2581 2073 1308 1564 1884 1117 2847 1824 2402 1573 2856 1002 2865 2740 1337 636 61 
2048 131 197 774 1350 2534 2503 1544 682 940 80 593 466 1618 2258 2643 2136 1081 1626 1150 
704 34 2471 424 745 2922 588 1294 2830 1904 2354 343 2423 2264 2393 314 1531 1628 445 286 990 255 543 
640 1536 1025 1220 392 1161 972 77 1551 2898 2259 662 1434 2586 155 412 2399 291 1702 1705 1259 2732 2733 879 2608 1269 2488 954 1530 1982 
1346 2372 1990 2822 1095 2762 1615 1368 538 1690 1307 1181 290 611 2788 870 1256 2153 2346 109 502 886 2166 2806 2872 2877 2431 
