0 0.375904272703 0.682177498107 87 48 11.4942528736

0 0.206209051354 0.650079386174 65 49 15.3846153846

0 0.145182404678 0.635898479564 59 47 16.9491525424

0 0.1388340212 0.639513752323 51 92 19.6078431373

0 0.138149536239 0.630370712675 41 95 24.3902439024

0 0.147684769172 0.627369210775 39 113 25.641025641

0 0.0656972672408 0.606844216251 33 161 30.303030303

0 0.0220127952801 0.605026619274 33 162 30.303030303

0 0.0674013866236 0.597744404905 30 185 33.3333333333

0 0.0290617770631 0.58354552746 29 181 34.4827586207

0 0.0812501243482 0.594126959772 26 202 38.4615384615

0 0.0243156251872 0.583790967373 25 207 40.0

0 0.0546272827276 0.577919318294 21 225 47.619047619

0 0.0149998009021 0.557598449413 21 246 47.619047619

0 -0.00362660377405 0.544710197267 17 272 58.8235294118

0 0.0185077566124 0.530617564866 17 316 58.8235294118

1 0.00198118316296 0.516970986918 19 354 52.6315789474

1 0.00479216043101 0.514639336668 18 381 55.5555555556

1 0.048667487667 0.509882014081 18 386 55.5555555556

1 0.0421587763489 0.491823651224 14 432 71.4285714286

