2 -0.652724645036 0.207415914868 177 22 5.64971751412

3 -0.62282277491 0.231740587192 112 39 8.92857142857

2 -0.592762401177 0.247304773176 93 64 10.5268817204

2 -0.574599236269 0.248397355526 97 104 10.0927835052

2 -0.572667343835 0.248510081011 91 159 10.7582417582

3 -0.529147500719 0.240281673041 111 202 8.81981981982

4 -0.507452143443 0.223025661784 132 267 7.41666666667

8 0.021939358158 0.00358381034604 2 975 489.5

1 0.0266668518219 0 1 979 979.0

0 0.0246210348743 0 1 978 978.0

0 0.0229121691398 0 1 978 978.0

1 0.0273098829231 0 1 975 975.0

1 0.0226840132273 0 1 976 976.0

1 0.0282054598872 0 1 976 976.0

0 0.0257565772784 0 1 976 976.0

0 0.0291110676789 0 1 977 977.0

0 0.0283272405439 0 1 974 974.0

0 0.0249254196361 0 1 975 975.0

0 0.0267985931196 0 1 972 972.0

1 0.0251562378597 0 1 971 971.0

