1	21 
2	35 
3	22 
4	12 
5	11 
6	11 
7	28 
8	26 
9	30 
10	12 
11	19 
12	1 
13	17 
14	16 
15	15 
16	26 
17	23 
18	24 
19	34 
20	5 
21	21 
22	15 
23	34 
24	25 
25	25 
26	26 
27	15 
28	27 
29	18 
30	34 
31	22 
32	6 
33	8 
34	9 
35	18 
36	36 
37	12 
38	32 
39	36 
40	14 
41	26 
42	4 
43	33 
44	34 
45	34 
46	18 
47	6 
48	15 
49	35 
50	1 
51	31 
52	1 
53	15 
54	2 
55	23 
56	1 
57	10 
58	34 
59	29 
60	34 
61	7 
62	12 
63	19 
64	6 
65	14 
66	11 
67	11 
68	24 
69	18 
70	33 
71	22 
72	19 
73	17 
74	24 
75	15 
76	11 
77	33 
78	28 
79	17 
80	1 
81	36 
82	15 
83	33 
84	17 
85	16 
86	17 
87	14 
88	19 
89	26 
90	4 
91	33 
92	32 
93	12 
94	3 
95	2 
96	33 
97	9 
98	20 
99	7 
100	27 
101	12 
102	34 
103	18 
104	12 
105	36 
106	27 
107	13 
108	26 
109	26 
110	29 
111	32 
112	6 
113	7 
114	19 
115	11 
116	29 
117	17 
118	21 
119	28 
120	10 
121	22 
122	26 
123	2 
124	2 
125	25 
126	14 
127	8 
128	12 
129	32 
130	7 
131	33 
132	2 
133	10 
134	36 
135	22 
136	28 
137	7 
138	29 
139	14 
140	30 
141	36 
142	6 
143	29 
144	29 
145	12 
146	14 
147	12 
148	25 
149	21 
150	26 
151	3 
152	19 
153	21 
154	11 
155	15 
156	6 
157	20 
158	23 
159	24 
160	14 
161	15 
162	18 
163	6 
164	13 
165	1 
166	22 
167	18 
168	26 
169	15 
170	18 
171	11 
172	24 
173	15 
174	14 
175	10 
176	20 
177	12 
178	9 
179	11 
180	3 
181	30 
182	12 
183	12 
184	33 
185	4 
186	24 
187	22 
188	8 
189	29 
190	28 
191	22 
192	18 
193	26 
194	27 
195	6 
196	6 
197	26 
198	11 
199	5 
200	14 
201	8 
202	36 
203	10 
204	30 
205	27 
206	23 
207	28 
208	15 
209	25 
210	21 
211	19 
212	1 
213	19 
214	11 
215	12 
216	18 
217	34 
218	22 
219	14 
220	18 
221	16 
222	14 
223	36 
224	13 
225	25 
226	15 
227	14 
228	11 
229	4 
230	32 
231	22 
232	28 
233	18 
234	18 
235	28 
236	4 
237	23 
238	30 
239	32 
240	6 
241	27 
242	19 
243	14 
244	33 
245	15 
246	25 
247	7 
248	35 
249	15 
250	16 
251	14 
252	33 
253	36 
254	30 
255	12 
256	11 
257	7 
258	6 
259	1 
260	3 
261	32 
262	6 
263	8 
264	34 
265	17 
266	20 
267	7 
268	23 
269	22 
270	30 
271	11 
272	10 
273	25 
274	14 
275	16 
276	26 
277	17 
278	30 
279	25 
280	35 
281	31 
282	2 
283	7 
284	11 
285	23 
286	20 
287	21 
288	12 
289	14 
290	6 
291	25 
292	27 
293	2 
294	27 
295	27 
296	32 
297	30 
298	14 
299	6 
300	20 
301	27 
302	7 
303	13 
304	19 
305	36 
306	6 
307	20 
308	1 
309	15 
310	29 
311	9 
312	26 
313	9 
314	13 
315	10 
316	14 
317	29 
318	5 
319	16 
320	34 
321	18 
322	19 
323	13 
324	28 
325	33 
326	22 
327	18 
328	33 
329	17 
330	28 
331	15 
332	16 
333	15 
334	21 
335	1 
336	16 
337	2 
338	1 
339	1 
340	15 
341	1 
342	2 
343	16 
344	21 
345	33 
346	24 
347	12 
348	28 
349	31 
350	6 
351	16 
352	14 
353	3 
354	7 
355	27 
356	8 
357	15 
358	6 
359	28 
360	21 
361	24 
362	28 
363	29 
364	12 
365	12 
366	9 
367	35 
368	12 
369	32 
370	35 
371	11 
372	4 
373	14 
374	26 
375	9 
376	5 
377	21 
378	26 
379	1 
380	21 
381	26 
382	18 
383	31 
384	24 
385	27 
386	12 
387	22 
388	6 
389	3 
390	18 
391	34 
392	28 
393	27 
394	28 
395	14 
396	9 
397	3 
398	5 
399	21 
400	14 
401	6 
402	34 
403	29 
404	25 
405	12 
406	32 
407	34 
408	21 
409	33 
410	14 
411	21 
412	22 
413	18 
414	25 
415	28 
416	29 
417	20 
418	26 
419	34 
420	20 
421	12 
422	9 
423	14 
424	33 
425	33 
426	31 
427	34 
428	34 
429	29 
430	2 
431	15 
432	29 
433	3 
434	33 
435	7 
436	3 
437	33 
438	17 
439	8 
440	5 
441	27 
442	26 
443	12 
444	13 
445	30 
446	34 
447	29 
448	4 
449	31 
450	27 
451	20 
452	28 
453	18 
454	7 
455	14 
456	26 
457	33 
458	27 
459	23 
460	20 
461	9 
462	6 
463	9 
464	24 
465	28 
466	7 
467	3 
468	34 
469	27 
470	7 
471	10 
472	24 
473	8 
474	35 
475	31 
476	2 
477	11 
478	21 
479	1 
480	21 
481	26 
482	18 
483	28 
484	3 
485	19 
486	21 
487	26 
488	25 
489	21 
490	7 
491	4 
492	21 
493	2 
494	12 
495	27 
496	17 
497	25 
498	14 
499	29 
500	12 
501	23 
502	34 
503	33 
504	13 
505	28 
506	15 
507	12 
508	19 
509	26 
510	6 
511	34 
512	31 
513	21 
514	35 
515	33 
516	18 
517	33 
518	31 
519	28 
520	12 
521	1 
522	15 
523	15 
524	31 
525	26 
526	9 
527	5 
528	27 
529	34 
530	21 
531	8 
532	34 
533	23 
534	22 
535	19 
536	34 
537	26 
538	17 
539	18 
540	25 
541	25 
542	15 
543	14 
544	5 
545	15 
546	15 
547	12 
548	7 
549	31 
550	32 
551	23 
552	6 
553	5 
554	26 
555	32 
556	7 
557	1 
558	6 
559	6 
560	11 
561	24 
562	15 
563	6 
564	10 
565	31 
566	18 
567	31 
568	12 
569	23 
570	19 
571	3 
572	4 
573	16 
574	34 
575	25 
576	7 
577	9 
578	18 
579	21 
580	1 
581	5 
582	33 
583	10 
584	8 
585	18 
586	31 
587	12 
588	12 
589	1 
590	12 
591	7 
592	25 
593	32 
594	28 
595	2 
596	6 
597	3 
598	18 
599	21 
600	35 
601	7 
602	31 
603	11 
604	1 
605	2 
606	21 
607	6 
608	19 
609	29 
610	28 
611	7 
612	27 
613	25 
614	23 
615	33 
616	28 
617	7 
618	10 
619	3 
620	23 
621	7 
622	35 
623	18 
624	6 
625	11 
626	18 
627	25 
628	27 
629	33 
630	17 
631	31 
632	35 
633	13 
634	35 
635	3 
636	14 
637	17 
638	2 
639	34 
640	2 
641	19 
642	12 
643	31 
644	20 
645	12 
646	12 
647	7 
648	10 
649	7 
650	11 
651	31 
652	35 
653	8 
654	1 
655	12 
656	26 
657	31 
658	19 
659	28 
660	1 
661	18 
662	7 
663	33 
664	23 
665	21 
666	5 
667	6 
668	10 
669	5 
670	21 
671	15 
672	25 
673	20 
674	19 
675	8 
676	3 
677	1 
678	11 
679	19 
680	33 
681	26 
682	14 
683	18 
684	29 
685	8 
686	6 
687	15 
688	21 
689	18 
690	14 
691	22 
692	33 
693	21 
694	1 
695	21 
696	14 
697	18 
698	33 
699	4 
700	26 
701	12 
702	21 
703	11 
704	12 
705	32 
706	21 
707	1 
708	14 
709	27 
710	29 
711	14 
712	6 
713	7 
714	33 
715	18 
716	33 
717	19 
718	13 
719	28 
720	22 
721	12 
722	4 
723	18 
724	18 
725	26 
726	2 
727	22 
728	23 
729	25 
730	29 
731	21 
732	1 
733	2 
734	6 
735	6 
736	28 
737	34 
738	13 
739	27 
740	31 
741	18 
742	11 
743	2 
744	14 
745	34 
746	32 
747	14 
748	3 
749	4 
750	27 
751	3 
752	7 
753	32 
754	21 
755	29 
756	1 
757	18 
758	20 
759	31 
760	15 
761	25 
762	31 
763	15 
764	6 
765	28 
766	12 
767	15 
768	18 
769	19 
770	7 
771	22 
772	29 
773	15 
774	18 
775	13 
776	1 
777	34 
778	13 
779	18 
780	17 
781	9 
782	15 
783	11 
784	9 
785	18 
786	21 
787	14 
788	12 
789	20 
790	9 
791	25 
792	19 
793	18 
794	1 
795	25 
796	4 
797	20 
798	18 
799	34 
800	29 
801	25 
802	26 
803	35 
804	22 
805	32 
806	34 
807	29 
808	15 
809	6 
810	29 
811	16 
812	3 
813	18 
814	14 
815	33 
816	7 
817	7 
818	11 
819	21 
820	3 
821	35 
822	15 
823	22 
824	14 
825	22 
826	11 
827	17 
828	4 
829	2 
830	16 
831	6 
832	21 
833	7 
834	7 
835	4 
836	27 
837	19 
838	1 
839	14 
840	23 
841	3 
842	17 
843	21 
844	35 
845	9 
846	7 
847	15 
848	33 
849	28 
850	6 
851	3 
852	29 
853	28 
854	12 
855	3 
856	9 
857	6 
858	1 
859	35 
860	14 
861	25 
862	34 
863	23 
864	32 
865	25 
866	26 
867	19 
868	34 
869	2 
870	19 
871	19 
872	12 
873	20 
874	27 
875	15 
876	29 
877	28 
878	33 
879	26 
880	35 
881	27 
882	28 
883	7 
884	2 
885	7 
886	35 
887	33 
888	31 
889	28 
890	26 
891	7 
892	6 
893	7 
894	34 
895	14 
896	1 
897	4 
898	16 
899	31 
900	29 
901	6 
902	19 
903	15 
904	12 
905	29 
906	33 
907	29 
908	1 
909	3 
910	34 
911	29 
912	22 
913	15 
914	7 
915	34 
916	25 
917	22 
918	28 
919	23 
920	18 
921	33 
922	35 
923	9 
924	12 
925	21 
926	6 
927	4 
928	21 
929	22 
930	18 
931	9 
932	34 
933	6 
934	7 
935	29 
936	20 
937	25 
938	7 
939	7 
940	15 
941	6 
942	31 
943	7 
944	11 
945	11 
946	28 
947	33 
948	15 
949	26 
950	3 
951	25 
952	25 
953	1 
954	35 
955	19 
956	25 
957	14 
958	2 
959	18 
960	35 
961	25 
962	34 
963	32 
964	22 
965	15 
966	33 
967	34 
968	14 
969	29 
970	28 
971	15 
972	31 
973	2 
974	7 
975	26 
976	25 
977	26 
978	33 
979	6 
980	14 
981	19 
982	6 
983	33 
984	7 
985	1 
986	27 
987	31 
988	6 
989	18 
990	6 
991	28 
992	26 
993	1 
994	16 
995	15 
996	33 
997	19 
998	21 
999	11 
1000	25 
