0 0.729026180661 0.885663160663 84 26 11.9047619048

0 0.69678184879 0.881580169275 84 29 11.8571428571

0 0.697296627716 0.878749025238 84 31 11.5357142857

0 0.682952105045 0.876746426938 84 34 11.5476190476

0 0.665387707912 0.873986636694 82 38 11.8170731707

0 0.659924819112 0.873288198641 82 42 12.0365853659

0 0.65359492523 0.87212005422 80 49 12.1125

0 0.650178147884 0.872362389305 80 53 12.475

0 0.643293852228 0.871064725259 78 57 12.7948717949

0 0.644860535151 0.871583233828 78 53 12.6538461538

0 0.631292827814 0.868539679757 77 52 12.7922077922

0 0.636713505396 0.86985707102 77 51 12.7922077922

0 0.638954516395 0.867922838296 77 55 12.5454545455

0 0.618149181796 0.864963828734 75 59 12.8666666667

0 0.613174029011 0.865811533507 74 53 13.0675675676

0 0.614908900355 0.866228540932 74 53 13.2567567568

0 0.624092124449 0.867946991451 74 53 13.3783783784

0 0.616395375252 0.867503316802 74 54 13.472972973

0 0.604511086012 0.86745505441 73 55 13.5890410959

0 0.625045800228 0.866940011797 72 55 13.6944444444

