1	45 
2	46 
3	33 
4	1 
5	54 
6	5 
7	7 
8	3 
9	25 
10	34 
11	53 
12	42 
13	9 
14	3 
15	8 
16	53 
17	45 
18	46 
19	27 
20	24 
21	2 
22	29 
23	35 
24	41 
25	8 
26	27 
27	45 
28	12 
29	23 
30	22 
31	24 
32	51 
33	50 
34	16 
35	42 
36	21 
37	37 
38	40 
39	1 
40	33 
41	19 
42	11 
43	3 
44	45 
45	39 
46	22 
47	46 
48	42 
49	42 
50	42 
51	33 
52	53 
53	39 
54	3 
55	17 
56	8 
57	10 
58	19 
59	51 
60	18 
61	41 
62	46 
63	1 
64	34 
65	36 
66	33 
67	28 
68	13 
69	44 
70	8 
71	12 
72	4 
73	30 
74	2 
75	24 
76	22 
77	21 
78	25 
79	54 
80	41 
81	28 
82	4 
83	28 
84	44 
85	42 
86	24 
87	24 
88	40 
89	9 
90	42 
91	52 
92	28 
93	28 
94	4 
95	51 
96	50 
97	46 
98	27 
99	20 
100	48 
101	21 
102	3 
103	51 
104	54 
105	4 
106	21 
107	5 
108	42 
109	39 
110	3 
111	3 
112	11 
113	44 
114	31 
115	27 
116	5 
117	43 
118	3 
119	54 
120	4 
121	19 
122	28 
123	18 
124	17 
125	31 
126	30 
127	10 
128	48 
129	26 
130	46 
131	29 
132	22 
133	33 
134	2 
135	19 
136	28 
137	9 
138	34 
139	22 
140	28 
141	31 
142	34 
143	12 
144	48 
145	54 
146	17 
147	47 
148	17 
149	2 
150	11 
151	53 
152	21 
153	5 
154	27 
155	13 
156	8 
157	28 
158	8 
159	30 
160	39 
161	47 
162	43 
163	36 
164	19 
165	34 
166	13 
167	10 
168	53 
169	3 
170	33 
171	27 
172	20 
173	54 
174	42 
175	7 
176	27 
177	2 
178	26 
179	17 
180	54 
181	28 
182	41 
183	38 
184	48 
185	46 
186	38 
187	54 
188	51 
189	18 
190	14 
191	39 
192	30 
193	21 
194	15 
195	2 
196	53 
197	18 
198	29 
199	33 
200	50 
201	36 
202	50 
203	2 
204	3 
205	11 
206	53 
207	30 
208	39 
209	45 
210	7 
211	23 
212	40 
213	28 
214	16 
215	53 
216	24 
217	34 
218	53 
219	13 
220	34 
221	19 
222	5 
223	11 
224	37 
225	41 
226	54 
227	36 
228	38 
229	45 
230	14 
231	41 
232	18 
233	26 
234	3 
235	2 
236	48 
237	48 
238	36 
239	5 
240	12 
241	15 
242	48 
243	22 
244	22 
245	11 
246	44 
247	6 
248	4 
249	21 
250	40 
251	32 
252	50 
253	42 
254	41 
255	23 
256	28 
257	5 
258	44 
259	14 
260	42 
261	9 
262	40 
263	1 
264	16 
265	19 
266	50 
267	24 
268	14 
269	35 
270	10 
271	17 
272	33 
273	23 
274	41 
275	13 
276	33 
277	12 
278	51 
279	4 
280	11 
281	4 
282	4 
283	36 
284	35 
285	44 
286	53 
287	5 
288	41 
289	34 
290	29 
291	34 
292	25 
293	52 
294	48 
295	29 
296	11 
297	53 
298	17 
299	38 
300	27 
301	7 
302	27 
303	28 
304	41 
305	52 
306	17 
307	36 
308	49 
309	22 
310	5 
311	40 
312	51 
313	16 
314	2 
315	48 
316	39 
317	31 
318	31 
319	14 
320	31 
321	53 
322	14 
323	32 
324	51 
325	50 
326	50 
327	37 
328	9 
329	39 
330	6 
331	33 
332	45 
333	37 
334	48 
335	9 
336	40 
337	30 
338	10 
339	25 
340	16 
341	53 
342	1 
343	25 
344	43 
345	8 
346	35 
347	27 
348	26 
349	40 
350	36 
351	6 
352	20 
353	7 
354	33 
355	39 
356	9 
357	40 
358	24 
359	45 
360	13 
361	39 
362	42 
363	3 
364	39 
365	30 
366	47 
367	29 
368	31 
369	31 
370	14 
371	53 
372	2 
373	13 
374	30 
375	53 
376	39 
377	6 
378	28 
379	2 
380	1 
381	17 
382	52 
383	37 
384	30 
385	32 
386	15 
387	5 
388	7 
389	5 
390	39 
391	35 
392	7 
393	24 
394	54 
395	34 
396	54 
397	27 
398	2 
399	7 
400	28 
401	40 
402	53 
403	31 
404	29 
405	43 
406	33 
407	47 
408	47 
409	17 
410	13 
411	45 
412	11 
413	54 
414	29 
415	17 
416	30 
417	7 
418	53 
419	39 
420	40 
421	52 
422	9 
423	19 
424	7 
425	39 
426	52 
427	31 
428	2 
429	24 
430	51 
431	7 
432	54 
433	2 
434	24 
435	3 
436	17 
437	28 
438	23 
439	54 
440	7 
441	20 
442	34 
443	7 
444	23 
445	41 
446	53 
447	19 
448	12 
449	48 
450	28 
451	3 
452	18 
453	34 
454	43 
455	11 
456	53 
457	51 
458	51 
459	44 
460	46 
461	27 
462	2 
463	54 
464	39 
465	27 
466	4 
467	47 
468	44 
469	30 
470	22 
471	27 
472	16 
473	15 
474	19 
475	12 
476	27 
477	27 
478	27 
479	27 
480	2 
481	25 
482	24 
483	11 
484	10 
485	39 
486	14 
487	51 
488	14 
489	7 
490	14 
491	20 
492	46 
493	39 
494	52 
495	9 
496	23 
497	2 
498	53 
499	19 
500	13 
501	12 
502	31 
503	17 
504	39 
505	39 
506	36 
507	44 
508	5 
509	41 
510	25 
511	24 
512	27 
513	46 
514	19 
515	27 
516	3 
517	13 
518	8 
519	40 
520	34 
521	22 
522	34 
523	51 
524	3 
525	19 
526	22 
527	16 
528	34 
529	51 
530	24 
531	38 
532	47 
533	8 
534	30 
535	53 
536	30 
537	18 
538	52 
539	36 
540	45 
541	36 
542	46 
543	51 
544	14 
545	39 
546	54 
547	21 
548	2 
549	25 
550	23 
551	54 
552	46 
553	54 
554	52 
555	24 
556	2 
557	20 
558	50 
559	9 
560	16 
561	36 
562	17 
563	31 
564	4 
565	1 
566	41 
567	54 
568	40 
569	52 
570	2 
571	43 
572	50 
573	3 
574	45 
575	23 
576	33 
577	29 
578	40 
579	46 
580	20 
581	51 
582	6 
583	45 
584	12 
585	36 
586	9 
587	40 
588	52 
589	21 
590	45 
591	32 
592	13 
593	41 
594	30 
595	44 
596	22 
597	22 
598	14 
599	23 
600	47 
601	4 
602	11 
603	4 
604	7 
605	38 
606	39 
607	42 
608	16 
609	28 
610	15 
611	19 
612	44 
613	52 
614	17 
615	32 
616	23 
617	36 
618	46 
619	2 
620	15 
621	14 
622	29 
623	5 
624	4 
625	34 
626	41 
627	46 
628	39 
629	5 
630	3 
631	22 
632	11 
633	40 
634	51 
635	18 
636	53 
637	26 
638	3 
639	40 
640	48 
641	18 
642	35 
643	53 
644	12 
645	26 
646	39 
647	16 
648	34 
649	13 
650	4 
651	31 
652	3 
653	20 
654	17 
655	32 
656	2 
657	20 
658	19 
659	1 
660	36 
661	11 
662	21 
663	21 
664	47 
665	39 
666	40 
667	23 
668	27 
669	15 
670	27 
671	35 
672	44 
673	9 
674	4 
675	24 
676	45 
677	7 
678	44 
679	41 
680	36 
681	2 
682	21 
683	43 
684	39 
685	7 
686	31 
687	27 
688	9 
689	47 
690	50 
691	37 
692	13 
693	4 
694	47 
695	23 
696	41 
697	38 
698	21 
699	40 
700	4 
701	46 
702	19 
703	39 
704	34 
705	52 
706	37 
707	1 
708	52 
709	9 
710	18 
711	21 
712	28 
713	13 
714	12 
715	51 
716	10 
717	40 
718	54 
719	12 
720	9 
721	25 
722	40 
723	29 
724	53 
725	30 
726	42 
727	31 
728	9 
729	20 
730	23 
731	13 
732	27 
733	4 
734	11 
735	34 
736	21 
737	36 
738	36 
739	4 
740	52 
741	19 
742	45 
743	14 
744	45 
745	16 
746	44 
747	4 
748	20 
749	1 
750	23 
751	3 
752	4 
753	19 
754	39 
755	42 
756	14 
757	7 
758	14 
759	28 
760	8 
761	45 
762	29 
763	52 
764	40 
765	19 
766	19 
767	41 
768	48 
769	2 
770	13 
771	6 
772	26 
773	12 
774	39 
775	25 
776	28 
777	3 
778	54 
779	37 
780	16 
781	48 
782	46 
783	49 
784	39 
785	27 
786	29 
787	2 
788	3 
789	12 
790	21 
791	12 
792	36 
793	40 
794	54 
795	4 
796	37 
797	36 
798	41 
799	49 
800	50 
801	19 
802	29 
803	21 
804	24 
805	14 
806	3 
807	48 
808	23 
809	43 
810	30 
811	14 
812	36 
813	19 
814	22 
815	8 
816	42 
817	33 
818	19 
819	3 
820	41 
821	5 
822	54 
823	37 
824	13 
825	51 
826	40 
827	1 
828	20 
829	38 
830	36 
831	20 
832	18 
833	53 
834	31 
835	21 
836	45 
837	4 
838	19 
839	5 
840	17 
841	54 
842	52 
843	37 
844	15 
845	37 
846	51 
847	27 
848	17 
849	2 
850	36 
851	39 
852	41 
853	12 
854	11 
855	46 
856	39 
857	25 
858	53 
859	33 
860	44 
861	31 
862	21 
863	39 
864	53 
865	1 
866	9 
867	52 
868	25 
869	29 
870	47 
871	35 
872	41 
873	48 
874	19 
875	49 
876	22 
877	25 
878	50 
879	51 
880	11 
881	3 
882	4 
883	21 
884	36 
885	17 
886	37 
887	46 
888	11 
889	8 
890	36 
891	23 
892	2 
893	9 
894	14 
895	5 
896	27 
897	5 
898	20 
899	42 
900	29 
901	7 
902	48 
903	37 
904	42 
905	12 
906	39 
907	37 
908	32 
909	17 
910	28 
911	14 
912	44 
913	21 
914	46 
915	26 
916	12 
917	35 
918	24 
919	47 
920	28 
921	36 
922	7 
923	50 
924	36 
925	51 
926	6 
927	10 
928	15 
929	6 
930	24 
931	13 
932	21 
933	52 
934	9 
935	4 
936	12 
937	15 
938	46 
939	2 
940	13 
941	45 
942	33 
943	31 
944	22 
945	52 
946	20 
947	21 
948	45 
949	1 
950	50 
951	50 
952	32 
953	6 
954	44 
955	32 
956	23 
957	17 
958	19 
959	10 
960	4 
961	51 
962	8 
963	31 
964	41 
965	54 
966	27 
967	13 
968	23 
969	49 
970	39 
971	46 
972	18 
973	45 
974	30 
975	54 
976	7 
977	42 
978	20 
979	5 
980	35 
981	33 
982	45 
983	15 
984	52 
985	33 
986	4 
987	24 
988	3 
989	36 
990	43 
991	38 
992	29 
993	54 
994	29 
995	39 
996	19 
997	15 
998	52 
999	27 
1000	54 
1001	10 
1002	12 
1003	29 
1004	51 
1005	22 
1006	42 
1007	33 
1008	33 
1009	4 
1010	46 
1011	11 
1012	39 
1013	21 
1014	4 
1015	24 
1016	53 
1017	11 
1018	49 
1019	7 
1020	53 
1021	53 
1022	42 
1023	46 
1024	27 
1025	51 
1026	13 
1027	29 
1028	16 
1029	22 
1030	5 
1031	19 
1032	27 
1033	23 
1034	22 
1035	20 
1036	29 
1037	19 
1038	34 
1039	50 
1040	50 
1041	18 
1042	53 
1043	30 
1044	44 
1045	19 
1046	21 
1047	27 
1048	51 
1049	13 
1050	21 
1051	37 
1052	23 
1053	45 
1054	13 
1055	41 
1056	18 
1057	3 
1058	15 
1059	27 
1060	19 
1061	5 
1062	45 
1063	27 
1064	3 
1065	46 
1066	25 
1067	25 
1068	30 
1069	11 
1070	29 
1071	35 
1072	39 
1073	40 
1074	6 
1075	38 
1076	43 
1077	10 
1078	30 
1079	20 
1080	19 
1081	26 
1082	37 
1083	9 
1084	48 
1085	43 
1086	25 
1087	9 
1088	36 
1089	6 
1090	46 
1091	45 
1092	23 
1093	30 
1094	35 
1095	27 
1096	12 
1097	13 
1098	23 
1099	10 
1100	48 
1101	52 
1102	30 
1103	48 
1104	24 
1105	2 
1106	27 
1107	18 
1108	20 
1109	21 
1110	9 
1111	43 
1112	7 
1113	50 
1114	48 
1115	33 
1116	39 
1117	38 
1118	36 
1119	25 
1120	21 
1121	42 
1122	29 
1123	24 
1124	40 
1125	20 
1126	51 
1127	36 
1128	2 
1129	12 
1130	23 
1131	18 
1132	50 
1133	6 
1134	31 
1135	8 
1136	22 
1137	11 
1138	20 
1139	23 
1140	54 
1141	27 
1142	24 
1143	33 
1144	47 
1145	37 
1146	42 
1147	51 
1148	46 
1149	51 
1150	51 
1151	26 
1152	12 
1153	34 
1154	52 
1155	25 
1156	36 
1157	44 
1158	27 
1159	28 
1160	23 
1161	30 
1162	4 
1163	6 
1164	33 
1165	53 
1166	36 
1167	31 
1168	25 
1169	51 
1170	34 
1171	45 
1172	36 
1173	41 
1174	7 
1175	52 
1176	31 
1177	34 
1178	40 
1179	53 
1180	41 
1181	45 
1182	18 
1183	52 
1184	4 
1185	31 
1186	3 
1187	36 
1188	12 
1189	27 
1190	14 
1191	23 
1192	11 
1193	47 
1194	10 
1195	39 
1196	30 
1197	54 
1198	42 
1199	25 
1200	49 
1201	9 
1202	16 
1203	19 
1204	39 
1205	48 
1206	51 
1207	17 
1208	27 
1209	53 
1210	39 
1211	30 
1212	3 
1213	24 
1214	17 
1215	39 
1216	31 
1217	39 
1218	41 
1219	52 
1220	46 
1221	42 
1222	46 
1223	6 
1224	44 
1225	28 
1226	15 
1227	44 
1228	37 
1229	34 
1230	9 
1231	17 
1232	8 
1233	24 
1234	50 
1235	50 
1236	51 
1237	1 
1238	51 
1239	48 
1240	9 
1241	20 
1242	8 
1243	3 
1244	38 
1245	14 
1246	8 
1247	9 
1248	2 
1249	22 
1250	54 
1251	13 
1252	29 
1253	50 
1254	43 
1255	24 
1256	51 
1257	22 
1258	31 
1259	25 
1260	3 
1261	37 
1262	8 
1263	46 
1264	48 
1265	42 
1266	29 
1267	51 
1268	40 
1269	5 
1270	17 
1271	30 
1272	49 
1273	28 
1274	52 
1275	13 
1276	43 
1277	44 
1278	17 
1279	17 
1280	9 
1281	25 
1282	12 
1283	10 
1284	35 
1285	52 
1286	26 
1287	20 
1288	25 
1289	52 
1290	9 
1291	6 
1292	13 
1293	20 
1294	4 
1295	7 
1296	34 
1297	39 
1298	40 
1299	30 
1300	6 
1301	35 
1302	14 
1303	28 
1304	26 
1305	10 
1306	54 
1307	30 
1308	36 
1309	52 
1310	28 
1311	23 
1312	4 
1313	29 
1314	36 
1315	2 
1316	32 
1317	34 
1318	50 
1319	49 
1320	39 
1321	17 
1322	31 
1323	51 
1324	27 
1325	32 
1326	15 
1327	49 
1328	17 
1329	17 
1330	49 
1331	25 
1332	6 
1333	27 
1334	5 
1335	4 
1336	46 
1337	21 
1338	39 
1339	53 
1340	7 
1341	1 
1342	14 
1343	5 
1344	8 
1345	7 
1346	33 
1347	42 
1348	49 
1349	16 
1350	42 
1351	52 
1352	42 
1353	38 
1354	38 
1355	11 
1356	19 
1357	30 
1358	53 
1359	44 
1360	21 
1361	6 
1362	3 
1363	51 
1364	29 
1365	20 
1366	48 
1367	21 
1368	4 
1369	27 
1370	52 
1371	50 
1372	41 
1373	13 
1374	23 
1375	16 
1376	39 
1377	10 
1378	14 
1379	42 
1380	27 
1381	12 
1382	45 
1383	54 
1384	39 
1385	46 
1386	2 
1387	5 
1388	27 
1389	50 
1390	50 
1391	48 
1392	54 
1393	34 
1394	52 
1395	18 
1396	8 
1397	33 
1398	24 
1399	50 
1400	37 
1401	1 
1402	43 
1403	51 
1404	24 
1405	27 
1406	23 
1407	8 
1408	46 
1409	38 
1410	20 
1411	46 
1412	2 
1413	33 
1414	44 
1415	52 
1416	7 
1417	32 
1418	19 
1419	10 
1420	2 
1421	12 
1422	48 
1423	29 
1424	11 
1425	52 
1426	4 
1427	14 
1428	1 
1429	44 
1430	2 
1431	3 
1432	45 
1433	48 
1434	15 
1435	24 
1436	32 
1437	21 
1438	17 
1439	26 
1440	30 
1441	27 
1442	23 
1443	35 
1444	4 
1445	1 
1446	28 
1447	34 
1448	39 
1449	42 
1450	41 
1451	51 
1452	1 
1453	48 
1454	33 
1455	20 
1456	7 
1457	27 
1458	21 
1459	6 
1460	53 
1461	42 
1462	48 
1463	50 
1464	31 
1465	3 
1466	15 
1467	5 
1468	25 
1469	13 
1470	21 
1471	31 
1472	50 
1473	19 
1474	52 
1475	16 
1476	12 
1477	44 
1478	50 
1479	42 
1480	22 
1481	11 
1482	4 
1483	35 
1484	49 
1485	46 
1486	42 
1487	54 
1488	48 
1489	33 
1490	4 
1491	44 
1492	27 
1493	34 
1494	25 
1495	21 
1496	21 
1497	3 
1498	19 
1499	8 
1500	21 
1501	21 
1502	34 
1503	8 
1504	51 
1505	13 
1506	24 
1507	50 
1508	8 
1509	48 
1510	45 
1511	30 
1512	15 
1513	6 
1514	40 
1515	3 
1516	21 
1517	5 
1518	28 
1519	39 
1520	31 
1521	19 
1522	54 
1523	54 
1524	33 
1525	54 
1526	35 
1527	45 
1528	23 
1529	12 
1530	4 
1531	2 
1532	24 
1533	18 
1534	20 
1535	39 
1536	25 
1537	27 
1538	6 
1539	39 
1540	51 
1541	49 
1542	11 
1543	18 
1544	53 
1545	37 
1546	51 
1547	21 
1548	7 
1549	4 
1550	27 
1551	44 
1552	54 
1553	52 
1554	33 
1555	20 
1556	23 
1557	47 
1558	36 
1559	3 
1560	7 
1561	5 
1562	23 
1563	52 
1564	41 
1565	30 
1566	11 
1567	31 
1568	44 
1569	3 
1570	19 
1571	46 
1572	24 
1573	5 
1574	45 
1575	26 
1576	8 
1577	30 
1578	45 
1579	2 
1580	38 
1581	35 
1582	2 
1583	15 
1584	46 
1585	28 
1586	10 
1587	25 
1588	4 
1589	52 
1590	27 
1591	9 
1592	29 
1593	39 
1594	19 
1595	20 
1596	46 
1597	9 
1598	4 
1599	30 
1600	22 
1601	7 
1602	9 
1603	33 
1604	34 
1605	15 
1606	50 
1607	20 
1608	36 
1609	42 
1610	27 
1611	15 
1612	1 
1613	19 
1614	11 
1615	54 
1616	12 
1617	53 
1618	50 
1619	25 
1620	1 
1621	54 
1622	54 
1623	30 
1624	3 
1625	4 
1626	45 
1627	29 
1628	48 
1629	3 
1630	45 
1631	32 
1632	2 
1633	19 
1634	54 
1635	36 
1636	15 
1637	50 
1638	33 
1639	40 
1640	41 
1641	43 
1642	39 
1643	35 
1644	27 
1645	23 
1646	6 
1647	16 
1648	34 
1649	31 
1650	47 
1651	27 
1652	47 
1653	31 
1654	36 
1655	52 
1656	32 
1657	48 
1658	5 
1659	45 
1660	11 
1661	30 
1662	53 
1663	13 
1664	23 
1665	30 
1666	20 
1667	50 
1668	29 
1669	40 
1670	9 
1671	23 
1672	18 
1673	12 
1674	4 
1675	44 
1676	48 
1677	49 
1678	25 
1679	43 
1680	15 
1681	43 
1682	29 
1683	21 
1684	3 
1685	10 
1686	8 
1687	3 
1688	7 
1689	21 
1690	7 
1691	4 
1692	53 
1693	31 
1694	14 
1695	25 
1696	40 
1697	46 
1698	45 
1699	51 
1700	54 
1701	19 
1702	12 
1703	34 
1704	46 
1705	34 
1706	42 
1707	18 
1708	4 
1709	19 
1710	12 
1711	4 
1712	15 
1713	20 
1714	33 
1715	47 
1716	20 
1717	13 
1718	29 
1719	12 
1720	7 
1721	29 
1722	10 
1723	3 
1724	31 
1725	8 
1726	52 
1727	14 
1728	9 
1729	34 
1730	53 
1731	43 
1732	6 
1733	2 
1734	5 
1735	20 
1736	40 
1737	19 
1738	30 
1739	23 
1740	24 
1741	33 
1742	5 
1743	14 
1744	24 
1745	41 
1746	34 
1747	23 
1748	24 
1749	15 
1750	20 
1751	3 
1752	19 
1753	39 
1754	52 
1755	45 
1756	35 
1757	13 
1758	27 
1759	5 
1760	36 
1761	53 
1762	5 
1763	31 
1764	16 
1765	14 
1766	27 
1767	50 
1768	40 
1769	12 
1770	1 
1771	46 
1772	15 
1773	3 
1774	11 
1775	10 
1776	20 
1777	27 
1778	20 
1779	48 
1780	32 
1781	17 
1782	39 
1783	11 
1784	44 
1785	35 
1786	45 
1787	21 
1788	6 
1789	10 
1790	5 
1791	37 
1792	21 
1793	51 
1794	25 
1795	31 
1796	34 
1797	50 
1798	2 
1799	13 
1800	3 
1801	52 
1802	27 
1803	3 
1804	50 
1805	24 
1806	44 
1807	2 
1808	9 
1809	46 
1810	48 
1811	52 
1812	50 
1813	36 
1814	46 
1815	20 
1816	46 
1817	27 
1818	2 
1819	51 
1820	51 
1821	46 
1822	8 
1823	24 
1824	13 
1825	36 
1826	7 
1827	27 
1828	37 
1829	49 
1830	23 
1831	49 
1832	8 
1833	21 
1834	23 
1835	20 
1836	28 
1837	4 
1838	45 
1839	6 
1840	5 
1841	29 
1842	22 
1843	24 
1844	4 
1845	21 
1846	30 
1847	51 
1848	30 
1849	21 
1850	42 
1851	24 
1852	53 
1853	41 
1854	10 
1855	19 
1856	22 
1857	26 
1858	25 
1859	34 
1860	38 
1861	17 
1862	50 
1863	16 
1864	18 
1865	20 
1866	52 
1867	19 
1868	39 
1869	52 
1870	51 
1871	36 
1872	2 
1873	2 
1874	17 
1875	37 
1876	40 
1877	17 
1878	22 
1879	25 
1880	45 
1881	50 
1882	20 
1883	47 
1884	8 
1885	15 
1886	32 
1887	24 
1888	13 
1889	53 
1890	45 
1891	22 
1892	27 
1893	23 
1894	21 
1895	9 
1896	29 
1897	18 
1898	54 
1899	34 
1900	29 
1901	42 
1902	14 
1903	17 
1904	51 
1905	51 
1906	30 
1907	1 
1908	45 
1909	42 
1910	10 
1911	20 
1912	23 
1913	16 
1914	32 
1915	2 
1916	13 
1917	24 
1918	29 
1919	27 
1920	3 
1921	11 
1922	53 
1923	19 
1924	6 
1925	2 
1926	41 
1927	15 
1928	19 
1929	51 
1930	52 
1931	7 
1932	28 
1933	4 
1934	11 
1935	23 
1936	2 
1937	35 
1938	54 
1939	51 
1940	49 
1941	44 
1942	3 
1943	52 
1944	35 
1945	19 
1946	28 
1947	47 
1948	36 
1949	32 
1950	25 
1951	14 
1952	3 
1953	53 
1954	4 
1955	22 
1956	35 
1957	7 
1958	32 
1959	46 
1960	34 
1961	15 
1962	19 
1963	26 
1964	23 
1965	48 
1966	52 
1967	18 
1968	36 
1969	5 
1970	48 
1971	15 
1972	50 
1973	17 
1974	52 
1975	8 
1976	14 
1977	30 
1978	43 
1979	7 
1980	21 
1981	32 
1982	17 
1983	10 
1984	7 
1985	45 
1986	19 
1987	27 
1988	5 
1989	47 
1990	26 
1991	24 
1992	34 
1993	47 
1994	51 
1995	22 
1996	3 
1997	54 
1998	22 
1999	13 
2000	34 
2001	21 
2002	14 
2003	17 
2004	13 
2005	14 
2006	19 
2007	20 
2008	31 
2009	33 
2010	6 
2011	22 
2012	36 
2013	34 
2014	50 
2015	21 
2016	37 
2017	5 
2018	34 
2019	20 
2020	39 
2021	19 
2022	37 
2023	9 
2024	48 
2025	41 
2026	10 
2027	20 
2028	30 
2029	6 
2030	10 
2031	36 
2032	7 
2033	20 
2034	48 
2035	10 
2036	33 
2037	8 
2038	2 
2039	46 
2040	45 
2041	42 
2042	11 
2043	34 
2044	41 
2045	46 
2046	44 
2047	15 
2048	52 
2049	20 
2050	8 
2051	39 
2052	21 
2053	9 
2054	35 
2055	34 
2056	8 
2057	44 
2058	41 
2059	40 
2060	36 
2061	34 
2062	54 
2063	41 
2064	39 
2065	12 
2066	36 
2067	39 
2068	53 
2069	17 
2070	39 
2071	19 
2072	42 
2073	39 
2074	42 
2075	25 
2076	31 
2077	45 
2078	36 
2079	45 
2080	8 
2081	33 
2082	4 
2083	52 
2084	54 
2085	12 
2086	2 
2087	36 
2088	21 
2089	39 
2090	46 
2091	23 
2092	20 
2093	46 
2094	52 
2095	11 
2096	23 
2097	41 
2098	30 
2099	41 
2100	30 
2101	45 
2102	43 
2103	52 
2104	24 
2105	29 
2106	25 
2107	39 
2108	20 
2109	22 
2110	30 
2111	6 
2112	21 
2113	28 
2114	1 
2115	19 
2116	52 
2117	2 
2118	24 
2119	42 
2120	14 
2121	52 
2122	39 
2123	13 
2124	45 
2125	52 
2126	53 
2127	37 
2128	27 
2129	45 
2130	17 
2131	46 
2132	22 
2133	2 
2134	5 
2135	2 
2136	4 
2137	30 
2138	2 
2139	52 
2140	29 
2141	19 
2142	35 
2143	48 
2144	14 
2145	53 
2146	12 
2147	46 
2148	26 
2149	54 
2150	19 
2151	39 
2152	53 
2153	23 
2154	27 
2155	4 
2156	5 
2157	28 
2158	9 
2159	31 
2160	46 
2161	5 
2162	4 
2163	13 
2164	48 
2165	4 
2166	26 
2167	27 
2168	10 
2169	37 
2170	25 
2171	19 
2172	9 
2173	34 
2174	47 
2175	4 
2176	23 
2177	3 
2178	36 
2179	33 
2180	18 
2181	50 
2182	17 
2183	14 
2184	47 
2185	40 
2186	30 
2187	21 
2188	44 
2189	47 
2190	7 
2191	4 
2192	33 
2193	21 
2194	42 
2195	42 
2196	2 
2197	38 
2198	54 
2199	42 
2200	43 
2201	16 
2202	9 
2203	52 
2204	51 
2205	31 
2206	18 
2207	13 
2208	28 
2209	13 
2210	52 
2211	33 
2212	17 
2213	25 
2214	20 
2215	28 
2216	29 
2217	47 
2218	48 
2219	1 
2220	51 
2221	30 
2222	25 
2223	52 
2224	41 
2225	48 
2226	3 
2227	28 
2228	5 
2229	15 
2230	32 
2231	5 
2232	19 
2233	12 
2234	27 
2235	30 
2236	46 
2237	14 
2238	45 
2239	51 
2240	29 
2241	53 
2242	32 
2243	27 
2244	47 
2245	38 
2246	2 
2247	26 
2248	46 
2249	4 
2250	21 
2251	25 
2252	51 
2253	30 
2254	39 
2255	53 
2256	40 
2257	5 
2258	3 
2259	45 
2260	29 
2261	43 
2262	19 
2263	9 
2264	23 
2265	49 
2266	38 
2267	2 
2268	52 
2269	40 
2270	34 
2271	12 
2272	27 
2273	48 
2274	37 
2275	31 
2276	49 
2277	9 
2278	20 
2279	34 
2280	14 
2281	4 
2282	25 
2283	42 
2284	47 
2285	4 
2286	19 
2287	51 
2288	29 
2289	21 
2290	54 
2291	33 
2292	2 
2293	54 
2294	19 
2295	8 
2296	44 
2297	25 
2298	34 
2299	29 
2300	14 
2301	48 
2302	32 
2303	35 
2304	22 
2305	9 
2306	4 
2307	30 
2308	38 
2309	7 
2310	28 
2311	36 
2312	51 
2313	47 
2314	49 
2315	44 
2316	50 
2317	46 
2318	19 
2319	42 
2320	21 
2321	40 
2322	7 
2323	4 
2324	13 
2325	15 
2326	8 
2327	27 
2328	3 
2329	40 
2330	7 
2331	25 
2332	18 
2333	38 
2334	39 
2335	46 
2336	10 
2337	23 
2338	27 
2339	36 
2340	34 
2341	52 
2342	5 
2343	13 
2344	46 
2345	48 
2346	40 
2347	4 
2348	53 
2349	40 
2350	40 
2351	12 
2352	16 
2353	42 
2354	13 
2355	25 
2356	50 
2357	8 
2358	29 
2359	15 
2360	34 
2361	4 
2362	34 
2363	19 
2364	14 
2365	13 
2366	23 
2367	7 
2368	3 
2369	47 
2370	41 
2371	2 
2372	10 
2373	14 
2374	18 
2375	4 
2376	2 
2377	3 
2378	54 
2379	4 
2380	3 
2381	24 
2382	53 
2383	1 
2384	27 
2385	10 
2386	54 
2387	36 
2388	25 
2389	5 
2390	53 
2391	38 
2392	44 
2393	52 
2394	11 
2395	51 
2396	10 
2397	15 
2398	33 
2399	8 
2400	17 
2401	3 
2402	34 
2403	4 
2404	48 
2405	11 
2406	19 
2407	18 
2408	6 
2409	3 
2410	6 
2411	50 
2412	21 
2413	36 
2414	40 
2415	51 
2416	46 
2417	26 
2418	7 
2419	29 
2420	29 
2421	13 
2422	36 
2423	40 
2424	52 
2425	24 
2426	13 
2427	31 
2428	52 
2429	3 
2430	14 
2431	27 
2432	36 
2433	26 
2434	5 
2435	5 
2436	2 
2437	53 
2438	18 
2439	2 
2440	10 
2441	36 
2442	29 
2443	38 
2444	1 
2445	47 
2446	36 
2447	7 
2448	45 
2449	44 
2450	34 
2451	45 
2452	2 
2453	42 
2454	21 
2455	30 
2456	21 
2457	3 
2458	23 
2459	27 
2460	54 
2461	8 
2462	44 
2463	13 
2464	19 
2465	33 
2466	46 
2467	11 
2468	11 
2469	21 
2470	17 
2471	4 
2472	40 
2473	25 
2474	35 
2475	32 
2476	53 
2477	45 
2478	19 
2479	21 
2480	4 
2481	19 
2482	25 
2483	3 
2484	34 
2485	46 
2486	3 
2487	52 
2488	17 
2489	9 
2490	18 
2491	24 
2492	53 
2493	34 
2494	19 
2495	41 
2496	24 
2497	24 
2498	46 
2499	2 
2500	47 
2501	9 
2502	20 
2503	9 
2504	9 
2505	46 
2506	29 
2507	35 
2508	6 
2509	3 
2510	9 
2511	9 
2512	2 
2513	35 
2514	52 
2515	45 
2516	3 
2517	19 
2518	2 
2519	23 
2520	52 
2521	31 
2522	4 
2523	30 
2524	11 
2525	22 
2526	31 
2527	49 
2528	18 
2529	7 
2530	24 
2531	44 
2532	21 
2533	47 
2534	34 
2535	50 
2536	25 
2537	7 
2538	24 
2539	22 
2540	21 
2541	41 
2542	22 
2543	20 
2544	32 
2545	35 
2546	21 
2547	11 
2548	45 
2549	53 
2550	51 
2551	23 
2552	24 
2553	3 
2554	30 
2555	52 
2556	19 
2557	17 
2558	31 
2559	9 
2560	4 
2561	33 
2562	19 
2563	5 
2564	49 
2565	53 
2566	16 
2567	33 
2568	18 
2569	17 
2570	13 
2571	54 
2572	30 
2573	1 
2574	1 
2575	37 
2576	12 
2577	46 
2578	36 
2579	29 
2580	31 
2581	4 
2582	27 
2583	20 
2584	20 
2585	50 
2586	46 
2587	31 
2588	42 
2589	37 
2590	49 
2591	15 
2592	38 
2593	40 
2594	24 
2595	21 
2596	28 
2597	22 
2598	26 
2599	38 
2600	41 
2601	53 
2602	34 
2603	43 
2604	22 
2605	25 
2606	19 
2607	32 
2608	16 
2609	45 
2610	29 
2611	15 
2612	33 
2613	35 
2614	50 
2615	23 
2616	48 
2617	36 
2618	52 
2619	52 
2620	40 
2621	28 
2622	13 
2623	36 
2624	19 
2625	41 
2626	51 
2627	13 
2628	17 
2629	40 
2630	38 
2631	40 
2632	34 
2633	2 
2634	26 
2635	22 
2636	23 
2637	26 
2638	11 
2639	29 
2640	52 
2641	37 
2642	40 
2643	19 
2644	7 
2645	36 
2646	4 
2647	7 
2648	22 
2649	21 
2650	54 
2651	13 
2652	24 
2653	23 
2654	51 
2655	16 
2656	9 
2657	46 
2658	7 
2659	9 
2660	22 
2661	45 
2662	42 
2663	51 
2664	12 
2665	40 
2666	47 
2667	37 
2668	34 
2669	28 
2670	23 
2671	53 
2672	38 
2673	7 
2674	39 
2675	38 
2676	18 
2677	17 
2678	34 
2679	45 
2680	37 
2681	4 
2682	9 
2683	47 
2684	14 
2685	7 
2686	52 
2687	31 
2688	15 
2689	25 
2690	33 
2691	15 
2692	23 
2693	35 
2694	33 
2695	19 
2696	17 
2697	54 
2698	25 
2699	34 
2700	11 
2701	40 
2702	33 
2703	27 
2704	17 
2705	31 
2706	17 
2707	23 
2708	27 
2709	32 
2710	22 
2711	15 
2712	4 
2713	5 
2714	10 
2715	24 
2716	13 
2717	2 
2718	44 
2719	31 
2720	49 
2721	27 
2722	27 
2723	3 
2724	35 
2725	24 
2726	20 
2727	46 
2728	52 
2729	13 
2730	37 
2731	12 
2732	52 
2733	22 
2734	12 
2735	8 
2736	35 
2737	48 
2738	39 
2739	4 
2740	48 
2741	31 
2742	37 
2743	20 
2744	8 
2745	36 
2746	41 
2747	34 
2748	27 
2749	41 
2750	31 
2751	12 
2752	17 
2753	4 
2754	22 
2755	19 
2756	2 
2757	40 
2758	46 
2759	2 
2760	20 
2761	8 
2762	2 
2763	24 
2764	18 
2765	40 
2766	44 
2767	29 
2768	4 
2769	28 
2770	41 
2771	36 
2772	45 
2773	21 
2774	50 
2775	5 
2776	19 
2777	38 
2778	16 
2779	49 
2780	32 
2781	36 
2782	39 
2783	34 
2784	33 
2785	20 
2786	36 
2787	5 
2788	14 
2789	39 
2790	3 
2791	39 
2792	54 
2793	36 
2794	37 
2795	5 
2796	13 
2797	44 
2798	40 
2799	37 
2800	24 
2801	48 
2802	29 
2803	40 
2804	15 
2805	20 
2806	42 
2807	40 
2808	13 
2809	20 
2810	20 
2811	48 
2812	15 
2813	14 
2814	3 
2815	23 
2816	36 
2817	16 
2818	28 
2819	4 
2820	21 
2821	10 
2822	51 
2823	4 
2824	37 
2825	46 
2826	34 
2827	20 
2828	44 
2829	20 
2830	4 
2831	28 
2832	12 
2833	48 
2834	44 
2835	50 
2836	53 
2837	4 
2838	52 
2839	39 
2840	39 
2841	2 
2842	31 
2843	47 
2844	40 
2845	36 
2846	11 
2847	11 
2848	50 
2849	25 
2850	33 
2851	47 
2852	27 
2853	19 
2854	39 
2855	32 
2856	51 
2857	10 
2858	5 
2859	22 
2860	26 
2861	53 
2862	18 
2863	37 
2864	46 
2865	50 
2866	54 
2867	39 
2868	36 
2869	22 
2870	7 
2871	9 
2872	53 
2873	29 
2874	39 
2875	53 
2876	40 
2877	36 
2878	44 
2879	33 
2880	23 
2881	37 
2882	14 
2883	43 
2884	52 
2885	21 
2886	25 
2887	18 
2888	38 
2889	35 
2890	8 
2891	24 
2892	30 
2893	13 
2894	47 
2895	50 
2896	24 
2897	26 
2898	50 
2899	41 
2900	40 
2901	38 
2902	9 
2903	43 
2904	44 
2905	54 
2906	45 
2907	38 
2908	44 
2909	9 
2910	47 
2911	37 
2912	19 
2913	16 
2914	33 
2915	30 
2916	28 
2917	29 
2918	54 
2919	7 
2920	16 
2921	39 
2922	1 
2923	51 
2924	4 
2925	18 
2926	50 
2927	15 
2928	11 
2929	23 
2930	33 
2931	21 
2932	20 
2933	7 
2934	36 
2935	29 
2936	2 
2937	41 
2938	2 
2939	53 
2940	51 
2941	7 
2942	3 
2943	42 
2944	30 
2945	28 
2946	6 
2947	52 
2948	54 
2949	50 
2950	20 
2951	44 
2952	46 
2953	32 
2954	2 
2955	40 
2956	31 
2957	31 
2958	22 
2959	28 
2960	34 
2961	5 
2962	4 
2963	3 
2964	2 
2965	40 
2966	25 
2967	49 
2968	21 
2969	54 
2970	34 
2971	7 
2972	7 
2973	40 
2974	49 
2975	3 
2976	39 
2977	2 
2978	22 
2979	8 
2980	5 
2981	26 
2982	28 
2983	15 
2984	4 
2985	19 
2986	14 
2987	38 
2988	20 
2989	36 
2990	13 
2991	54 
2992	46 
2993	33 
2994	4 
2995	28 
2996	29 
2997	44 
2998	25 
2999	42 
3000	26 
3001	21 
3002	34 
3003	14 
3004	4 
3005	44 
3006	53 
3007	22 
3008	30 
3009	20 
3010	4 
3011	27 
3012	23 
3013	8 
3014	42 
3015	4 
3016	29 
3017	32 
3018	45 
3019	37 
3020	52 
3021	21 
3022	48 
3023	44 
3024	17 
3025	7 
3026	31 
3027	34 
3028	4 
3029	18 
3030	41 
3031	41 
3032	4 
3033	34 
3034	46 
3035	51 
3036	46 
3037	45 
3038	48 
3039	28 
3040	13 
3041	51 
3042	3 
3043	54 
3044	50 
3045	31 
3046	19 
3047	12 
3048	40 
3049	9 
3050	29 
3051	53 
3052	44 
3053	32 
3054	2 
3055	33 
3056	21 
3057	54 
3058	53 
3059	36 
3060	53 
3061	29 
3062	41 
3063	31 
3064	40 
3065	39 
3066	23 
3067	41 
3068	6 
3069	10 
3070	20 
3071	47 
3072	1 
3073	35 
3074	20 
3075	34 
3076	20 
3077	38 
3078	1 
3079	28 
3080	33 
3081	13 
3082	46 
3083	25 
3084	10 
3085	44 
3086	27 
3087	54 
3088	23 
3089	11 
3090	42 
3091	51 
3092	16 
3093	26 
3094	24 
3095	3 
3096	4 
3097	28 
3098	3 
3099	35 
3100	33 
3101	14 
3102	47 
3103	52 
3104	7 
3105	9 
3106	37 
3107	28 
3108	31 
3109	36 
3110	23 
3111	23 
3112	14 
3113	42 
3114	20 
3115	25 
3116	45 
3117	35 
3118	30 
3119	4 
3120	40 
3121	32 
3122	52 
3123	48 
3124	52 
3125	17 
3126	25 
3127	24 
3128	50 
3129	43 
3130	51 
3131	23 
3132	19 
3133	54 
3134	17 
3135	11 
3136	52 
3137	1 
3138	23 
3139	1 
3140	46 
3141	53 
3142	4 
3143	9 
3144	42 
3145	54 
3146	51 
3147	19 
3148	15 
3149	14 
3150	23 
3151	6 
3152	2 
3153	45 
3154	54 
3155	17 
3156	34 
3157	17 
3158	54 
3159	48 
3160	19 
3161	52 
3162	27 
3163	11 
3164	8 
3165	47 
3166	46 
3167	30 
3168	13 
3169	45 
3170	21 
3171	21 
3172	20 
3173	36 
3174	43 
3175	14 
3176	28 
3177	17 
3178	33 
3179	29 
3180	24 
3181	20 
3182	34 
3183	52 
3184	33 
3185	39 
3186	46 
3187	29 
3188	51 
3189	39 
3190	19 
3191	31 
3192	23 
3193	44 
3194	39 
3195	35 
3196	29 
3197	2 
3198	2 
3199	25 
3200	39 
3201	20 
3202	27 
3203	19 
3204	46 
3205	19 
3206	54 
3207	34 
3208	46 
3209	34 
3210	39 
3211	23 
3212	2 
3213	39 
3214	51 
3215	10 
3216	42 
3217	52 
3218	21 
3219	45 
3220	23 
3221	22 
3222	37 
3223	19 
3224	45 
3225	34 
3226	1 
3227	54 
3228	39 
3229	22 
3230	5 
3231	44 
3232	29 
3233	36 
3234	30 
3235	2 
3236	51 
3237	39 
3238	52 
3239	45 
3240	21 
3241	51 
3242	34 
3243	30 
3244	46 
3245	28 
3246	25 
3247	36 
3248	31 
3249	25 
3250	23 
3251	28 
3252	17 
3253	31 
3254	11 
3255	26 
3256	54 
3257	15 
3258	31 
3259	26 
3260	43 
3261	8 
3262	37 
3263	44 
3264	52 
3265	12 
3266	51 
3267	43 
3268	46 
3269	11 
3270	29 
3271	5 
3272	35 
3273	21 
3274	1 
3275	45 
3276	4 
3277	34 
3278	11 
3279	51 
3280	24 
3281	46 
3282	41 
3283	30 
3284	54 
3285	31 
3286	34 
3287	26 
3288	54 
3289	53 
3290	28 
3291	49 
3292	3 
3293	53 
3294	39 
3295	5 
3296	30 
3297	44 
3298	4 
3299	9 
3300	49 
3301	2 
3302	19 
3303	44 
3304	9 
3305	4 
3306	19 
3307	33 
3308	23 
3309	53 
3310	20 
3311	46 
3312	31 
3313	1 
3314	4 
3315	27 
3316	6 
3317	10 
3318	1 
3319	4 
3320	14 
3321	52 
3322	19 
3323	27 
3324	42 
3325	41 
3326	3 
3327	41 
3328	45 
3329	4 
3330	51 
3331	28 
3332	52 
3333	17 
3334	19 
3335	11 
3336	15 
3337	24 
3338	31 
3339	7 
3340	9 
3341	54 
3342	38 
3343	10 
3344	9 
3345	36 
3346	30 
3347	12 
3348	51 
3349	41 
3350	5 
3351	31 
3352	41 
3353	46 
3354	43 
3355	25 
3356	28 
3357	40 
3358	17 
3359	8 
3360	33 
3361	29 
3362	29 
3363	52 
3364	34 
3365	20 
3366	51 
3367	21 
3368	39 
3369	25 
3370	39 
3371	31 
3372	24 
3373	54 
3374	25 
3375	6 
3376	47 
3377	49 
3378	23 
3379	23 
3380	41 
3381	36 
3382	27 
3383	36 
3384	16 
3385	2 
3386	16 
3387	8 
3388	20 
3389	24 
3390	23 
3391	7 
3392	48 
3393	45 
3394	30 
3395	21 
3396	12 
3397	52 
3398	3 
3399	20 
3400	7 
3401	44 
3402	39 
3403	39 
3404	39 
3405	36 
3406	42 
3407	36 
3408	19 
3409	4 
3410	26 
3411	14 
3412	25 
3413	5 
3414	16 
3415	31 
3416	41 
3417	25 
3418	53 
3419	8 
3420	18 
3421	3 
3422	37 
3423	27 
3424	9 
3425	14 
3426	11 
3427	2 
3428	37 
3429	3 
3430	31 
3431	35 
3432	21 
3433	21 
3434	53 
3435	15 
3436	31 
3437	46 
3438	8 
3439	36 
3440	23 
3441	48 
3442	33 
3443	45 
3444	27 
3445	20 
3446	2 
3447	38 
3448	10 
3449	52 
3450	38 
3451	19 
3452	53 
3453	30 
3454	18 
3455	8 
3456	42 
3457	6 
3458	23 
3459	5 
3460	4 
3461	25 
3462	39 
3463	15 
3464	44 
3465	1 
3466	27 
3467	15 
3468	26 
3469	14 
3470	45 
3471	20 
3472	12 
3473	41 
3474	34 
3475	42 
3476	39 
3477	22 
3478	1 
3479	39 
3480	54 
3481	51 
3482	21 
3483	7 
3484	49 
3485	39 
3486	45 
3487	20 
3488	36 
3489	4 
3490	5 
3491	53 
3492	15 
3493	53 
3494	28 
3495	19 
3496	42 
3497	23 
3498	23 
3499	31 
3500	15 
3501	48 
3502	10 
3503	53 
3504	21 
3505	9 
3506	47 
3507	35 
3508	52 
3509	14 
3510	16 
3511	5 
3512	39 
3513	19 
3514	30 
3515	22 
3516	3 
3517	6 
3518	31 
3519	36 
3520	19 
3521	17 
3522	52 
3523	3 
3524	42 
3525	51 
3526	27 
3527	54 
3528	48 
3529	16 
3530	28 
3531	23 
3532	23 
3533	41 
3534	49 
3535	43 
3536	45 
3537	50 
3538	3 
3539	39 
3540	2 
3541	37 
3542	19 
3543	33 
3544	30 
3545	42 
3546	54 
3547	17 
3548	20 
3549	44 
3550	33 
3551	36 
3552	23 
3553	36 
3554	9 
3555	16 
3556	24 
3557	11 
3558	27 
3559	18 
3560	53 
3561	35 
3562	5 
3563	34 
3564	25 
3565	45 
3566	42 
3567	36 
3568	54 
3569	20 
3570	32 
3571	44 
3572	33 
3573	52 
3574	20 
3575	12 
3576	19 
3577	34 
3578	20 
3579	25 
3580	44 
3581	50 
3582	36 
3583	42 
3584	47 
3585	43 
3586	20 
3587	53 
3588	39 
3589	25 
3590	6 
3591	47 
3592	21 
3593	23 
3594	33 
3595	21 
3596	48 
3597	19 
3598	17 
3599	2 
3600	52 
3601	21 
3602	6 
3603	48 
3604	19 
3605	22 
3606	25 
3607	23 
3608	20 
3609	24 
3610	33 
3611	13 
3612	2 
3613	44 
3614	35 
3615	19 
3616	47 
3617	27 
3618	38 
3619	44 
3620	52 
3621	8 
3622	43 
3623	20 
3624	54 
3625	31 
3626	1 
3627	19 
3628	17 
3629	17 
3630	39 
3631	28 
3632	14 
3633	8 
3634	46 
3635	14 
3636	38 
3637	53 
3638	17 
3639	46 
3640	41 
3641	27 
3642	53 
3643	13 
3644	15 
3645	47 
3646	39 
3647	41 
3648	34 
3649	11 
3650	28 
3651	35 
3652	51 
3653	48 
3654	39 
3655	9 
3656	3 
3657	51 
3658	8 
3659	9 
3660	36 
3661	28 
3662	12 
3663	30 
3664	54 
3665	23 
3666	42 
3667	36 
3668	28 
3669	5 
3670	6 
3671	34 
3672	40 
3673	51 
3674	20 
3675	6 
3676	54 
3677	48 
3678	12 
3679	11 
3680	7 
3681	45 
3682	7 
3683	51 
3684	2 
3685	4 
3686	23 
3687	30 
3688	42 
3689	23 
3690	3 
3691	9 
3692	27 
3693	46 
3694	51 
3695	33 
3696	23 
3697	6 
3698	37 
3699	46 
3700	2 
3701	46 
3702	30 
3703	34 
3704	15 
3705	25 
3706	32 
3707	48 
3708	25 
3709	30 
3710	7 
3711	4 
3712	31 
3713	22 
3714	4 
3715	17 
3716	2 
3717	53 
3718	45 
3719	34 
3720	48 
3721	36 
3722	12 
3723	38 
3724	10 
3725	7 
3726	44 
3727	50 
3728	28 
3729	17 
3730	39 
3731	44 
3732	35 
3733	30 
3734	25 
3735	46 
3736	41 
3737	42 
3738	29 
3739	23 
3740	27 
3741	52 
3742	2 
3743	42 
3744	4 
3745	49 
3746	36 
3747	20 
3748	40 
3749	20 
3750	26 
3751	44 
3752	28 
3753	13 
3754	37 
3755	46 
3756	25 
3757	11 
3758	9 
3759	50 
3760	28 
3761	14 
3762	14 
3763	11 
3764	36 
3765	4 
3766	45 
3767	50 
3768	4 
3769	4 
3770	43 
3771	19 
3772	6 
3773	40 
3774	30 
3775	23 
3776	34 
3777	31 
3778	9 
3779	35 
3780	4 
3781	54 
3782	51 
3783	31 
3784	50 
3785	31 
3786	17 
3787	44 
3788	1 
3789	34 
3790	9 
3791	37 
3792	42 
3793	14 
3794	21 
3795	2 
3796	29 
3797	54 
3798	32 
3799	20 
3800	44 
3801	45 
3802	23 
3803	20 
3804	12 
3805	54 
3806	12 
3807	34 
3808	45 
3809	19 
3810	17 
3811	25 
3812	13 
3813	14 
3814	25 
3815	53 
3816	38 
3817	6 
3818	41 
3819	40 
3820	45 
3821	2 
3822	44 
3823	26 
3824	4 
3825	33 
3826	39 
3827	3 
3828	19 
3829	44 
3830	2 
3831	51 
3832	54 
3833	48 
3834	18 
3835	5 
3836	5 
3837	37 
3838	3 
3839	23 
3840	20 
3841	27 
3842	46 
3843	46 
3844	39 
3845	15 
3846	31 
3847	12 
3848	13 
3849	32 
3850	34 
3851	43 
3852	46 
3853	52 
3854	38 
3855	27 
3856	19 
3857	34 
3858	17 
3859	6 
3860	11 
3861	3 
3862	28 
3863	29 
3864	19 
3865	51 
3866	52 
3867	42 
3868	22 
3869	53 
3870	33 
3871	34 
3872	21 
3873	30 
3874	17 
3875	54 
3876	46 
3877	43 
3878	30 
3879	7 
3880	52 
3881	23 
3882	36 
3883	53 
3884	8 
3885	19 
3886	20 
3887	17 
3888	2 
3889	13 
3890	27 
3891	43 
3892	29 
3893	44 
3894	33 
3895	51 
3896	39 
3897	48 
3898	22 
3899	53 
3900	27 
3901	15 
3902	28 
3903	25 
3904	21 
3905	35 
3906	8 
3907	19 
3908	37 
3909	13 
3910	38 
3911	8 
3912	19 
3913	39 
3914	13 
3915	50 
3916	29 
3917	18 
3918	42 
3919	20 
3920	24 
3921	14 
3922	13 
3923	44 
3924	2 
3925	17 
3926	3 
3927	46 
3928	51 
3929	30 
3930	35 
3931	9 
3932	33 
3933	21 
3934	4 
3935	53 
3936	47 
3937	43 
3938	11 
3939	27 
3940	54 
3941	10 
3942	5 
3943	49 
3944	34 
3945	25 
3946	49 
3947	48 
3948	23 
3949	8 
3950	19 
3951	6 
3952	11 
3953	47 
3954	22 
3955	48 
3956	34 
3957	45 
3958	32 
3959	43 
3960	53 
3961	34 
3962	14 
3963	8 
3964	31 
3965	9 
3966	29 
3967	3 
3968	54 
3969	21 
3970	32 
3971	44 
3972	3 
3973	45 
3974	10 
3975	32 
3976	13 
3977	35 
3978	3 
3979	49 
3980	46 
3981	14 
3982	11 
3983	2 
3984	41 
3985	10 
3986	13 
3987	39 
3988	42 
3989	17 
3990	44 
3991	5 
3992	7 
3993	49 
3994	15 
3995	30 
3996	21 
3997	15 
3998	21 
3999	5 
4000	51 
4001	46 
4002	34 
4003	24 
4004	17 
4005	23 
4006	1 
4007	48 
4008	34 
4009	2 
4010	36 
4011	8 
4012	40 
4013	21 
4014	9 
4015	45 
4016	37 
4017	19 
4018	24 
4019	3 
4020	28 
4021	23 
4022	46 
4023	13 
4024	13 
4025	8 
4026	47 
4027	5 
4028	14 
4029	30 
4030	8 
4031	45 
4032	16 
4033	46 
4034	5 
4035	34 
4036	34 
4037	39 
4038	39 
4039	20 
4040	21 
4041	21 
4042	23 
4043	54 
4044	37 
4045	36 
4046	28 
4047	24 
4048	46 
4049	12 
4050	44 
4051	31 
4052	38 
4053	38 
4054	24 
4055	21 
4056	26 
4057	5 
4058	40 
4059	23 
4060	43 
4061	36 
4062	24 
4063	40 
4064	3 
4065	15 
4066	54 
4067	2 
4068	19 
4069	23 
4070	21 
4071	27 
4072	39 
4073	34 
4074	31 
4075	35 
4076	22 
4077	2 
4078	9 
4079	25 
4080	52 
4081	26 
4082	6 
4083	49 
4084	30 
4085	38 
4086	30 
4087	3 
4088	24 
4089	49 
4090	2 
4091	31 
4092	4 
4093	44 
4094	45 
4095	2 
4096	54 
4097	30 
4098	53 
4099	26 
4100	43 
4101	52 
4102	39 
4103	53 
4104	45 
4105	2 
4106	29 
4107	20 
4108	36 
4109	13 
4110	32 
4111	53 
4112	28 
4113	41 
4114	47 
4115	42 
4116	3 
4117	30 
4118	45 
4119	15 
4120	54 
4121	28 
4122	1 
4123	41 
4124	34 
4125	39 
4126	54 
4127	34 
4128	2 
4129	50 
4130	38 
4131	39 
4132	39 
4133	34 
4134	29 
4135	9 
4136	31 
4137	51 
4138	36 
4139	44 
4140	51 
4141	25 
4142	35 
4143	22 
4144	51 
4145	13 
4146	41 
4147	12 
4148	52 
4149	23 
4150	10 
4151	29 
4152	17 
4153	46 
4154	53 
4155	20 
4156	8 
4157	33 
4158	13 
4159	50 
4160	17 
4161	39 
4162	10 
4163	46 
4164	36 
4165	5 
4166	38 
4167	52 
4168	54 
4169	28 
4170	4 
4171	44 
4172	34 
4173	3 
4174	42 
4175	14 
4176	6 
4177	31 
4178	14 
4179	3 
4180	51 
4181	25 
4182	53 
4183	6 
4184	32 
4185	24 
4186	12 
4187	16 
4188	34 
4189	29 
4190	26 
4191	11 
4192	32 
4193	34 
4194	19 
4195	51 
4196	17 
4197	38 
4198	44 
4199	23 
4200	4 
4201	35 
4202	48 
4203	43 
4204	28 
4205	27 
4206	39 
4207	36 
4208	53 
4209	11 
4210	44 
4211	34 
4212	1 
4213	48 
4214	16 
4215	35 
4216	12 
4217	20 
4218	17 
4219	47 
4220	14 
4221	27 
4222	40 
4223	54 
4224	21 
4225	49 
4226	39 
4227	24 
4228	26 
4229	24 
4230	17 
4231	36 
4232	29 
4233	8 
4234	2 
4235	32 
4236	40 
4237	14 
4238	17 
4239	9 
4240	23 
4241	46 
4242	3 
4243	48 
4244	15 
4245	44 
4246	38 
4247	4 
4248	26 
4249	31 
4250	17 
4251	39 
4252	24 
4253	51 
4254	44 
4255	4 
4256	6 
4257	9 
4258	53 
4259	30 
4260	5 
4261	49 
4262	38 
4263	23 
4264	21 
4265	5 
4266	2 
4267	46 
4268	2 
4269	9 
4270	45 
4271	53 
4272	11 
4273	51 
4274	27 
4275	5 
4276	32 
4277	13 
4278	54 
4279	51 
4280	50 
4281	22 
4282	53 
4283	11 
4284	53 
4285	10 
4286	27 
4287	29 
4288	9 
4289	15 
4290	46 
4291	53 
4292	23 
4293	26 
4294	20 
4295	22 
4296	49 
4297	15 
4298	38 
4299	12 
4300	19 
4301	36 
4302	37 
4303	5 
4304	5 
4305	16 
4306	46 
4307	24 
4308	47 
4309	12 
4310	21 
4311	53 
4312	4 
4313	11 
4314	6 
4315	37 
4316	39 
4317	21 
4318	15 
4319	24 
4320	31 
4321	46 
4322	39 
4323	20 
4324	20 
4325	14 
4326	46 
4327	40 
4328	13 
4329	3 
4330	48 
4331	49 
4332	39 
4333	52 
4334	46 
4335	19 
4336	7 
4337	28 
4338	46 
4339	24 
4340	30 
4341	31 
4342	53 
4343	25 
4344	44 
4345	30 
4346	21 
4347	2 
4348	34 
4349	37 
4350	22 
4351	44 
4352	14 
4353	46 
4354	8 
4355	19 
4356	30 
4357	7 
4358	40 
4359	46 
4360	44 
4361	9 
4362	38 
4363	42 
4364	10 
4365	41 
4366	7 
4367	3 
4368	42 
4369	30 
4370	6 
4371	3 
4372	25 
4373	2 
4374	19 
4375	2 
4376	26 
4377	50 
4378	5 
4379	8 
4380	5 
4381	28 
4382	4 
4383	4 
4384	11 
4385	2 
4386	25 
4387	53 
4388	39 
4389	34 
4390	34 
4391	27 
4392	2 
4393	34 
4394	11 
4395	51 
4396	25 
4397	46 
4398	53 
4399	38 
4400	51 
4401	42 
4402	46 
4403	37 
4404	19 
4405	18 
4406	29 
4407	23 
4408	28 
4409	16 
4410	17 
4411	24 
4412	35 
4413	48 
4414	46 
4415	5 
4416	37 
4417	40 
4418	46 
4419	9 
4420	13 
4421	46 
4422	3 
4423	15 
4424	21 
4425	52 
4426	33 
4427	41 
4428	40 
4429	31 
4430	20 
4431	10 
4432	4 
4433	34 
4434	22 
4435	33 
4436	3 
4437	5 
4438	28 
4439	45 
4440	38 
4441	12 
4442	40 
4443	52 
4444	31 
4445	34 
4446	41 
4447	10 
4448	4 
4449	32 
4450	47 
4451	10 
4452	8 
4453	36 
4454	11 
4455	21 
4456	50 
4457	14 
4458	26 
4459	25 
4460	22 
4461	30 
4462	24 
4463	41 
4464	49 
4465	44 
4466	52 
4467	52 
4468	2 
4469	11 
4470	4 
4471	27 
4472	14 
4473	39 
4474	14 
4475	39 
4476	36 
4477	15 
4478	38 
4479	25 
4480	27 
4481	10 
4482	40 
4483	51 
4484	39 
4485	39 
4486	51 
4487	20 
4488	52 
4489	10 
4490	48 
4491	39 
4492	47 
4493	52 
4494	42 
4495	1 
4496	34 
4497	41 
4498	50 
4499	45 
4500	30 
4501	36 
4502	38 
4503	45 
4504	52 
4505	22 
4506	47 
4507	35 
4508	3 
4509	1 
4510	31 
4511	42 
4512	21 
4513	21 
4514	46 
4515	54 
4516	39 
4517	2 
4518	50 
4519	16 
4520	34 
4521	4 
4522	22 
4523	2 
4524	36 
4525	26 
4526	30 
4527	23 
4528	34 
4529	48 
4530	9 
4531	40 
4532	39 
4533	37 
4534	19 
4535	22 
4536	20 
4537	25 
4538	7 
4539	7 
4540	25 
4541	7 
4542	54 
4543	36 
4544	13 
4545	32 
4546	28 
4547	39 
4548	38 
4549	17 
4550	19 
4551	51 
4552	39 
4553	20 
4554	26 
4555	11 
4556	40 
4557	25 
4558	33 
4559	21 
4560	14 
4561	2 
4562	40 
4563	11 
4564	13 
4565	4 
4566	3 
4567	16 
4568	31 
4569	30 
4570	41 
4571	43 
4572	23 
4573	42 
4574	23 
4575	7 
4576	12 
4577	8 
4578	35 
4579	13 
4580	36 
4581	30 
4582	3 
4583	48 
4584	21 
4585	15 
4586	18 
4587	36 
4588	11 
4589	27 
4590	45 
4591	50 
4592	30 
4593	46 
4594	46 
4595	40 
4596	20 
4597	19 
4598	11 
4599	29 
4600	23 
4601	36 
4602	32 
4603	4 
4604	25 
4605	45 
4606	29 
4607	52 
4608	42 
4609	12 
4610	35 
4611	47 
4612	20 
4613	42 
4614	54 
4615	2 
4616	12 
4617	39 
4618	20 
4619	26 
4620	52 
4621	19 
4622	41 
4623	31 
4624	42 
4625	23 
4626	2 
4627	11 
4628	5 
4629	54 
4630	32 
4631	4 
4632	47 
4633	47 
4634	11 
4635	29 
4636	54 
4637	20 
4638	11 
4639	33 
4640	19 
4641	47 
4642	19 
4643	39 
4644	25 
4645	30 
4646	54 
4647	39 
4648	36 
4649	4 
4650	42 
4651	53 
4652	23 
4653	3 
4654	4 
4655	30 
4656	47 
4657	9 
4658	53 
4659	27 
4660	38 
4661	15 
4662	4 
4663	16 
4664	41 
4665	8 
4666	13 
4667	4 
4668	24 
4669	35 
4670	33 
4671	2 
4672	20 
4673	5 
4674	49 
4675	8 
4676	49 
4677	44 
4678	53 
4679	53 
4680	27 
4681	35 
4682	50 
4683	36 
4684	6 
4685	24 
4686	48 
4687	37 
4688	24 
4689	6 
4690	1 
4691	14 
4692	54 
4693	23 
4694	54 
4695	40 
4696	21 
4697	19 
4698	47 
4699	31 
4700	34 
4701	4 
4702	19 
4703	18 
4704	41 
4705	22 
4706	47 
4707	16 
4708	21 
4709	52 
4710	54 
4711	6 
4712	34 
4713	27 
4714	45 
4715	14 
4716	18 
4717	9 
4718	25 
4719	30 
4720	3 
4721	53 
4722	51 
4723	23 
4724	37 
4725	8 
4726	37 
4727	52 
4728	52 
4729	50 
4730	35 
4731	22 
4732	15 
4733	25 
4734	33 
4735	19 
4736	2 
4737	16 
4738	21 
4739	45 
4740	20 
4741	21 
4742	21 
4743	47 
4744	36 
4745	28 
4746	5 
4747	9 
4748	45 
4749	31 
4750	51 
4751	16 
4752	51 
4753	37 
4754	24 
4755	12 
4756	35 
4757	3 
4758	50 
4759	37 
4760	50 
4761	14 
4762	37 
4763	31 
4764	28 
4765	28 
4766	34 
4767	47 
4768	27 
4769	39 
4770	3 
4771	27 
4772	21 
4773	27 
4774	39 
4775	39 
4776	41 
4777	19 
4778	20 
4779	12 
4780	46 
4781	35 
4782	19 
4783	54 
4784	6 
4785	39 
4786	3 
4787	30 
4788	2 
4789	37 
4790	3 
4791	23 
4792	54 
4793	22 
4794	2 
4795	34 
4796	30 
4797	17 
4798	20 
4799	17 
4800	24 
4801	43 
4802	49 
4803	48 
4804	31 
4805	52 
4806	47 
4807	19 
4808	44 
4809	33 
4810	49 
4811	8 
4812	13 
4813	51 
4814	14 
4815	36 
4816	17 
4817	21 
4818	27 
4819	15 
4820	51 
4821	35 
4822	44 
4823	11 
4824	46 
4825	36 
4826	16 
4827	23 
4828	28 
4829	51 
4830	53 
4831	11 
4832	10 
4833	53 
4834	7 
4835	4 
4836	41 
4837	21 
4838	18 
4839	23 
4840	52 
4841	17 
4842	53 
4843	45 
4844	26 
4845	46 
4846	27 
4847	24 
4848	21 
4849	10 
4850	40 
4851	34 
4852	18 
4853	51 
4854	27 
4855	1 
4856	20 
4857	27 
4858	13 
4859	21 
4860	34 
4861	20 
4862	45 
4863	52 
4864	2 
4865	48 
4866	19 
4867	26 
4868	3 
4869	41 
4870	25 
4871	18 
4872	35 
4873	23 
4874	13 
4875	19 
4876	40 
4877	20 
4878	33 
4879	38 
4880	4 
4881	7 
4882	52 
4883	7 
4884	13 
4885	22 
4886	51 
4887	44 
4888	50 
4889	46 
4890	9 
4891	6 
4892	29 
4893	30 
4894	21 
4895	40 
4896	10 
4897	35 
4898	9 
4899	48 
4900	3 
4901	39 
4902	27 
4903	20 
4904	33 
4905	45 
4906	38 
4907	35 
4908	7 
4909	9 
4910	35 
4911	39 
4912	39 
4913	54 
4914	13 
4915	50 
4916	6 
4917	14 
4918	39 
4919	34 
4920	27 
4921	36 
4922	51 
4923	54 
4924	16 
4925	51 
4926	49 
4927	51 
4928	32 
4929	6 
4930	4 
4931	26 
4932	29 
4933	34 
4934	30 
4935	47 
4936	4 
4937	45 
4938	41 
4939	12 
4940	25 
4941	25 
4942	51 
4943	29 
4944	48 
4945	1 
4946	24 
4947	7 
4948	21 
4949	36 
4950	29 
4951	19 
4952	24 
4953	46 
4954	30 
4955	46 
4956	45 
4957	4 
4958	53 
4959	23 
4960	33 
4961	46 
4962	45 
4963	3 
4964	13 
4965	23 
4966	20 
4967	23 
4968	4 
4969	53 
4970	21 
4971	25 
4972	34 
4973	23 
4974	5 
4975	30 
4976	27 
4977	13 
4978	29 
4979	25 
4980	45 
4981	23 
4982	17 
4983	1 
4984	49 
4985	12 
4986	42 
4987	54 
4988	13 
4989	17 
4990	34 
4991	16 
4992	44 
4993	4 
4994	28 
4995	12 
4996	30 
4997	44 
4998	30 
4999	48 
5000	34 
5001	6 
5002	9 
5003	54 
5004	12 
5005	42 
5006	29 
5007	25 
5008	28 
5009	33 
5010	46 
5011	34 
5012	33 
5013	19 
5014	39 
5015	17 
5016	1 
5017	30 
5018	7 
5019	31 
5020	22 
5021	42 
5022	14 
5023	20 
5024	18 
5025	36 
5026	24 
5027	51 
5028	21 
5029	4 
5030	30 
5031	5 
5032	40 
5033	21 
5034	3 
5035	53 
5036	1 
5037	21 
5038	24 
5039	47 
5040	31 
5041	8 
5042	19 
5043	45 
5044	12 
5045	3 
5046	42 
5047	1 
5048	44 
5049	28 
5050	22 
5051	37 
5052	4 
5053	46 
5054	1 
5055	39 
5056	53 
5057	22 
5058	50 
5059	45 
5060	40 
5061	12 
5062	30 
5063	49 
5064	51 
5065	48 
5066	21 
5067	42 
5068	31 
5069	45 
5070	9 
5071	6 
5072	51 
5073	44 
5074	27 
5075	22 
5076	25 
5077	34 
5078	12 
5079	28 
5080	34 
5081	34 
5082	20 
5083	42 
5084	16 
5085	34 
5086	17 
5087	25 
5088	51 
5089	5 
5090	48 
5091	41 
5092	22 
5093	42 
5094	23 
5095	24 
5096	32 
5097	19 
5098	51 
5099	9 
5100	29 
5101	34 
5102	44 
5103	44 
5104	52 
5105	17 
5106	20 
5107	3 
5108	41 
5109	1 
5110	37 
5111	13 
5112	33 
5113	49 
5114	9 
5115	53 
5116	46 
5117	40 
5118	33 
5119	33 
5120	9 
5121	39 
5122	5 
5123	39 
5124	43 
5125	2 
5126	46 
5127	40 
5128	21 
5129	46 
5130	37 
5131	9 
5132	29 
5133	29 
5134	22 
5135	5 
5136	24 
5137	40 
5138	14 
5139	19 
5140	34 
5141	15 
5142	24 
5143	35 
5144	36 
5145	15 
5146	7 
5147	4 
5148	31 
5149	12 
5150	16 
5151	45 
5152	34 
5153	51 
5154	8 
5155	34 
5156	27 
5157	2 
5158	2 
5159	21 
5160	51 
5161	8 
5162	25 
5163	36 
5164	20 
5165	30 
5166	3 
5167	28 
5168	22 
5169	29 
5170	5 
5171	13 
5172	25 
5173	36 
5174	36 
5175	42 
5176	44 
5177	4 
5178	52 
5179	42 
5180	11 
5181	9 
5182	22 
5183	22 
5184	39 
5185	52 
5186	18 
5187	31 
5188	32 
5189	51 
5190	9 
5191	39 
5192	13 
5193	28 
5194	29 
5195	13 
5196	23 
5197	48 
5198	18 
5199	4 
5200	46 
5201	50 
5202	40 
5203	33 
5204	37 
5205	11 
5206	8 
5207	44 
5208	14 
5209	53 
5210	3 
5211	38 
5212	8 
5213	42 
5214	24 
5215	53 
5216	8 
5217	28 
5218	30 
5219	29 
5220	17 
5221	12 
5222	20 
5223	42 
5224	19 
5225	28 
5226	7 
5227	26 
5228	3 
5229	24 
5230	4 
5231	30 
5232	40 
5233	1 
5234	32 
5235	47 
5236	24 
5237	53 
5238	3 
5239	41 
5240	49 
5241	1 
5242	42 
5243	46 
5244	40 
5245	37 
5246	13 
5247	54 
5248	36 
5249	9 
5250	26 
5251	25 
5252	14 
5253	2 
5254	46 
5255	54 
5256	54 
5257	36 
5258	24 
5259	9 
5260	30 
5261	21 
5262	39 
5263	28 
5264	28 
5265	42 
5266	22 
5267	53 
5268	36 
5269	35 
5270	20 
5271	23 
5272	45 
5273	19 
5274	53 
5275	10 
5276	20 
5277	37 
5278	19 
5279	19 
5280	30 
5281	23 
5282	21 
5283	3 
5284	9 
5285	51 
5286	7 
5287	3 
5288	33 
5289	5 
5290	42 
5291	53 
5292	4 
5293	19 
5294	39 
5295	45 
5296	49 
5297	44 
5298	31 
5299	54 
5300	48 
5301	45 
5302	23 
5303	39 
5304	43 
5305	39 
5306	39 
5307	8 
5308	33 
5309	19 
5310	27 
5311	30 
5312	50 
5313	36 
5314	52 
5315	45 
5316	47 
5317	11 
5318	5 
5319	52 
5320	36 
5321	32 
5322	3 
5323	11 
5324	46 
5325	44 
5326	22 
5327	21 
5328	26 
5329	15 
5330	13 
5331	5 
5332	24 
5333	27 
5334	30 
5335	9 
5336	3 
5337	42 
5338	50 
5339	25 
5340	34 
5341	25 
5342	18 
5343	51 
5344	19 
5345	38 
5346	3 
5347	42 
5348	21 
5349	21 
5350	4 
5351	8 
5352	36 
5353	17 
5354	19 
5355	40 
5356	32 
5357	6 
5358	16 
5359	5 
5360	31 
5361	30 
5362	39 
5363	3 
5364	28 
5365	27 
5366	14 
5367	41 
5368	51 
5369	26 
5370	5 
5371	52 
5372	1 
5373	25 
5374	9 
5375	25 
5376	29 
5377	20 
5378	27 
5379	13 
5380	6 
5381	1 
5382	50 
5383	47 
5384	3 
5385	10 
5386	52 
5387	39 
5388	23 
5389	4 
5390	42 
5391	4 
5392	9 
5393	33 
5394	14 
5395	42 
5396	24 
5397	32 
5398	54 
5399	15 
5400	15 
5401	34 
5402	24 
5403	4 
5404	8 
5405	30 
5406	22 
5407	15 
5408	36 
5409	32 
5410	29 
5411	5 
5412	39 
5413	13 
5414	32 
5415	13 
5416	3 
5417	40 
5418	37 
5419	12 
5420	23 
5421	16 
5422	20 
5423	2 
5424	36 
5425	18 
5426	50 
5427	26 
5428	46 
5429	6 
5430	31 
5431	42 
5432	22 
5433	13 
5434	1 
5435	16 
5436	53 
5437	25 
5438	24 
5439	23 
5440	36 
5441	51 
5442	33 
5443	3 
5444	33 
5445	52 
5446	17 
5447	31 
5448	39 
5449	20 
5450	54 
5451	28 
5452	26 
5453	40 
5454	22 
5455	14 
5456	53 
5457	42 
5458	34 
5459	11 
5460	46 
5461	15 
5462	14 
5463	23 
5464	13 
5465	53 
5466	35 
5467	39 
5468	21 
5469	27 
5470	16 
5471	53 
5472	29 
5473	2 
5474	54 
5475	25 
5476	48 
5477	39 
5478	13 
5479	4 
5480	42 
5481	15 
5482	8 
5483	27 
5484	45 
5485	11 
5486	24 
5487	18 
5488	39 
5489	25 
5490	46 
5491	21 
5492	25 
5493	11 
5494	7 
5495	19 
5496	19 
5497	39 
5498	33 
5499	46 
5500	19 
5501	39 
5502	6 
5503	51 
5504	41 
5505	42 
5506	11 
5507	3 
5508	30 
5509	11 
5510	30 
5511	53 
5512	14 
5513	31 
5514	6 
5515	35 
5516	17 
5517	23 
5518	9 
5519	17 
5520	8 
5521	19 
5522	17 
5523	4 
5524	15 
5525	50 
5526	54 
5527	53 
5528	4 
5529	19 
5530	2 
5531	5 
5532	33 
5533	42 
5534	34 
5535	31 
5536	30 
5537	42 
5538	19 
5539	2 
5540	47 
5541	21 
5542	9 
5543	18 
5544	49 
5545	22 
5546	44 
5547	4 
5548	24 
5549	41 
5550	7 
5551	24 
5552	54 
5553	3 
5554	48 
5555	46 
5556	12 
5557	19 
5558	24 
5559	41 
5560	24 
5561	24 
5562	21 
5563	36 
5564	30 
5565	30 
5566	30 
5567	35 
5568	19 
5569	21 
5570	26 
5571	46 
5572	39 
5573	32 
5574	38 
5575	30 
5576	31 
5577	1 
5578	24 
5579	38 
5580	48 
5581	37 
5582	3 
5583	20 
5584	19 
5585	29 
5586	10 
5587	32 
5588	21 
5589	41 
5590	9 
5591	14 
5592	4 
5593	14 
5594	8 
5595	20 
5596	30 
5597	27 
5598	51 
5599	32 
5600	50 
5601	11 
5602	13 
5603	31 
5604	21 
5605	53 
5606	50 
5607	39 
5608	51 
5609	23 
5610	2 
5611	29 
5612	4 
5613	9 
5614	23 
5615	6 
5616	38 
5617	20 
5618	51 
5619	45 
5620	27 
5621	36 
5622	42 
5623	4 
5624	50 
5625	10 
5626	43 
5627	9 
5628	34 
5629	46 
5630	52 
5631	35 
5632	47 
5633	39 
5634	19 
5635	46 
5636	43 
5637	24 
5638	31 
5639	49 
5640	23 
5641	35 
5642	3 
5643	40 
5644	54 
5645	14 
5646	21 
5647	21 
5648	50 
5649	33 
5650	50 
5651	7 
5652	26 
5653	37 
5654	40 
5655	24 
5656	34 
5657	24 
5658	44 
5659	42 
5660	3 
5661	24 
5662	9 
5663	42 
5664	39 
5665	10 
5666	24 
5667	39 
5668	30 
5669	29 
5670	21 
5671	34 
5672	41 
5673	23 
5674	2 
5675	33 
5676	42 
5677	30 
5678	42 
5679	27 
5680	23 
5681	28 
5682	10 
5683	53 
5684	12 
5685	34 
5686	31 
5687	2 
5688	39 
5689	45 
5690	33 
5691	22 
5692	8 
5693	53 
5694	37 
5695	53 
5696	27 
5697	24 
5698	34 
5699	36 
5700	53 
5701	4 
5702	13 
5703	37 
5704	28 
5705	41 
5706	15 
5707	2 
5708	22 
5709	42 
5710	46 
5711	51 
5712	21 
5713	51 
5714	4 
5715	20 
5716	31 
5717	42 
5718	37 
5719	38 
5720	33 
5721	42 
5722	42 
5723	12 
5724	3 
5725	7 
5726	22 
5727	15 
5728	51 
5729	9 
5730	53 
5731	20 
5732	49 
5733	44 
5734	27 
5735	26 
5736	23 
5737	23 
5738	42 
5739	12 
5740	39 
5741	2 
5742	45 
5743	44 
5744	52 
5745	23 
5746	53 
5747	52 
5748	53 
5749	31 
5750	38 
5751	4 
5752	51 
5753	6 
5754	19 
5755	31 
5756	27 
5757	10 
5758	3 
5759	54 
5760	19 
5761	11 
5762	2 
5763	2 
5764	41 
5765	20 
5766	4 
5767	44 
5768	32 
5769	30 
5770	19 
5771	44 
5772	30 
5773	46 
5774	44 
5775	35 
5776	23 
5777	49 
5778	22 
5779	24 
5780	50 
5781	20 
5782	47 
5783	4 
5784	54 
5785	21 
5786	36 
5787	38 
5788	19 
5789	36 
5790	15 
5791	9 
5792	41 
5793	35 
5794	22 
5795	16 
5796	25 
5797	50 
5798	23 
5799	39 
5800	33 
5801	19 
5802	27 
5803	15 
5804	41 
5805	39 
5806	25 
5807	52 
5808	3 
5809	2 
5810	21 
5811	23 
5812	54 
5813	37 
5814	38 
5815	54 
5816	10 
5817	51 
5818	40 
5819	4 
5820	4 
5821	31 
5822	27 
5823	43 
5824	23 
5825	2 
5826	12 
5827	7 
5828	2 
5829	41 
5830	3 
5831	21 
5832	39 
5833	51 
5834	28 
5835	9 
5836	14 
5837	37 
5838	12 
5839	9 
5840	27 
5841	46 
5842	22 
5843	25 
5844	54 
5845	6 
5846	21 
5847	20 
5848	19 
5849	23 
5850	20 
5851	30 
5852	23 
5853	48 
5854	2 
5855	39 
5856	12 
5857	31 
5858	16 
5859	30 
5860	46 
5861	4 
5862	26 
5863	4 
5864	46 
5865	19 
5866	50 
5867	9 
5868	1 
5869	11 
5870	45 
5871	39 
5872	44 
5873	13 
5874	36 
5875	46 
5876	24 
5877	11 
5878	6 
5879	32 
5880	14 
5881	46 
5882	46 
5883	20 
5884	24 
5885	36 
5886	9 
5887	3 
5888	46 
5889	34 
5890	11 
5891	54 
5892	39 
5893	48 
5894	27 
5895	48 
5896	12 
5897	52 
5898	45 
5899	34 
5900	34 
5901	39 
5902	3 
5903	51 
5904	51 
5905	45 
5906	52 
5907	25 
5908	53 
5909	54 
5910	17 
5911	41 
5912	43 
5913	29 
5914	52 
5915	40 
5916	7 
5917	48 
5918	5 
5919	3 
5920	44 
5921	7 
5922	35 
5923	2 
5924	16 
5925	16 
5926	53 
5927	23 
5928	25 
5929	42 
5930	18 
5931	34 
5932	42 
5933	11 
5934	45 
5935	37 
5936	28 
5937	3 
5938	3 
5939	3 
5940	1 
5941	14 
5942	32 
5943	40 
5944	25 
5945	36 
5946	11 
5947	52 
5948	6 
5949	20 
5950	27 
5951	14 
5952	12 
5953	39 
5954	3 
5955	14 
5956	1 
5957	5 
5958	3 
5959	46 
5960	39 
5961	45 
5962	26 
5963	7 
5964	9 
5965	39 
5966	52 
5967	19 
5968	54 
5969	17 
5970	37 
5971	26 
5972	31 
5973	9 
5974	4 
5975	50 
5976	7 
5977	45 
5978	9 
5979	3 
5980	28 
5981	39 
5982	30 
5983	39 
5984	53 
5985	4 
5986	16 
5987	35 
5988	53 
5989	19 
5990	46 
5991	24 
5992	25 
5993	23 
5994	29 
5995	35 
5996	4 
5997	46 
5998	52 
5999	46 
6000	25 
6001	23 
6002	51 
6003	7 
6004	28 
6005	43 
6006	9 
6007	45 
6008	1 
6009	23 
6010	9 
6011	33 
6012	25 
6013	4 
6014	9 
6015	31 
6016	12 
6017	46 
6018	25 
6019	35 
6020	3 
6021	51 
6022	40 
6023	27 
6024	48 
6025	33 
6026	14 
6027	5 
6028	22 
6029	16 
6030	51 
6031	21 
6032	28 
6033	25 
6034	44 
6035	20 
6036	36 
6037	44 
6038	37 
6039	6 
6040	42 
6041	42 
6042	14 
6043	19 
6044	4 
6045	19 
6046	36 
6047	39 
6048	32 
6049	44 
6050	35 
6051	39 
6052	29 
6053	49 
6054	2 
6055	38 
6056	51 
6057	38 
6058	54 
6059	14 
6060	2 
6061	27 
6062	51 
6063	52 
6064	42 
6065	50 
6066	3 
6067	31 
6068	44 
6069	1 
6070	21 
6071	28 
6072	12 
6073	33 
6074	33 
6075	13 
6076	41 
6077	36 
6078	34 
6079	27 
6080	19 
6081	27 
6082	30 
6083	54 
6084	41 
6085	30 
6086	54 
6087	48 
6088	1 
6089	6 
6090	28 
6091	15 
6092	3 
6093	13 
6094	2 
6095	34 
6096	39 
6097	51 
6098	37 
6099	23 
6100	42 
6101	45 
6102	34 
6103	6 
6104	26 
6105	44 
6106	27 
6107	41 
6108	2 
6109	2 
6110	3 
6111	17 
6112	25 
6113	7 
6114	20 
6115	17 
6116	48 
6117	32 
6118	34 
6119	36 
6120	21 
6121	29 
6122	6 
6123	37 
6124	48 
6125	42 
6126	29 
6127	44 
6128	52 
6129	51 
6130	39 
6131	48 
6132	46 
6133	12 
6134	32 
6135	27 
6136	37 
6137	2 
6138	44 
6139	7 
6140	31 
6141	27 
6142	51 
6143	51 
6144	39 
6145	32 
6146	36 
6147	19 
6148	37 
6149	15 
6150	50 
6151	17 
6152	15 
6153	15 
6154	12 
6155	14 
6156	14 
6157	27 
6158	43 
6159	40 
6160	46 
6161	9 
6162	3 
6163	35 
6164	51 
6165	30 
6166	38 
6167	40 
6168	19 
6169	43 
6170	20 
6171	54 
6172	53 
6173	3 
6174	22 
6175	17 
6176	47 
6177	2 
6178	23 
6179	4 
6180	20 
6181	33 
6182	11 
6183	32 
6184	31 
6185	35 
6186	35 
6187	17 
6188	29 
6189	53 
6190	4 
6191	27 
6192	44 
6193	2 
6194	37 
6195	34 
6196	35 
6197	5 
6198	4 
6199	9 
6200	14 
6201	33 
6202	33 
6203	53 
6204	5 
6205	8 
6206	54 
6207	27 
6208	54 
6209	24 
6210	34 
6211	45 
6212	44 
6213	52 
6214	2 
6215	8 
6216	29 
6217	30 
6218	1 
6219	17 
6220	17 
6221	9 
6222	14 
6223	2 
6224	28 
6225	21 
6226	27 
6227	3 
6228	12 
6229	28 
6230	51 
6231	29 
6232	7 
6233	25 
6234	53 
6235	13 
6236	42 
6237	28 
6238	2 
6239	8 
6240	12 
6241	23 
6242	46 
6243	18 
6244	20 
6245	25 
6246	50 
6247	4 
6248	39 
6249	42 
6250	52 
6251	23 
6252	24 
6253	15 
6254	49 
6255	28 
6256	14 
6257	16 
6258	46 
6259	43 
6260	27 
6261	41 
6262	34 
6263	13 
6264	27 
6265	42 
6266	13 
6267	33 
6268	31 
6269	36 
6270	2 
6271	42 
6272	13 
6273	19 
6274	26 
6275	50 
6276	54 
6277	38 
6278	3 
6279	11 
6280	44 
6281	3 
6282	11 
6283	26 
6284	50 
6285	29 
6286	14 
6287	45 
6288	26 
6289	50 
6290	44 
6291	34 
6292	48 
6293	34 
6294	4 
6295	10 
6296	32 
6297	28 
6298	51 
6299	48 
6300	8 
6301	3 
6302	52 
6303	54 
6304	38 
6305	17 
6306	14 
6307	6 
6308	17 
6309	3 
6310	29 
6311	43 
6312	32 
6313	51 
6314	36 
6315	22 
6316	46 
6317	39 
6318	32 
6319	6 
6320	10 
6321	13 
6322	53 
6323	19 
6324	35 
6325	40 
6326	19 
6327	13 
6328	48 
6329	32 
6330	20 
6331	16 
6332	5 
6333	7 
6334	31 
6335	46 
6336	52 
6337	9 
6338	38 
6339	1 
6340	17 
6341	3 
6342	9 
6343	9 
6344	39 
6345	50 
6346	35 
6347	42 
6348	28 
6349	46 
6350	45 
6351	52 
6352	51 
6353	23 
6354	29 
6355	27 
6356	37 
6357	8 
6358	26 
6359	3 
6360	46 
6361	53 
6362	54 
6363	51 
6364	8 
6365	44 
6366	1 
6367	14 
6368	48 
6369	14 
6370	5 
6371	40 
6372	24 
6373	36 
6374	28 
6375	24 
6376	28 
6377	15 
6378	2 
6379	2 
6380	48 
6381	27 
6382	39 
6383	21 
6384	11 
6385	3 
6386	39 
6387	54 
6388	36 
6389	34 
6390	31 
6391	2 
6392	53 
6393	42 
6394	20 
6395	36 
6396	34 
6397	14 
6398	26 
6399	35 
6400	42 
6401	20 
6402	50 
6403	34 
6404	33 
6405	44 
6406	54 
6407	32 
6408	23 
6409	29 
6410	50 
6411	30 
6412	14 
6413	12 
6414	35 
6415	50 
6416	52 
6417	11 
6418	19 
6419	24 
6420	4 
6421	46 
6422	41 
6423	35 
6424	28 
6425	25 
6426	19 
6427	14 
6428	52 
6429	48 
6430	3 
6431	3 
6432	3 
6433	40 
6434	35 
6435	9 
6436	53 
6437	20 
6438	44 
6439	6 
6440	5 
6441	23 
6442	26 
6443	22 
6444	39 
6445	20 
6446	36 
6447	17 
6448	13 
6449	1 
6450	23 
6451	10 
6452	15 
6453	38 
6454	30 
6455	20 
6456	48 
6457	15 
6458	43 
6459	50 
6460	9 
6461	24 
6462	4 
6463	33 
6464	15 
6465	28 
6466	42 
6467	31 
6468	18 
6469	19 
6470	26 
6471	34 
6472	6 
6473	21 
6474	8 
6475	2 
6476	31 
6477	49 
6478	44 
6479	31 
6480	3 
6481	5 
6482	50 
6483	23 
6484	52 
6485	37 
6486	28 
6487	20 
6488	52 
6489	45 
6490	3 
6491	51 
6492	48 
6493	40 
6494	30 
6495	47 
6496	40 
6497	35 
6498	9 
6499	17 
6500	26 
6501	1 
6502	29 
6503	13 
6504	20 
6505	1 
6506	36 
6507	34 
6508	29 
6509	20 
6510	52 
6511	9 
6512	3 
6513	50 
6514	21 
6515	33 
6516	25 
6517	19 
6518	51 
6519	25 
6520	20 
6521	15 
6522	39 
6523	4 
6524	42 
6525	2 
6526	38 
6527	25 
6528	13 
6529	5 
6530	37 
6531	47 
6532	29 
6533	17 
6534	40 
6535	31 
6536	38 
6537	37 
6538	36 
6539	2 
6540	8 
6541	14 
6542	3 
6543	21 
6544	33 
6545	23 
6546	8 
6547	53 
6548	1 
6549	12 
6550	22 
6551	41 
6552	7 
6553	9 
6554	15 
6555	51 
6556	35 
6557	47 
6558	51 
6559	35 
6560	19 
6561	20 
6562	51 
6563	39 
6564	16 
6565	3 
6566	25 
6567	21 
6568	17 
6569	36 
6570	50 
6571	5 
6572	27 
6573	51 
6574	33 
6575	15 
6576	19 
6577	12 
6578	26 
6579	44 
6580	52 
6581	14 
6582	12 
6583	19 
6584	15 
6585	34 
6586	37 
6587	39 
6588	39 
6589	12 
6590	39 
6591	36 
6592	4 
6593	40 
6594	46 
6595	44 
6596	17 
6597	14 
6598	30 
6599	49 
6600	31 
6601	27 
6602	24 
6603	20 
6604	35 
6605	39 
6606	1 
6607	2 
6608	49 
6609	52 
6610	52 
6611	17 
6612	26 
6613	1 
6614	17 
6615	13 
6616	31 
6617	22 
6618	4 
6619	17 
6620	31 
6621	1 
6622	14 
6623	17 
6624	1 
6625	45 
6626	27 
6627	19 
6628	53 
6629	17 
6630	30 
6631	38 
6632	50 
6633	29 
6634	22 
6635	18 
6636	50 
6637	45 
6638	19 
6639	4 
6640	9 
6641	34 
6642	42 
6643	42 
6644	49 
6645	31 
6646	19 
6647	25 
6648	50 
6649	33 
6650	36 
6651	30 
6652	50 
6653	34 
6654	39 
6655	41 
6656	48 
6657	31 
6658	9 
6659	39 
6660	27 
6661	46 
6662	23 
6663	39 
6664	36 
6665	49 
6666	14 
6667	1 
6668	39 
6669	46 
6670	46 
6671	26 
6672	18 
6673	46 
6674	35 
6675	40 
6676	44 
6677	23 
6678	2 
6679	51 
6680	48 
6681	32 
6682	44 
6683	27 
6684	4 
6685	8 
6686	35 
6687	3 
6688	14 
6689	30 
6690	49 
6691	2 
6692	24 
6693	6 
6694	31 
6695	53 
6696	24 
6697	30 
6698	25 
6699	27 
6700	3 
6701	12 
6702	20 
6703	4 
6704	15 
6705	34 
6706	54 
6707	23 
6708	43 
6709	35 
6710	30 
6711	20 
6712	39 
6713	37 
6714	17 
6715	18 
6716	35 
6717	30 
6718	35 
6719	15 
6720	51 
6721	37 
6722	17 
6723	45 
6724	29 
6725	19 
6726	23 
6727	54 
6728	46 
6729	28 
6730	9 
6731	37 
6732	27 
6733	2 
6734	8 
6735	52 
6736	44 
6737	26 
6738	49 
6739	4 
6740	27 
6741	34 
6742	33 
6743	46 
6744	8 
6745	54 
6746	12 
6747	16 
6748	35 
6749	25 
6750	31 
6751	46 
6752	26 
6753	31 
6754	38 
6755	31 
6756	46 
6757	6 
6758	45 
6759	43 
6760	13 
6761	32 
6762	24 
6763	46 
6764	5 
6765	43 
6766	42 
6767	9 
6768	26 
6769	31 
6770	4 
6771	47 
6772	7 
6773	35 
6774	20 
6775	41 
6776	27 
6777	14 
6778	28 
6779	3 
6780	26 
6781	4 
6782	53 
6783	48 
6784	24 
6785	51 
6786	3 
6787	10 
6788	11 
6789	31 
6790	19 
6791	49 
6792	4 
6793	41 
6794	45 
6795	5 
6796	53 
6797	22 
6798	38 
6799	45 
6800	54 
6801	4 
6802	43 
6803	3 
6804	6 
6805	35 
6806	50 
6807	29 
6808	48 
6809	44 
6810	7 
6811	30 
6812	30 
6813	43 
6814	51 
6815	54 
6816	5 
6817	54 
6818	30 
6819	9 
6820	4 
6821	44 
6822	29 
6823	20 
6824	21 
6825	52 
6826	29 
6827	42 
6828	6 
6829	37 
6830	3 
6831	20 
6832	53 
6833	42 
6834	5 
6835	43 
6836	21 
6837	14 
6838	50 
6839	46 
6840	22 
6841	20 
6842	43 
6843	1 
6844	23 
6845	46 
6846	54 
6847	7 
6848	1 
6849	33 
6850	27 
6851	36 
6852	6 
6853	10 
6854	43 
6855	16 
6856	16 
6857	32 
6858	34 
6859	22 
6860	53 
6861	51 
6862	46 
6863	39 
6864	49 
6865	53 
6866	33 
6867	46 
6868	17 
6869	7 
6870	14 
6871	46 
6872	19 
6873	54 
6874	14 
6875	48 
6876	54 
6877	48 
6878	6 
6879	21 
6880	42 
6881	32 
6882	53 
6883	27 
6884	32 
6885	6 
6886	4 
6887	9 
6888	10 
6889	30 
6890	39 
6891	21 
6892	12 
6893	30 
6894	2 
6895	20 
6896	41 
6897	14 
6898	30 
6899	24 
6900	38 
6901	3 
6902	24 
6903	33 
6904	16 
6905	51 
6906	43 
6907	16 
6908	2 
6909	41 
6910	48 
6911	51 
6912	49 
6913	35 
6914	20 
6915	14 
6916	35 
6917	24 
6918	13 
6919	42 
6920	37 
6921	51 
6922	3 
6923	3 
6924	19 
6925	10 
6926	36 
6927	4 
6928	52 
6929	40 
6930	51 
6931	54 
6932	51 
6933	39 
6934	54 
6935	48 
6936	53 
6937	38 
6938	42 
6939	42 
6940	39 
6941	44 
6942	17 
6943	24 
6944	39 
6945	20 
6946	41 
6947	13 
6948	21 
6949	47 
6950	2 
6951	14 
6952	43 
6953	20 
6954	54 
6955	22 
6956	38 
6957	22 
6958	26 
6959	54 
6960	25 
6961	52 
6962	14 
6963	43 
6964	52 
6965	24 
6966	27 
6967	34 
6968	35 
6969	48 
6970	27 
6971	24 
6972	28 
6973	18 
6974	4 
6975	3 
6976	43 
6977	46 
6978	14 
6979	8 
6980	16 
6981	30 
6982	11 
6983	39 
6984	18 
6985	44 
6986	32 
6987	34 
6988	33 
6989	21 
6990	41 
6991	14 
6992	25 
6993	7 
6994	13 
6995	54 
6996	14 
6997	35 
6998	45 
6999	13 
7000	20 
7001	6 
7002	40 
7003	14 
7004	45 
7005	45 
7006	23 
7007	11 
7008	48 
7009	10 
7010	13 
7011	10 
7012	19 
7013	49 
7014	49 
7015	44 
7016	41 
7017	9 
7018	45 
7019	51 
7020	43 
7021	25 
7022	27 
7023	14 
7024	18 
7025	54 
7026	51 
7027	40 
7028	28 
7029	42 
7030	19 
7031	10 
7032	28 
7033	11 
7034	37 
7035	52 
7036	2 
7037	37 
7038	49 
7039	53 
7040	9 
7041	39 
7042	21 
7043	34 
7044	3 
7045	13 
7046	3 
7047	48 
7048	45 
7049	20 
7050	33 
7051	46 
7052	9 
7053	26 
7054	52 
7055	7 
7056	54 
7057	23 
7058	34 
7059	29 
7060	22 
7061	2 
7062	13 
7063	13 
7064	18 
7065	24 
7066	47 
7067	49 
7068	51 
7069	51 
7070	39 
7071	1 
7072	2 
7073	7 
7074	25 
7075	25 
7076	26 
7077	43 
7078	3 
7079	2 
7080	45 
7081	4 
7082	20 
7083	1 
7084	17 
7085	4 
7086	31 
7087	52 
7088	21 
7089	52 
7090	26 
7091	35 
7092	46 
7093	26 
7094	39 
7095	52 
7096	37 
7097	17 
7098	46 
7099	25 
7100	4 
7101	23 
7102	38 
7103	6 
7104	30 
7105	6 
7106	20 
7107	51 
7108	54 
7109	42 
7110	35 
7111	48 
7112	54 
7113	52 
7114	2 
7115	13 
7116	31 
7117	5 
7118	20 
7119	35 
7120	23 
7121	48 
7122	52 
7123	39 
7124	27 
7125	30 
7126	37 
7127	9 
7128	42 
7129	44 
7130	20 
7131	51 
7132	46 
7133	45 
7134	4 
7135	40 
7136	48 
7137	11 
7138	19 
7139	24 
7140	18 
7141	27 
7142	24 
7143	5 
7144	38 
7145	31 
7146	7 
7147	10 
7148	30 
7149	35 
7150	34 
7151	53 
7152	27 
7153	27 
7154	42 
7155	8 
7156	37 
7157	45 
7158	8 
7159	21 
7160	9 
7161	8 
7162	32 
7163	3 
7164	51 
7165	28 
7166	14 
7167	24 
7168	47 
7169	46 
7170	4 
7171	47 
7172	13 
7173	10 
7174	36 
7175	7 
7176	36 
7177	47 
7178	14 
7179	2 
7180	31 
7181	17 
7182	48 
7183	18 
7184	17 
7185	53 
7186	20 
7187	47 
7188	2 
7189	21 
7190	26 
7191	15 
7192	8 
7193	54 
7194	36 
7195	53 
7196	29 
7197	31 
7198	53 
7199	7 
7200	28 
7201	38 
7202	21 
7203	4 
7204	19 
7205	47 
7206	24 
7207	12 
7208	18 
7209	6 
7210	40 
7211	40 
7212	33 
7213	2 
7214	26 
7215	28 
7216	7 
7217	42 
7218	3 
7219	2 
7220	28 
7221	2 
7222	33 
7223	3 
7224	26 
7225	41 
7226	53 
7227	48 
7228	11 
7229	15 
7230	45 
7231	13 
7232	41 
7233	22 
7234	4 
7235	23 
7236	14 
7237	17 
7238	24 
7239	25 
7240	30 
7241	33 
7242	39 
7243	4 
7244	14 
7245	7 
7246	47 
7247	4 
7248	36 
7249	7 
7250	27 
7251	3 
7252	7 
7253	48 
7254	32 
7255	4 
7256	25 
7257	36 
7258	19 
7259	7 
7260	18 
7261	31 
7262	31 
7263	45 
7264	39 
7265	19 
7266	28 
7267	35 
7268	11 
7269	52 
7270	49 
7271	2 
7272	33 
7273	52 
7274	49 
7275	19 
7276	45 
7277	35 
7278	47 
7279	2 
7280	4 
7281	25 
7282	35 
7283	33 
7284	48 
7285	24 
7286	53 
7287	9 
7288	31 
7289	50 
7290	24 
7291	3 
7292	49 
7293	4 
7294	53 
7295	39 
7296	51 
7297	38 
7298	25 
7299	23 
7300	2 
7301	2 
7302	20 
7303	11 
7304	29 
7305	39 
7306	19 
7307	31 
7308	6 
7309	9 
7310	3 
7311	34 
7312	37 
7313	30 
7314	52 
7315	36 
7316	40 
7317	23 
7318	17 
7319	30 
7320	34 
7321	26 
7322	10 
7323	17 
7324	37 
7325	54 
7326	5 
7327	5 
7328	36 
7329	33 
7330	31 
7331	46 
7332	3 
7333	10 
7334	13 
7335	46 
7336	2 
7337	23 
7338	13 
7339	31 
7340	46 
7341	47 
7342	28 
7343	48 
7344	29 
7345	24 
7346	3 
7347	19 
7348	10 
7349	17 
7350	40 
7351	48 
7352	29 
7353	4 
7354	6 
7355	51 
7356	11 
7357	53 
7358	30 
7359	12 
7360	44 
7361	39 
7362	46 
7363	23 
7364	3 
7365	7 
7366	43 
7367	36 
7368	5 
7369	26 
7370	54 
7371	32 
7372	2 
7373	22 
7374	18 
7375	29 
7376	33 
7377	11 
7378	54 
7379	30 
7380	5 
7381	34 
7382	20 
7383	48 
7384	32 
7385	22 
7386	37 
7387	31 
7388	28 
7389	51 
7390	17 
7391	44 
7392	38 
7393	53 
7394	45 
7395	2 
7396	5 
7397	30 
7398	14 
7399	13 
7400	29 
7401	35 
7402	32 
7403	40 
7404	53 
7405	33 
7406	23 
7407	21 
7408	10 
7409	21 
7410	44 
7411	21 
7412	51 
7413	9 
7414	30 
7415	43 
7416	19 
7417	14 
7418	36 
7419	54 
7420	4 
7421	31 
7422	13 
7423	1 
7424	27 
7425	20 
7426	3 
7427	7 
7428	9 
7429	42 
7430	46 
7431	44 
7432	19 
7433	7 
7434	3 
7435	30 
7436	7 
7437	3 
7438	27 
7439	5 
7440	8 
7441	20 
7442	23 
7443	51 
7444	5 
7445	22 
7446	37 
7447	53 
7448	27 
7449	30 
7450	41 
7451	11 
7452	39 
7453	3 
7454	28 
7455	19 
7456	54 
7457	6 
7458	8 
7459	3 
7460	8 
7461	24 
7462	37 
7463	34 
7464	25 
7465	23 
7466	3 
7467	44 
7468	27 
7469	50 
7470	52 
7471	12 
7472	33 
7473	40 
7474	24 
7475	54 
7476	16 
7477	18 
7478	53 
7479	37 
7480	4 
7481	45 
7482	36 
7483	35 
7484	30 
7485	18 
7486	34 
7487	9 
7488	39 
7489	52 
7490	15 
7491	46 
7492	46 
7493	25 
7494	13 
7495	28 
7496	45 
7497	52 
7498	31 
7499	41 
7500	48 
7501	12 
7502	25 
7503	9 
7504	23 
7505	17 
7506	18 
7507	7 
7508	1 
7509	34 
7510	14 
7511	36 
7512	28 
7513	13 
7514	35 
7515	45 
7516	19 
7517	3 
7518	30 
7519	39 
7520	13 
7521	28 
7522	19 
7523	53 
7524	40 
7525	22 
7526	10 
7527	25 
7528	29 
7529	27 
7530	38 
7531	47 
7532	42 
7533	42 
7534	4 
7535	38 
7536	17 
7537	28 
7538	28 
7539	51 
7540	14 
7541	46 
7542	52 
7543	53 
7544	50 
7545	25 
7546	32 
7547	36 
7548	36 
7549	41 
7550	35 
7551	9 
7552	39 
7553	46 
7554	19 
7555	27 
7556	52 
7557	30 
7558	5 
7559	4 
7560	9 
7561	54 
7562	33 
7563	9 
7564	48 
7565	8 
7566	49 
7567	30 
7568	39 
7569	35 
7570	23 
7571	23 
7572	29 
7573	15 
7574	32 
7575	11 
7576	27 
7577	44 
7578	42 
7579	39 
7580	21 
7581	46 
7582	51 
7583	41 
7584	20 
7585	34 
7586	39 
7587	11 
7588	11 
7589	27 
7590	2 
7591	54 
7592	6 
7593	25 
7594	29 
7595	36 
7596	51 
7597	10 
7598	48 
7599	50 
7600	36 
7601	21 
7602	8 
7603	51 
7604	26 
7605	29 
7606	46 
7607	46 
7608	28 
7609	21 
7610	51 
7611	37 
7612	10 
7613	6 
7614	26 
7615	6 
7616	43 
7617	45 
7618	52 
7619	11 
7620	32 
7621	13 
7622	36 
7623	51 
7624	53 
7625	32 
7626	40 
7627	19 
7628	21 
7629	37 
7630	31 
7631	16 
7632	54 
7633	2 
7634	20 
7635	43 
7636	39 
7637	35 
7638	36 
7639	14 
7640	21 
7641	41 
7642	31 
7643	53 
7644	43 
7645	34 
7646	38 
7647	9 
7648	34 
7649	30 
7650	4 
7651	22 
7652	39 
7653	54 
7654	38 
7655	3 
7656	22 
7657	39 
7658	13 
7659	16 
7660	7 
7661	36 
7662	30 
7663	16 
7664	46 
7665	15 
7666	26 
7667	45 
7668	40 
7669	46 
7670	16 
7671	41 
7672	52 
7673	15 
7674	42 
7675	39 
7676	47 
7677	38 
7678	41 
7679	7 
7680	53 
7681	29 
7682	41 
7683	42 
7684	27 
7685	4 
7686	9 
7687	4 
7688	27 
7689	23 
7690	14 
7691	19 
7692	43 
7693	6 
7694	13 
7695	27 
7696	27 
7697	53 
7698	27 
7699	47 
7700	28 
7701	2 
7702	13 
7703	29 
7704	51 
7705	46 
7706	2 
7707	23 
7708	28 
7709	6 
7710	36 
7711	43 
7712	2 
7713	38 
7714	47 
7715	24 
7716	39 
7717	2 
7718	23 
7719	52 
7720	54 
7721	42 
7722	13 
7723	29 
7724	33 
7725	31 
7726	23 
7727	46 
7728	20 
7729	16 
7730	41 
7731	16 
7732	33 
7733	34 
7734	36 
7735	44 
7736	4 
7737	7 
7738	53 
7739	45 
7740	13 
7741	11 
7742	45 
7743	34 
7744	26 
7745	8 
7746	36 
7747	22 
7748	27 
7749	20 
7750	45 
7751	22 
7752	28 
7753	39 
7754	7 
7755	30 
7756	3 
7757	46 
7758	7 
7759	27 
7760	27 
7761	6 
7762	13 
7763	43 
7764	53 
7765	3 
7766	51 
7767	50 
7768	54 
7769	19 
7770	39 
7771	24 
7772	51 
7773	7 
7774	18 
7775	4 
7776	54 
7777	7 
7778	51 
7779	32 
7780	21 
7781	46 
7782	25 
7783	37 
7784	39 
7785	2 
7786	46 
7787	17 
7788	28 
7789	53 
7790	51 
7791	7 
7792	36 
7793	13 
7794	27 
7795	27 
7796	33 
7797	40 
7798	30 
7799	4 
7800	27 
7801	30 
7802	7 
7803	10 
7804	3 
7805	41 
7806	48 
7807	52 
7808	17 
7809	52 
7810	44 
7811	28 
7812	32 
7813	51 
7814	24 
7815	3 
7816	11 
7817	45 
7818	13 
7819	34 
7820	9 
7821	4 
7822	50 
7823	21 
7824	13 
7825	53 
7826	18 
7827	4 
7828	8 
7829	5 
7830	46 
7831	34 
7832	45 
7833	25 
7834	31 
7835	33 
7836	11 
7837	41 
7838	21 
7839	27 
7840	7 
7841	16 
7842	4 
7843	12 
7844	34 
7845	1 
7846	16 
7847	25 
7848	28 
7849	6 
7850	40 
7851	4 
7852	24 
7853	6 
7854	19 
7855	39 
7856	50 
7857	39 
7858	46 
7859	2 
7860	20 
7861	46 
7862	36 
7863	20 
7864	13 
7865	9 
7866	23 
7867	15 
7868	29 
7869	20 
7870	39 
7871	52 
7872	27 
7873	44 
7874	11 
7875	21 
7876	3 
7877	41 
7878	2 
7879	17 
7880	40 
7881	8 
7882	3 
7883	21 
7884	23 
7885	2 
7886	14 
7887	5 
7888	24 
7889	27 
7890	4 
7891	25 
7892	39 
7893	34 
7894	39 
7895	20 
7896	7 
7897	39 
7898	34 
7899	49 
7900	49 
7901	10 
7902	27 
7903	43 
7904	44 
7905	53 
7906	21 
7907	11 
7908	40 
7909	21 
7910	31 
7911	53 
7912	50 
7913	53 
7914	3 
7915	19 
7916	27 
7917	23 
7918	36 
7919	2 
7920	53 
7921	24 
7922	21 
7923	2 
7924	52 
7925	35 
7926	41 
7927	12 
7928	52 
7929	48 
7930	27 
7931	34 
7932	40 
7933	17 
7934	21 
7935	29 
7936	44 
7937	48 
7938	9 
7939	34 
7940	46 
7941	32 
7942	39 
7943	51 
7944	18 
7945	24 
7946	30 
7947	34 
7948	13 
7949	27 
7950	21 
7951	19 
7952	27 
7953	26 
7954	8 
7955	23 
7956	21 
7957	9 
7958	3 
7959	17 
7960	52 
7961	4 
7962	37 
7963	38 
7964	17 
7965	15 
7966	19 
7967	18 
7968	27 
7969	5 
7970	10 
7971	51 
7972	47 
7973	36 
7974	16 
7975	46 
7976	27 
7977	30 
7978	54 
7979	35 
7980	14 
7981	21 
7982	40 
7983	46 
7984	12 
7985	46 
7986	24 
7987	20 
7988	19 
7989	36 
7990	9 
7991	31 
7992	6 
7993	28 
7994	26 
7995	20 
7996	52 
7997	42 
7998	46 
7999	49 
8000	44 
8001	45 
8002	52 
8003	53 
8004	38 
8005	48 
8006	52 
8007	3 
8008	15 
8009	40 
8010	6 
8011	27 
8012	9 
8013	40 
8014	51 
8015	31 
8016	11 
8017	43 
8018	1 
8019	41 
8020	45 
8021	13 
8022	21 
8023	9 
8024	19 
8025	38 
8026	8 
8027	15 
8028	32 
8029	41 
8030	25 
8031	8 
8032	43 
8033	24 
8034	2 
8035	18 
8036	43 
8037	17 
8038	39 
8039	7 
8040	26 
8041	19 
8042	24 
8043	25 
8044	10 
8045	36 
8046	12 
8047	1 
8048	20 
8049	30 
8050	39 
8051	20 
8052	24 
8053	28 
8054	12 
8055	6 
8056	4 
8057	2 
8058	36 
8059	52 
8060	42 
8061	4 
8062	47 
8063	46 
8064	11 
8065	4 
8066	44 
8067	26 
8068	24 
8069	14 
8070	13 
8071	39 
8072	41 
8073	54 
8074	12 
8075	7 
8076	39 
8077	52 
8078	24 
8079	50 
8080	42 
8081	34 
8082	51 
8083	5 
8084	26 
8085	9 
8086	3 
8087	39 
8088	11 
8089	52 
8090	51 
8091	16 
8092	23 
8093	3 
8094	24 
8095	26 
8096	7 
8097	44 
8098	34 
8099	2 
8100	29 
8101	3 
8102	39 
8103	27 
8104	54 
8105	54 
8106	4 
8107	29 
8108	30 
8109	31 
8110	2 
8111	27 
8112	11 
8113	42 
8114	19 
8115	53 
8116	35 
8117	51 
8118	51 
8119	3 
8120	53 
8121	50 
8122	12 
8123	11 
8124	31 
8125	43 
8126	15 
8127	52 
8128	44 
8129	10 
8130	36 
8131	23 
8132	33 
8133	25 
8134	52 
8135	28 
8136	4 
8137	31 
8138	44 
8139	24 
8140	49 
8141	21 
8142	26 
8143	44 
8144	38 
8145	29 
8146	28 
8147	46 
8148	42 
8149	15 
8150	9 
8151	20 
8152	24 
8153	11 
8154	14 
8155	46 
8156	3 
8157	10 
8158	35 
8159	53 
8160	54 
8161	34 
8162	50 
8163	3 
8164	40 
8165	8 
8166	54 
8167	9 
8168	4 
8169	40 
8170	47 
8171	41 
8172	7 
8173	7 
8174	28 
8175	25 
8176	2 
8177	2 
8178	25 
8179	17 
8180	39 
8181	33 
8182	31 
8183	20 
8184	53 
8185	45 
8186	7 
8187	46 
8188	27 
8189	39 
8190	6 
8191	2 
8192	38 
8193	45 
8194	3 
8195	54 
8196	52 
8197	28 
8198	51 
8199	34 
8200	20 
8201	34 
8202	51 
8203	5 
8204	13 
8205	35 
8206	27 
8207	40 
8208	19 
8209	47 
8210	3 
8211	25 
8212	41 
8213	24 
8214	53 
8215	54 
8216	29 
8217	29 
8218	53 
8219	2 
8220	9 
8221	51 
8222	54 
8223	48 
8224	3 
8225	48 
8226	51 
8227	3 
8228	8 
8229	20 
8230	14 
8231	17 
8232	39 
8233	22 
8234	29 
8235	9 
8236	4 
8237	14 
8238	27 
8239	28 
8240	27 
8241	40 
8242	22 
8243	19 
8244	11 
8245	54 
8246	33 
8247	41 
8248	36 
8249	3 
8250	32 
8251	29 
8252	52 
8253	53 
8254	53 
8255	41 
8256	4 
8257	12 
8258	13 
8259	3 
8260	23 
8261	8 
8262	23 
8263	35 
8264	11 
8265	25 
8266	23 
8267	26 
8268	26 
8269	4 
8270	42 
8271	53 
8272	22 
8273	27 
8274	24 
8275	53 
8276	39 
8277	14 
8278	28 
8279	13 
8280	11 
8281	18 
8282	51 
8283	12 
8284	5 
8285	34 
8286	20 
8287	25 
8288	2 
8289	17 
8290	21 
8291	39 
8292	20 
8293	5 
8294	6 
8295	19 
8296	3 
8297	29 
8298	27 
8299	38 
8300	11 
8301	24 
8302	41 
8303	12 
8304	19 
8305	41 
8306	43 
8307	9 
8308	20 
8309	31 
8310	5 
8311	17 
8312	15 
8313	53 
8314	1 
8315	15 
8316	2 
8317	4 
8318	18 
8319	17 
8320	24 
8321	24 
8322	20 
8323	32 
8324	42 
8325	6 
8326	21 
8327	23 
8328	31 
8329	51 
8330	53 
8331	6 
8332	45 
8333	24 
8334	41 
8335	17 
8336	51 
8337	45 
8338	50 
8339	32 
8340	27 
8341	39 
8342	52 
8343	51 
8344	41 
8345	27 
8346	50 
8347	25 
8348	37 
8349	29 
8350	39 
8351	5 
8352	44 
8353	42 
8354	36 
8355	21 
8356	42 
8357	52 
8358	41 
8359	48 
8360	27 
8361	28 
8362	7 
8363	22 
8364	8 
8365	12 
8366	25 
8367	26 
8368	2 
8369	34 
8370	25 
8371	7 
8372	1 
8373	36 
8374	15 
8375	42 
8376	20 
8377	11 
8378	29 
8379	7 
8380	45 
8381	30 
8382	49 
8383	46 
8384	37 
8385	54 
8386	21 
8387	26 
8388	8 
8389	36 
8390	20 
8391	21 
8392	1 
8393	46 
8394	4 
8395	39 
8396	35 
8397	22 
8398	20 
8399	54 
8400	26 
8401	21 
8402	2 
8403	45 
8404	24 
8405	14 
8406	47 
8407	54 
8408	3 
8409	52 
8410	35 
8411	50 
8412	19 
8413	41 
8414	54 
8415	41 
8416	13 
8417	10 
8418	39 
8419	23 
8420	31 
8421	6 
8422	35 
8423	30 
8424	3 
8425	54 
8426	43 
8427	48 
8428	14 
8429	39 
8430	31 
8431	15 
8432	46 
8433	31 
8434	18 
8435	24 
8436	3 
8437	39 
8438	35 
8439	46 
8440	31 
8441	37 
8442	4 
8443	11 
8444	16 
8445	44 
8446	33 
8447	40 
8448	39 
8449	4 
8450	3 
8451	16 
8452	41 
8453	24 
8454	42 
8455	31 
8456	24 
8457	30 
8458	53 
8459	40 
8460	23 
8461	43 
8462	32 
8463	29 
8464	47 
8465	1 
8466	7 
8467	47 
8468	48 
8469	39 
8470	20 
8471	49 
8472	39 
8473	50 
8474	43 
8475	9 
8476	19 
8477	4 
8478	5 
8479	13 
8480	9 
8481	20 
8482	30 
8483	52 
8484	49 
8485	23 
8486	20 
8487	19 
8488	5 
8489	6 
8490	28 
8491	1 
8492	46 
8493	17 
8494	52 
8495	43 
8496	16 
8497	1 
8498	3 
8499	51 
8500	4 
8501	48 
8502	51 
8503	22 
8504	20 
8505	19 
8506	18 
8507	40 
8508	30 
8509	5 
8510	54 
8511	3 
8512	4 
8513	38 
8514	36 
8515	29 
8516	10 
8517	20 
8518	2 
8519	3 
8520	15 
8521	28 
8522	24 
8523	14 
8524	20 
8525	48 
8526	13 
8527	42 
8528	39 
8529	45 
8530	21 
8531	17 
8532	43 
8533	31 
8534	52 
8535	4 
8536	47 
8537	10 
8538	10 
8539	42 
8540	4 
8541	1 
8542	33 
8543	54 
8544	40 
8545	45 
8546	46 
8547	46 
8548	33 
8549	35 
8550	27 
8551	13 
8552	19 
8553	41 
8554	40 
8555	14 
8556	6 
8557	27 
8558	9 
8559	21 
8560	23 
8561	13 
8562	34 
8563	3 
8564	34 
8565	13 
8566	49 
8567	45 
8568	3 
8569	20 
8570	39 
8571	48 
8572	10 
8573	20 
8574	48 
8575	25 
8576	35 
8577	51 
8578	18 
8579	28 
8580	8 
8581	37 
8582	8 
8583	54 
8584	29 
8585	45 
8586	29 
8587	44 
8588	4 
8589	37 
8590	50 
8591	45 
8592	28 
8593	53 
8594	30 
8595	9 
8596	46 
8597	8 
8598	23 
8599	49 
8600	40 
8601	4 
8602	2 
8603	20 
8604	24 
8605	27 
8606	9 
8607	4 
8608	12 
8609	34 
8610	26 
8611	1 
8612	32 
8613	18 
8614	32 
8615	28 
8616	52 
8617	25 
8618	38 
8619	22 
8620	39 
8621	21 
8622	20 
8623	4 
8624	48 
8625	9 
8626	44 
8627	14 
8628	47 
8629	7 
8630	25 
8631	31 
8632	49 
8633	34 
8634	38 
8635	5 
8636	54 
8637	53 
8638	53 
8639	18 
8640	20 
8641	24 
8642	44 
8643	5 
8644	16 
8645	53 
8646	4 
8647	50 
8648	52 
8649	33 
8650	35 
8651	27 
8652	1 
8653	9 
8654	36 
8655	20 
8656	45 
8657	13 
8658	2 
8659	36 
8660	34 
8661	7 
8662	46 
8663	45 
8664	11 
8665	21 
8666	51 
8667	11 
8668	48 
8669	30 
8670	44 
8671	40 
8672	23 
8673	32 
8674	45 
8675	38 
8676	32 
8677	28 
8678	1 
8679	9 
8680	22 
8681	31 
8682	23 
8683	12 
8684	41 
8685	45 
8686	28 
8687	50 
8688	36 
8689	30 
8690	45 
8691	34 
8692	3 
8693	23 
8694	50 
8695	20 
8696	3 
8697	24 
8698	6 
8699	11 
8700	14 
8701	42 
8702	37 
8703	2 
8704	31 
8705	2 
8706	35 
8707	45 
8708	7 
8709	34 
8710	17 
8711	20 
8712	28 
8713	12 
8714	32 
8715	52 
8716	53 
8717	48 
8718	44 
8719	37 
8720	51 
8721	29 
8722	30 
8723	25 
8724	51 
8725	49 
8726	49 
8727	31 
8728	53 
8729	22 
8730	46 
8731	45 
8732	7 
8733	22 
8734	25 
8735	2 
8736	40 
8737	13 
8738	5 
8739	26 
8740	4 
8741	45 
8742	27 
8743	53 
8744	46 
8745	38 
8746	31 
8747	34 
8748	41 
8749	27 
8750	45 
8751	7 
8752	25 
8753	20 
8754	52 
8755	36 
8756	43 
8757	35 
8758	39 
8759	27 
8760	19 
8761	28 
8762	48 
8763	46 
8764	51 
8765	54 
8766	24 
8767	42 
8768	53 
8769	3 
8770	8 
8771	34 
8772	29 
8773	29 
8774	39 
8775	16 
8776	36 
8777	32 
8778	27 
8779	6 
8780	35 
8781	50 
8782	27 
8783	33 
8784	36 
8785	41 
8786	45 
8787	49 
8788	30 
8789	29 
8790	13 
8791	2 
8792	51 
8793	24 
8794	52 
8795	44 
8796	50 
8797	28 
8798	6 
8799	51 
8800	42 
8801	27 
8802	20 
8803	34 
8804	41 
8805	1 
8806	3 
8807	45 
8808	15 
8809	53 
8810	54 
8811	21 
8812	6 
8813	39 
8814	25 
8815	7 
8816	53 
8817	40 
8818	21 
8819	53 
8820	25 
8821	53 
8822	38 
8823	22 
8824	39 
8825	4 
8826	45 
8827	26 
8828	28 
8829	25 
8830	3 
8831	49 
8832	23 
8833	43 
8834	14 
8835	17 
8836	2 
8837	2 
8838	49 
8839	45 
8840	34 
8841	24 
8842	21 
8843	48 
8844	46 
8845	25 
8846	22 
8847	54 
8848	48 
8849	39 
8850	35 
8851	30 
8852	20 
8853	34 
8854	37 
8855	34 
8856	9 
8857	11 
8858	12 
8859	5 
8860	35 
8861	40 
8862	30 
8863	13 
8864	1 
8865	42 
8866	17 
8867	19 
8868	40 
8869	3 
8870	25 
8871	24 
8872	52 
8873	35 
8874	46 
8875	29 
8876	11 
8877	46 
8878	12 
8879	50 
8880	10 
8881	45 
8882	11 
8883	1 
8884	23 
8885	4 
8886	3 
8887	53 
8888	13 
8889	39 
8890	5 
8891	8 
8892	2 
8893	47 
8894	27 
8895	7 
8896	40 
8897	32 
8898	11 
8899	50 
8900	20 
8901	23 
8902	20 
8903	53 
8904	35 
8905	18 
8906	28 
8907	50 
8908	1 
8909	36 
8910	9 
8911	4 
8912	54 
8913	21 
8914	36 
8915	32 
8916	49 
8917	35 
8918	46 
8919	19 
8920	9 
8921	18 
8922	27 
8923	17 
8924	28 
8925	45 
8926	50 
8927	26 
8928	39 
8929	53 
8930	17 
8931	3 
8932	36 
8933	8 
8934	23 
8935	42 
8936	2 
8937	52 
8938	23 
8939	28 
8940	21 
8941	32 
8942	4 
8943	46 
8944	52 
8945	19 
8946	30 
8947	35 
8948	24 
8949	31 
8950	45 
8951	41 
8952	51 
8953	23 
8954	16 
8955	20 
8956	9 
8957	34 
8958	8 
8959	44 
8960	18 
8961	18 
8962	39 
8963	42 
8964	2 
8965	52 
8966	42 
8967	40 
8968	41 
8969	39 
8970	50 
8971	6 
8972	42 
8973	33 
8974	31 
8975	36 
8976	49 
8977	39 
8978	27 
8979	53 
8980	53 
8981	26 
8982	34 
8983	33 
8984	46 
8985	38 
8986	40 
8987	11 
8988	36 
8989	23 
8990	51 
8991	21 
8992	38 
8993	18 
8994	2 
8995	1 
8996	36 
8997	40 
8998	54 
8999	19 
9000	14 
9001	14 
9002	36 
9003	4 
9004	40 
9005	21 
9006	46 
9007	20 
9008	39 
9009	46 
9010	5 
9011	52 
9012	18 
9013	1 
9014	19 
9015	32 
9016	45 
9017	52 
9018	3 
9019	18 
9020	27 
9021	45 
9022	22 
9023	24 
9024	19 
9025	38 
9026	25 
9027	15 
9028	5 
9029	24 
9030	12 
9031	19 
9032	12 
9033	34 
9034	42 
9035	37 
9036	53 
9037	2 
9038	14 
9039	2 
9040	52 
9041	17 
9042	20 
9043	34 
9044	6 
9045	4 
9046	3 
9047	26 
9048	30 
9049	39 
9050	27 
9051	19 
9052	38 
9053	45 
9054	28 
9055	40 
9056	41 
9057	29 
9058	36 
9059	45 
9060	7 
9061	52 
9062	46 
9063	13 
9064	8 
9065	13 
9066	31 
9067	45 
9068	31 
9069	19 
9070	5 
9071	19 
9072	19 
9073	22 
9074	44 
9075	20 
9076	23 
9077	46 
9078	19 
9079	39 
9080	51 
9081	14 
9082	24 
9083	45 
9084	23 
9085	27 
9086	38 
9087	7 
9088	4 
9089	50 
9090	21 
9091	11 
9092	22 
9093	25 
9094	38 
9095	16 
9096	33 
9097	30 
9098	30 
9099	51 
9100	24 
9101	6 
9102	34 
9103	17 
9104	13 
9105	18 
9106	51 
9107	16 
9108	5 
9109	34 
9110	1 
9111	21 
9112	39 
9113	19 
9114	9 
9115	15 
9116	41 
9117	54 
9118	46 
9119	33 
9120	6 
9121	31 
9122	52 
9123	19 
9124	14 
9125	46 
9126	29 
9127	50 
9128	21 
9129	5 
9130	12 
9131	30 
9132	51 
9133	2 
9134	24 
9135	39 
9136	27 
9137	27 
9138	6 
9139	53 
9140	27 
9141	30 
9142	32 
9143	26 
9144	10 
9145	2 
9146	7 
9147	32 
9148	15 
9149	5 
9150	30 
9151	38 
9152	40 
9153	29 
9154	40 
9155	34 
9156	22 
9157	34 
9158	52 
9159	5 
9160	41 
9161	53 
9162	19 
9163	41 
9164	40 
9165	23 
9166	40 
9167	26 
9168	10 
9169	53 
9170	3 
9171	53 
9172	54 
9173	4 
9174	13 
9175	35 
9176	41 
9177	46 
9178	13 
9179	52 
9180	12 
9181	26 
9182	17 
9183	40 
9184	29 
9185	2 
9186	48 
9187	44 
9188	23 
9189	3 
9190	50 
9191	16 
9192	34 
9193	49 
9194	45 
9195	13 
9196	36 
9197	39 
9198	33 
9199	19 
9200	26 
9201	21 
9202	29 
9203	41 
9204	13 
9205	1 
9206	19 
9207	19 
9208	42 
9209	4 
9210	19 
9211	51 
9212	46 
9213	36 
9214	34 
9215	7 
9216	4 
9217	30 
9218	12 
9219	2 
9220	15 
9221	23 
9222	16 
9223	36 
9224	37 
9225	35 
9226	50 
9227	22 
9228	53 
9229	37 
9230	52 
9231	27 
9232	41 
9233	40 
9234	33 
9235	13 
9236	46 
9237	8 
9238	19 
9239	30 
9240	28 
9241	48 
9242	48 
9243	8 
9244	54 
9245	5 
9246	41 
9247	46 
9248	4 
9249	50 
9250	4 
9251	19 
9252	37 
9253	44 
9254	19 
9255	30 
9256	6 
9257	22 
9258	21 
9259	10 
9260	22 
9261	50 
9262	36 
9263	14 
9264	52 
9265	39 
9266	33 
9267	15 
9268	12 
9269	53 
9270	12 
9271	5 
9272	47 
9273	19 
9274	54 
9275	22 
9276	45 
9277	50 
9278	26 
9279	52 
9280	30 
9281	9 
9282	32 
9283	13 
9284	34 
9285	19 
9286	4 
9287	37 
9288	6 
9289	9 
9290	22 
9291	25 
9292	4 
9293	35 
9294	4 
9295	46 
9296	24 
9297	22 
9298	45 
9299	15 
9300	13 
9301	21 
9302	17 
9303	36 
9304	51 
9305	25 
9306	22 
9307	10 
9308	9 
9309	42 
9310	4 
9311	30 
9312	52 
9313	21 
9314	20 
9315	22 
9316	46 
9317	12 
9318	21 
9319	19 
9320	54 
9321	15 
9322	32 
9323	54 
9324	50 
9325	13 
9326	47 
9327	20 
9328	54 
9329	17 
9330	27 
9331	24 
9332	40 
9333	23 
9334	24 
9335	11 
9336	48 
9337	54 
9338	45 
9339	52 
9340	32 
9341	37 
9342	40 
9343	30 
9344	27 
9345	11 
9346	31 
9347	36 
9348	50 
9349	15 
9350	30 
9351	3 
9352	4 
9353	29 
9354	20 
9355	36 
9356	26 
9357	20 
9358	53 
9359	10 
9360	19 
9361	10 
9362	16 
9363	10 
9364	37 
9365	43 
9366	51 
9367	45 
9368	46 
9369	51 
9370	4 
9371	4 
9372	41 
9373	3 
9374	36 
9375	43 
9376	34 
9377	40 
9378	29 
9379	50 
9380	17 
9381	9 
9382	4 
9383	41 
9384	13 
9385	22 
9386	1 
9387	6 
9388	4 
9389	36 
9390	35 
9391	9 
9392	41 
9393	44 
9394	19 
9395	21 
9396	18 
9397	37 
9398	33 
9399	44 
9400	11 
9401	34 
9402	42 
9403	4 
9404	13 
9405	19 
9406	10 
9407	20 
9408	44 
9409	7 
9410	21 
9411	37 
9412	20 
9413	35 
9414	52 
9415	35 
9416	54 
9417	7 
9418	4 
9419	34 
9420	41 
9421	35 
9422	10 
9423	36 
9424	50 
9425	9 
9426	35 
9427	25 
9428	27 
9429	7 
9430	15 
9431	42 
9432	51 
9433	5 
9434	19 
9435	43 
9436	36 
9437	8 
9438	31 
9439	20 
9440	24 
9441	38 
9442	36 
9443	31 
9444	4 
9445	46 
9446	30 
9447	20 
9448	1 
9449	3 
9450	9 
9451	28 
9452	23 
9453	42 
9454	50 
9455	2 
9456	36 
9457	46 
9458	39 
9459	24 
9460	17 
9461	13 
9462	42 
9463	5 
9464	19 
9465	31 
9466	33 
9467	2 
9468	28 
9469	24 
9470	14 
9471	45 
9472	25 
9473	48 
9474	53 
9475	3 
9476	29 
9477	9 
9478	36 
9479	51 
9480	26 
9481	18 
9482	36 
9483	8 
9484	28 
9485	15 
9486	13 
9487	44 
9488	33 
9489	45 
9490	7 
9491	41 
9492	22 
9493	5 
9494	48 
9495	35 
9496	14 
9497	35 
9498	14 
9499	52 
9500	11 
9501	28 
9502	39 
9503	52 
9504	52 
9505	50 
9506	17 
9507	21 
9508	6 
9509	46 
9510	3 
9511	21 
9512	14 
9513	32 
9514	42 
9515	50 
9516	20 
9517	46 
9518	30 
9519	31 
9520	15 
9521	40 
9522	47 
9523	22 
9524	2 
9525	31 
9526	49 
9527	43 
9528	17 
9529	43 
9530	25 
9531	10 
9532	13 
9533	34 
9534	15 
9535	24 
9536	6 
9537	52 
9538	4 
9539	49 
9540	19 
9541	35 
9542	25 
9543	53 
9544	23 
9545	36 
9546	49 
9547	39 
9548	44 
9549	40 
9550	2 
9551	31 
9552	22 
9553	45 
9554	36 
9555	54 
9556	46 
9557	34 
9558	36 
9559	29 
9560	44 
9561	34 
9562	34 
9563	23 
9564	17 
9565	44 
9566	54 
9567	20 
9568	54 
9569	4 
9570	20 
9571	24 
9572	13 
9573	34 
9574	2 
9575	52 
9576	8 
9577	30 
9578	20 
9579	41 
9580	3 
9581	17 
9582	32 
9583	24 
9584	41 
9585	25 
9586	2 
9587	35 
9588	9 
9589	54 
9590	7 
9591	40 
9592	19 
9593	52 
9594	18 
9595	41 
9596	3 
9597	7 
9598	21 
9599	33 
9600	21 
9601	9 
9602	34 
9603	17 
9604	50 
9605	53 
9606	3 
9607	12 
9608	51 
9609	36 
9610	48 
9611	24 
9612	16 
9613	23 
9614	28 
9615	2 
9616	13 
9617	16 
9618	14 
9619	23 
9620	7 
9621	28 
9622	3 
9623	45 
9624	23 
9625	32 
9626	21 
9627	4 
9628	24 
9629	45 
9630	35 
9631	40 
9632	3 
9633	4 
9634	18 
9635	30 
9636	17 
9637	7 
9638	47 
9639	34 
9640	44 
9641	42 
9642	20 
9643	11 
9644	51 
9645	53 
9646	30 
9647	15 
9648	33 
9649	51 
9650	51 
9651	48 
9652	12 
9653	41 
9654	3 
9655	31 
9656	46 
9657	20 
9658	16 
9659	51 
9660	24 
9661	45 
9662	20 
9663	43 
9664	31 
9665	39 
9666	22 
9667	39 
9668	18 
9669	17 
9670	6 
9671	10 
9672	41 
9673	45 
9674	4 
9675	48 
9676	45 
9677	46 
9678	20 
9679	24 
9680	53 
9681	42 
9682	18 
9683	24 
9684	52 
9685	49 
9686	19 
9687	53 
9688	36 
9689	45 
9690	26 
9691	32 
9692	25 
9693	41 
9694	14 
9695	2 
9696	21 
9697	37 
9698	46 
9699	26 
9700	16 
9701	53 
9702	11 
9703	26 
9704	16 
9705	23 
9706	44 
9707	50 
9708	15 
9709	36 
9710	37 
9711	46 
9712	31 
9713	36 
9714	23 
9715	4 
9716	29 
9717	32 
9718	21 
9719	45 
9720	52 
9721	33 
9722	21 
9723	54 
9724	4 
9725	11 
9726	37 
9727	37 
9728	41 
9729	39 
9730	21 
9731	26 
9732	2 
9733	2 
9734	16 
9735	34 
9736	30 
9737	51 
9738	13 
9739	26 
9740	26 
9741	6 
9742	36 
9743	37 
9744	4 
9745	47 
9746	23 
9747	3 
9748	17 
9749	26 
9750	34 
9751	9 
9752	31 
9753	51 
9754	9 
9755	2 
9756	39 
9757	54 
9758	35 
9759	24 
9760	41 
9761	23 
9762	50 
9763	19 
9764	48 
9765	14 
9766	45 
9767	8 
9768	36 
9769	37 
9770	4 
9771	5 
9772	41 
9773	40 
9774	31 
9775	20 
9776	34 
9777	12 
9778	9 
9779	39 
9780	24 
9781	21 
9782	29 
9783	4 
9784	46 
9785	33 
9786	12 
9787	22 
9788	21 
9789	20 
9790	24 
9791	17 
9792	19 
9793	48 
9794	16 
9795	45 
9796	7 
9797	6 
9798	46 
9799	54 
9800	6 
9801	47 
9802	13 
9803	3 
9804	3 
9805	15 
9806	44 
9807	1 
9808	23 
9809	24 
9810	19 
9811	54 
9812	15 
9813	28 
9814	9 
9815	7 
9816	53 
9817	4 
9818	33 
9819	34 
9820	51 
9821	11 
9822	4 
9823	32 
9824	31 
9825	45 
9826	7 
9827	19 
9828	45 
9829	13 
9830	49 
9831	20 
9832	21 
9833	39 
9834	43 
9835	54 
9836	20 
9837	39 
9838	27 
9839	43 
9840	21 
9841	23 
9842	31 
9843	33 
9844	42 
9845	41 
9846	20 
9847	30 
9848	53 
9849	50 
9850	15 
9851	38 
9852	31 
9853	11 
9854	6 
9855	4 
9856	12 
9857	4 
9858	30 
9859	22 
9860	10 
9861	13 
9862	4 
9863	7 
9864	12 
9865	34 
9866	40 
9867	2 
9868	38 
9869	28 
9870	52 
9871	25 
9872	7 
9873	21 
9874	19 
9875	11 
9876	24 
9877	44 
9878	44 
9879	24 
9880	19 
9881	31 
9882	27 
9883	53 
9884	26 
9885	52 
9886	17 
9887	24 
9888	13 
9889	44 
9890	7 
9891	3 
9892	19 
9893	30 
9894	11 
9895	3 
9896	36 
9897	4 
9898	47 
9899	30 
9900	36 
9901	40 
9902	10 
9903	13 
9904	52 
9905	4 
9906	34 
9907	13 
9908	11 
9909	30 
9910	43 
9911	37 
9912	29 
9913	21 
9914	41 
9915	51 
9916	23 
9917	33 
9918	9 
9919	2 
9920	33 
9921	43 
9922	21 
9923	30 
9924	18 
9925	19 
9926	27 
9927	3 
9928	18 
9929	45 
9930	44 
9931	28 
9932	16 
9933	25 
9934	21 
9935	29 
9936	39 
9937	34 
9938	48 
9939	20 
9940	39 
9941	35 
9942	16 
9943	40 
9944	1 
9945	49 
9946	42 
9947	35 
9948	39 
9949	24 
9950	30 
9951	2 
9952	28 
9953	38 
9954	31 
9955	8 
9956	46 
9957	50 
9958	49 
9959	5 
9960	51 
9961	23 
9962	17 
9963	47 
9964	4 
9965	35 
9966	31 
9967	52 
9968	32 
9969	32 
9970	15 
9971	45 
9972	26 
9973	11 
9974	2 
9975	7 
9976	36 
9977	7 
9978	4 
9979	40 
9980	28 
9981	14 
9982	22 
9983	53 
9984	27 
9985	19 
9986	23 
9987	46 
9988	5 
9989	16 
9990	39 
9991	20 
9992	4 
9993	3 
9994	1 
9995	21 
9996	15 
9997	37 
9998	8 
9999	32 
10000	46 
