2 -0.652669279877 0.208564462407 175 25 5.71428571429

2 -0.638260434468 0.219157364639 120 48 8.33333333333

3 -0.619902952821 0.228573125805 104 51 9.61538461538

3 -0.62415971567 0.231768215011 86 82 11.6279069767

3 -0.595898455651 0.23671312794 97 151 10.3092783505

4 -0.532360019125 0.220219109594 121 320 8.26446280992

4 0.015357995844 0.0055155133327 3 992 333.333333333

0 0.0228011173037 0 1 1000 1000.0

0 0.0237400893396 0 1 1000 1000.0

1 0.0239161717024 0 1 1000 1000.0

1 0.0253099794684 0 1 1000 1000.0

1 0.0241681826859 0 1 1000 1000.0

1 0.0249369309569 0 1 1000 1000.0

1 0.0250983844071 0 1 1000 1000.0

1 0.0243857703098 0 1 1000 1000.0

1 0.0220309863082 0 1 1000 1000.0

1 0.0246193873464 0 1 1000 1000.0

1 0.02303968638 0 1 1000 1000.0

1 0.0207947195563 0 1 1000 1000.0

1 0.023171971209 0 1 1000 1000.0

