0 0.717857818467 0.877551535958 92 24 10.8695652174

0 0.447986095146 0.826751382459 58 83 17.2413793103

0 0.398943353061 0.822501918959 45 118 22.2222222222

0 0.406643045084 0.791336587552 44 120 22.7272727273

0 0.473713941562 0.813721305986 33 126 30.303030303

0 0.505833405256 0.805536704675 29 163 34.4827586207

0 0.455531011077 0.794512163359 24 170 41.6666666667

0 0.44876533253 0.792152412617 22 170 45.4545454545

0 0.465128284147 0.792569397534 20 173 50.0

0 0.480909043588 0.806252735475 18 170 55.5555555556

0 0.496626137425 0.803664219978 18 176 55.5555555556

0 0.489725736016 0.797930962682 17 173 58.8235294118

0 0.470803488883 0.789724753116 16 169 62.5

0 0.451505757267 0.780362268527 15 154 66.6666666667

0 0.441681427555 0.774377875042 15 185 66.6666666667

0 0.45188690206 0.756656158212 14 212 71.4285714286

0 0.481015513318 0.753220931591 13 233 76.9230769231

1 0.41464872178 0.747839210345 12 203 83.3333333333

0 0.435738326994 0.74488600729 12 220 83.3333333333

0 0.427395474662 0.732758899125 11 222 90.9090909091

