1, 30, 102, 218, 544, 631, 638, 654, 783, 799, 820, 994, 3, 98, 129, 224, 269, 340, 696, 711, 105, 551, 367, 777, 290
632, 9, 136, 355, 400, 441, 448, 786, 826, 829, 949, 950, 915, 45, 422, 446, 644, 685, 706, 762, 822, 123, 501, 589, 677, 699, 784, 470, 856, 919, 440, 192, 378, 497, 609, 744, 331, 410, 514, 703, 438
2, 14, 88, 90, 99, 151, 157, 164, 168, 170, 202, 308
198, 989, 21, 52, 158, 237, 283, 327, 363, 506, 539, 599, 662, 794, 33, 223, 335, 543, 608, 618, 810, 866, 979, 249, 333, 361, 659, 785, 897, 952, 988, 109, 127, 827, 119, 232, 483, 542, 616, 416, 656, 896, 937, 645, 903, 450, 206, 371, 330
814, 60, 244, 443, 534, 537, 538, 588, 598, 688, 767, 904, 83, 93, 322, 682, 729, 848, 900, 999, 473, 601, 698, 935, 178, 990, 215, 457, 318, 402
4, 225, 233, 258, 351, 382, 418, 426, 524, 564, 593, 624, 70, 179, 437
838, 26, 29, 48, 162, 358, 465, 587, 683, 717, 788, 914, 981, 182, 263, 471, 496, 532, 611, 669, 763, 873, 512, 697, 778, 861, 969, 980, 199, 776, 207, 260, 523, 705, 663, 464, 354, 548, 874, 364
5, 61, 89, 104, 201, 239, 549, 715, 825, 934, 946, 985, 468, 155, 357, 475, 584, 633, 925, 939, 995, 69, 336, 557, 724, 713, 815, 921, 959, 154, 323, 517
622, 411, 807, 160, 834, 49, 66, 148, 761, 817, 846, 890, 960, 966, 971, 57, 265, 389, 666, 743, 821, 824, 833, 841, 314, 444, 653, 738, 766, 931, 957, 200, 736, 563, 175, 572, 707, 764, 278, 565, 651
6, 169, 203, 247, 279, 337, 455, 478, 595, 852, 883, 972, 81, 191, 231, 377, 531, 607, 208, 174
328, 695, 556, 664, 732, 802, 131, 558, 603, 643, 757, 796, 804, 863, 918, 924, 210, 474, 727, 742, 902, 515, 789, 320, 307, 775, 769, 908, 875, 612, 635
7, 156, 161, 189, 325, 526, 725, 791, 818, 859, 916, 326, 304, 63, 183, 220, 245, 412, 516, 567, 858, 895, 986, 80, 261, 578, 723, 774, 781, 868, 936, 975, 481, 118, 661, 1000, 369, 381, 675, 176, 193, 482, 953, 812, 871
95, 115, 16, 520, 555, 570, 708, 731, 806, 884, 894, 917, 929, 753, 166, 286, 362, 383, 547, 756, 114
8, 171, 284, 332, 490, 511, 637, 795, 872, 893, 944, 948, 53, 620, 20, 139, 319, 348, 489, 493, 627, 712, 740, 996, 405, 35, 36, 219, 250, 292, 571, 853, 194, 344, 546, 636, 92, 259, 276, 297, 329, 359, 251, 836
305, 39, 19, 458, 554, 602, 628, 803, 854, 889, 928, 932, 629, 844, 941, 306, 353, 690, 798, 670, 356
10, 101, 150, 227, 228, 229, 246, 264, 281, 289, 398, 403, 334
594, 15, 94, 252, 324, 350, 375, 453, 484, 639, 671, 672, 217, 316, 365, 167
11, 41, 165, 341, 343, 808, 912, 940, 945, 954, 982, 368, 745, 845, 927, 256, 195, 380, 469
76, 23, 82, 186, 197, 275, 300, 315, 406, 419, 432, 463, 112, 387
739, 13, 385, 510, 597, 691, 747, 754, 864, 877, 888, 54, 84, 502, 561, 626, 748, 163
12, 27, 149, 173, 302, 491, 574, 623, 839, 905, 970, 78, 309, 634, 689, 962, 991, 58, 128, 240, 780, 973, 617, 124, 137, 797, 266, 529, 425
396, 652, 59, 106, 222, 487, 642, 721, 726, 779, 837, 855, 899, 100, 130, 177, 298, 881, 211, 293, 427, 649, 920, 121, 313, 684, 604, 408
196, 230, 886, 967, 50, 144, 479, 499, 552, 667, 680, 792, 926, 930, 976, 96, 592, 681, 741, 831, 947, 974, 576, 528, 648, 835, 505, 352, 700, 722, 317, 800, 519
238, 25, 42, 125, 214, 392, 415, 428, 495, 498, 590, 679, 117, 579, 97, 172, 243
417, 43, 205, 253, 267, 414, 466, 492, 573, 585, 596, 733, 734, 72, 429, 436, 147
535, 51, 600, 673, 714, 755, 760, 805, 842, 850, 862, 913, 964, 73, 188, 303, 665, 746, 187, 272, 522, 801, 891
17, 86, 111, 404, 431, 461, 472, 657, 771, 865, 977, 993, 184, 280, 273, 132, 248, 454, 613, 765, 773, 787, 811, 933, 943, 87, 140, 843, 885, 370, 759, 141, 271, 221
18, 56, 345, 530, 660, 718, 752, 869, 878, 887, 965, 47, 582, 709, 720, 847, 857, 998, 159, 372, 379, 393, 445, 816, 296, 107, 586
735, 22, 91, 312, 391, 433, 655, 686, 809, 828, 909, 968, 64, 110, 459, 540, 591, 678, 692, 730, 242
24, 190, 452, 488, 513, 553, 619, 704, 851, 892, 898, 955, 386, 749, 819, 133, 583, 961, 562, 486, 434
951, 46, 480, 560, 630, 702, 768, 782, 849, 870, 906, 942, 963, 575, 75, 640, 923, 241, 113, 374, 287
143, 435, 38, 108, 390, 421, 467, 658, 676, 719, 793, 813, 85, 234, 525, 716, 255
503, 40, 67, 134, 153, 277, 339, 347, 349, 373, 420, 439, 122, 116
28, 74, 77, 126, 204, 212, 254, 262, 366, 388, 413, 460, 79, 285
395, 31, 34, 185, 301, 508, 605, 646, 758, 860, 876, 983, 135, 294, 610, 687, 830, 997, 321, 346, 401, 533, 447
527, 922, 65, 71, 338, 409, 430, 456, 477, 621, 958, 987, 992, 145, 213, 407, 509, 138, 614, 668, 772, 282, 310
32, 257, 394, 442, 449, 462, 566, 569, 823, 867, 879, 956, 55, 62, 142, 236, 342, 451, 580, 625, 840, 938, 399, 500, 770, 901, 68, 568, 751, 910, 295, 376, 521, 504, 384
152, 44, 146, 216, 288, 423, 507, 536, 581, 674, 882, 978, 181, 274, 299, 606, 650, 728, 984, 545, 750, 209
907, 268, 693, 518, 120, 103, 494, 541, 710, 790, 832, 880, 911, 270, 397, 476, 235, 424
37, 180, 311, 360, 485, 550, 577, 641, 647, 694, 701, 737, 291, 559, 615, 226
