1, 94, 383, 388, 534, 637, 812, 876, 929, 940, 978, 859, 19, 80, 361, 603, 911, 46, 170, 870, 50, 975, 116, 140, 480, 243, 436
552, 3, 28, 266, 314, 334, 380, 414, 538, 560, 209, 235, 40
837, 663, 845, 638, 70, 842, 345, 506, 561, 604, 840, 885, 888, 925, 999, 434, 79, 360, 490, 779, 821, 850, 899, 846, 231, 348, 438, 699, 718, 408, 302, 807, 986, 415, 721, 847, 661
2, 91, 198, 405, 803, 813, 855, 908, 923, 996, 11, 14, 160, 619, 642, 898, 137, 333, 439, 16, 139, 486, 287, 535, 77, 206
208, 470, 75, 86, 199, 306, 341, 389, 400, 403, 563, 118, 310
609, 495, 41, 241, 291, 335, 529, 559, 587, 649, 798, 856, 148, 68, 366, 487, 600, 703, 731, 808, 835, 941, 471, 93, 373, 528, 666, 101, 285, 224, 997, 270, 897
878, 32, 244, 602, 92, 200, 343, 413, 505, 547, 633, 877, 969, 35, 612, 639, 646, 753, 922, 715, 766, 74, 114, 273, 566, 672, 828, 960, 259, 575, 914, 392, 193, 493, 394, 887, 412, 736
69, 105, 17, 25, 37, 331, 591, 801, 879, 907, 928, 1000, 216, 468, 507, 631, 972, 398, 630, 780, 843, 263, 260, 149, 425, 593, 141, 308, 515, 297
754, 5, 47, 63, 107, 460, 558, 693, 717, 770, 830, 963, 22, 24, 123, 671, 819, 903, 945, 402, 474, 516, 616, 129, 588, 645, 704, 57, 73, 281, 522, 76, 309, 520, 572, 767
4, 201, 320, 401, 451, 567, 652, 844, 976, 981, 810, 404, 709, 184, 626, 498, 95, 181, 472, 788, 829, 867, 920, 712, 97, 237, 102, 222, 322, 354, 748, 797, 935, 134, 494, 553, 150, 191, 545, 759, 836, 477, 906, 455, 700, 933, 509, 246
568, 6, 23, 202, 238, 264, 518, 613, 710, 772, 796, 799, 9, 410, 596, 629, 632, 890, 916, 10, 45, 205, 452, 678, 777, 816, 974, 173, 188, 667, 811, 934, 697, 36, 440, 985, 724, 722, 59, 551, 956, 110, 154, 606, 245, 590
805, 973, 213, 29, 153, 175, 342, 582, 675, 984, 989, 423, 743, 65, 82, 145, 611, 826, 839, 469, 548, 950, 912, 370
465, 751, 932, 784, 99, 815, 60, 96, 229, 233, 249, 349, 669, 687, 873, 943, 948, 483, 83, 136, 330, 511, 643, 684, 190, 526, 589, 651, 691, 892, 895, 457, 831, 601, 714, 232, 267, 944, 747, 968, 313, 708
230, 42, 254, 329, 369, 585, 665, 676, 861, 993, 994, 720, 755, 393, 340, 466, 527, 698, 396, 761
7, 120, 442, 463, 681, 728, 749, 795, 939, 952, 72, 734, 586, 179, 443, 737, 776, 818, 938, 719, 84, 305, 362, 420, 557, 756, 915, 178, 750, 864, 871, 549, 524, 456, 854, 431, 197, 599, 346, 292, 411
462, 15, 33, 195, 304, 338, 424, 499, 726, 771, 822, 130, 317, 344, 536, 607, 689, 919, 61, 298, 893, 312, 98, 659, 135, 594, 274, 453
8, 217, 316, 446, 540, 543, 644, 690, 880, 910, 958, 218, 530, 485, 27, 365, 371, 421, 428, 579, 739, 454, 889, 896, 78, 234, 385, 679, 778, 902, 802, 904, 597, 112, 277, 542, 508, 655, 161, 617, 171, 186, 492, 182, 660, 979
804, 381, 475, 951, 901, 991, 124, 119, 268, 280, 670, 727, 775, 537, 622, 705, 806, 869, 692, 683, 732, 288
296, 621, 44, 67, 226, 429, 571, 628, 640, 729, 905, 921, 279, 301, 476, 656, 763, 327, 203, 636, 723, 399
580, 481, 55, 144, 156, 255, 286, 324, 525, 555, 664, 71, 89
615, 707, 20, 166, 427, 694, 713, 746, 886, 942, 982, 152, 496, 38, 441, 450, 573, 578, 744, 762, 824, 959, 668, 54, 138, 257, 764, 882, 680, 125, 863, 103, 247, 358, 701, 113, 325, 459, 987, 207, 510, 774, 278, 433, 418, 258
786, 185, 648, 39, 180, 269, 276, 339, 514, 730, 820, 936, 162, 430, 584, 461, 497, 773, 995, 406, 653, 236
894, 13, 159, 294, 359, 533, 688, 696, 789, 875, 965, 970, 165, 143, 458, 650, 674, 752, 374
12, 133, 157, 164, 169, 321, 395, 556, 623, 918, 954, 18, 117, 318, 357, 376, 378, 781, 832, 988, 834, 30, 66, 87, 592, 814, 931, 146, 43, 765, 853, 917, 62, 416, 284, 866
189, 800, 21, 210, 227, 253, 307, 502, 625, 745, 825, 852, 955, 379, 432, 484, 654, 51, 225, 437, 523, 576, 618, 706, 88, 961, 64, 192, 228, 252, 504, 627, 151, 220, 787, 857, 858, 570, 177, 289, 364, 215, 569, 448, 949, 990, 219
740, 783, 49, 126, 265, 282, 293, 356, 695, 862, 868, 81, 221, 352, 848, 501, 100, 332, 565
760, 272, 407, 290, 521, 52, 275, 513, 517, 574, 614, 673, 962, 85, 336, 417, 741, 967, 983, 377, 109, 121, 315, 386, 147
26, 283, 303, 539, 544, 738, 757, 838, 865, 884, 909, 31, 328, 422, 742, 927, 977, 172, 58, 183, 242, 326, 947, 449, 108, 90, 122, 223, 351, 104, 634, 794, 211, 368, 262, 319, 702, 214, 384
605, 782, 503, 608, 531, 891, 823, 271, 872, 791, 196, 372, 851, 964, 966, 473, 647
610, 34, 174, 240, 347, 641, 658, 793, 913, 937, 397, 155, 419, 491, 725, 311, 337, 657
478, 48, 251, 387, 390, 532, 550, 583, 860, 881, 900, 946, 163, 817, 992, 758, 519, 792, 785, 662, 106, 127, 132, 926, 953, 980, 111, 239, 382, 768, 883, 562, 849, 930, 363, 409, 598, 620, 323, 624, 685, 391, 733, 467
248, 53, 250, 256, 295, 435, 500, 554, 686, 833, 841, 546, 167, 447, 187
577, 809, 971, 635, 924, 261, 128, 168, 482, 489, 564, 595, 769, 957, 998, 142, 375, 512, 711, 735, 827, 445, 204, 300, 194, 541, 581, 677, 212, 479, 367
56, 299, 355, 426, 444, 464, 488, 682, 716, 790, 874, 158, 115, 131, 176, 353, 350
