1, 156, 333, 372, 491, 520, 655, 892, 264, 668, 903, 391, 831, 18, 69, 269, 545, 563, 622, 889, 906, 848, 937, 636, 77, 332, 189, 832, 32, 178, 302, 303, 923, 975, 200, 133, 788, 562, 614, 729, 745, 459, 748, 216, 428, 861, 396, 274, 177, 689, 868, 717, 917, 114, 963, 973, 187, 222, 257, 248, 182, 426, 882, 995, 242, 408
552, 3, 94, 228, 349, 376, 877, 997, 4, 129, 508, 534, 556, 570, 886, 749, 13, 73, 583, 741, 920, 962, 506, 254, 960, 551, 504, 862, 25, 345, 350, 539, 571, 764, 422, 493, 766, 596, 666, 42, 52, 313, 490, 688, 753, 701, 106, 819, 677, 144, 163, 874, 54, 130, 472, 432, 881, 76, 984, 434, 542, 970, 492, 218, 857, 186, 364, 559, 898, 123, 369, 243, 466, 513, 912, 147, 306, 836, 933, 769, 405, 464, 327
615, 661, 23, 111, 212, 706, 771, 790, 792, 233, 366, 982, 988, 529, 201, 262, 858, 373, 671, 922, 885, 948, 446, 247, 208, 305
800, 41, 211, 590, 10, 31, 351, 414, 415, 865, 884, 318, 595, 672, 675, 712, 78, 431, 806, 942, 943, 991, 209, 62, 430, 778, 828, 241, 137, 544, 644, 128, 249, 281, 213, 421, 965, 532
852, 758, 63, 489, 170, 964, 276, 528, 838, 589, 818, 284, 680, 51, 525, 617, 743, 909, 731, 558, 569, 240, 624, 709, 598, 83, 647, 744, 235, 125, 533, 618, 936, 844, 575, 785, 220, 275, 246, 299, 238, 317, 371, 481
976, 266, 770, 653, 781, 930, 607, 609, 43, 82, 169, 282, 783, 847, 837, 761, 58, 312, 507, 92, 271, 397, 640, 273
2, 36, 97, 250, 353, 642, 791, 21, 633, 842, 928, 913, 402, 159, 638, 645, 294, 878, 565
113, 453, 808, 22, 66, 85, 260, 367, 707, 821, 473, 322, 908, 145, 600, 55, 404, 495, 760, 60, 188, 427, 649, 950, 116, 310, 509, 734, 100, 134, 863, 149, 379
676, 955, 14, 38, 288, 382, 794, 921, 989, 436, 470, 925, 171, 629, 292, 164, 234, 685, 702, 786, 346, 711, 812, 599, 314, 91, 165, 286, 388, 265, 103, 196, 191, 153, 646, 354, 715, 384, 721
813, 699, 557, 585, 738, 817, 16, 40, 70, 115, 331, 494, 820, 918, 871, 866, 57, 389, 727, 774, 835, 674, 605, 370, 119, 323, 979, 567, 576, 580, 112, 444, 939, 517, 910, 295, 621, 673, 143, 549, 482, 876, 393, 296, 457, 696
846, 957, 198, 289, 687, 17, 392, 467, 573, 613, 992, 869, 210, 851, 168, 802, 807, 48, 184, 537, 497, 251, 80, 864, 904, 907, 161, 843, 608, 141, 413, 320, 916, 410, 756, 762
849, 772, 11, 462, 725, 853, 935, 981, 678, 204, 252, 437
703, 669, 860, 944, 227, 956, 99, 872, 217, 439, 498, 782, 890, 814, 127, 326, 355, 805, 419, 601
915, 486, 793, 574, 12, 280, 309, 456, 879, 561, 15, 117, 441, 627, 670, 752, 980, 780, 438, 530, 521, 488, 526, 56, 328, 582, 681, 716, 789, 87, 239, 654, 229, 261, 104, 383, 484, 809, 560, 293, 946, 987, 603, 199, 447, 641, 777, 934
33, 924, 592, 175, 394, 449, 501, 619, 954, 215, 39, 81, 167, 380, 664, 779, 105, 342, 516, 158, 107, 79, 983, 682, 665, 564, 899, 324
197, 938, 893, 978, 499, 24, 45, 340, 368, 579, 623, 773, 424, 214, 425, 487, 502, 423
523, 747, 19, 311, 602, 739, 775, 824, 90, 587, 300, 142, 206, 451, 270, 230, 375
524, 804, 30, 49, 152, 555, 798, 348, 757, 357, 993, 967, 750, 202, 224, 93, 667, 742, 108, 919, 185, 407
5, 37, 166, 190, 207, 219, 949, 61, 511, 894, 926, 334, 71, 174, 503, 263, 172, 433, 986, 626, 763, 952, 856, 290, 855, 476, 465, 873, 977, 356, 887
88, 221, 751, 740, 223, 719, 337, 543, 259, 850, 173, 162, 279
377, 297, 463, 29, 53, 89, 398, 485, 713, 660, 363, 400, 515, 628, 632, 75, 86, 435, 931, 985, 120, 359, 365, 304, 483, 659, 455
704, 255, 360, 830, 705, 927, 138, 505, 998, 940, 298, 67, 541, 840, 897, 974, 411, 803, 160, 733, 810, 146, 784, 278, 691, 754, 387, 406, 519, 479
6, 225, 226, 232, 578, 735, 765, 527, 341, 417
148, 285, 891, 416, 972, 776, 98, 512, 686, 880, 767, 759, 522
994, 953, 74, 9, 277, 469, 538, 631, 875, 44, 480, 990, 283, 710, 155, 823, 344, 536, 203, 540, 901, 968, 352, 854, 59, 325, 905, 870, 330, 442, 510, 694, 859, 96, 291, 728, 110, 193, 374, 746, 531, 588, 616, 194, 474, 635
7, 72, 122, 399, 554, 726, 958, 606, 361, 693, 679, 308, 460, 714, 888, 827, 656, 652, 95, 139, 594, 845, 183, 999, 787, 101, 586, 597, 657, 801, 591, 272, 826, 650, 947, 440
971, 403, 902, 35, 253, 378, 625, 732, 651, 316, 151, 514, 566, 941, 192
8, 65, 418, 450, 695, 795, 841, 839, 895, 630, 690, 911, 26, 335, 581, 796, 815, 932, 27, 195, 256, 343, 718, 307, 961, 461, 496, 121, 64, 593, 572, 454, 736, 834, 471, 683, 102, 244, 118, 568, 548, 610, 319, 339, 553, 697
358, 546, 245, 443, 698, 996, 46, 132, 205, 535, 518, 722, 611, 648, 181, 347, 929, 267, 945, 723, 420, 708, 231, 478, 126, 131, 468, 867, 959, 336, 362, 268, 154, 176, 550, 315, 258
448, 966, 720, 124, 28, 179, 637, 643, 816, 914, 329, 799, 47, 136, 386, 634, 109
547, 896, 724, 150, 797, 1000, 458, 390, 301, 822, 157, 452, 381
612, 20, 500, 604, 811, 883, 900, 951, 620, 34, 140, 730, 768, 700, 477, 68, 445, 755, 825, 135, 409, 658, 663, 737, 969
833, 50, 338, 395, 412, 429, 639, 84, 385, 401, 180, 577
692, 237, 321, 662, 236, 684, 584, 829, 287, 475
