1
6, 120, 864
39
50, 328, 698, 627, 735, 972, 117, 600, 638
322, 769, 780, 925
367, 971, 798, 712, 142, 253, 518, 207, 438, 365
385, 766
576, 431, 792, 148, 681, 428, 185, 665, 911
633, 719, 153, 866
733, 850, 660
917, 642, 90, 852, 525, 341
980, 258, 484, 537
990
2, 540, 703, 199, 617, 515, 962
403, 471, 197, 599
603, 565, 490, 295, 255, 844, 517
625, 746, 53, 340
669, 895, 320, 772, 854, 249, 621, 504, 968
867, 871, 402
902, 562, 272, 499
966, 215, 155
996, 545, 569, 647, 610
1000, 843, 43, 82, 48, 451, 149, 839, 609, 524, 122, 133
3, 388, 847, 194
66, 452, 641, 28, 222, 931, 619
267
269, 442, 961, 344, 812, 443
277
364, 290, 61, 801, 547, 257, 818, 40, 551, 41, 687, 883, 211, 319, 629, 898, 779
655, 899, 752
658, 423, 631
804, 535, 287, 374, 166, 282
935, 399
957, 57, 85, 409
4, 872, 930, 384
162
224, 169, 661, 778, 954, 510, 789, 574, 362
317, 177
410, 7, 376, 896, 408, 73, 130, 725
493, 119, 810, 838, 298, 969, 824, 605, 343, 427, 350
643, 942, 32
782, 288, 693, 35, 851
823, 680, 312, 586, 200, 246, 564, 511
893, 885
5, 67, 828, 27, 394, 173
38, 924, 114
187
237, 587
299, 152, 985
521, 781, 59, 454, 944, 72, 613
933, 92, 520, 212, 873, 887
967, 406, 794, 309, 264, 444, 274, 457
107, 210, 815, 456, 95, 424, 726
186
313, 739, 677, 413
375, 699, 529, 108, 645, 97, 530, 953, 615, 817, 979, 728
503, 825
722, 93, 302
884, 601
160
268, 956
307, 83, 105, 819, 546
357, 940, 308, 128
437, 123, 855, 727, 225
673, 358, 797, 849, 765
709
959
8, 567, 905
52
100
372
556
670, 943, 595, 869, 711, 404, 465, 441, 816, 334
965, 232, 607, 674
9, 497, 514, 464
81, 994, 822, 492
126, 172
271, 62, 582, 700, 206
553, 835, 391, 528, 842, 992
630, 539, 858
692
955, 675, 447, 596, 989
10, 590, 982, 932, 475, 304, 750, 857, 99, 597, 145, 241
159
198
262
379, 488, 945, 862, 273, 705
460
526, 275
807
11
75, 791, 103, 481, 894, 315
164
168, 738
377, 125, 874, 51, 784, 244, 904, 318, 353
398
418, 775
421, 667
572, 305, 494
786, 228, 664, 359, 112, 240, 189, 938
796, 248, 892, 785, 238, 583
12, 310, 512, 580
98
179, 589, 289
234
434, 666, 542, 554
594
729, 22, 701, 266, 283
13
127
147
196
425, 690
533
713, 316, 749, 297, 656, 946
868, 463
879, 602, 387, 435, 856
890, 928, 383, 880, 755, 473, 704
14, 190, 936, 348, 180, 392, 588
17
559, 640, 77, 555
795, 964
834, 573, 620
15
286
331
369, 715, 877, 259
976, 653, 346, 652, 581, 396
16, 591, 977, 188, 393, 502, 886, 659, 753, 949, 432
33, 790, 714, 417, 919
45
324
623, 793, 900
668, 220
229, 292, 694, 193, 96, 934, 916, 654
303, 242
354, 519, 773, 920, 280, 170, 296
429, 863
18, 604, 993, 741, 566
505
550, 742
671
678, 138, 939, 378, 154, 777, 486
806, 923, 141, 541, 997, 717, 745, 214, 929, 903
19
329
483, 363, 975, 63, 710, 561, 737
516, 865, 326, 830, 846
672, 918, 121
686
947, 146, 651, 800, 368, 501
958, 756, 543, 845, 758, 411
20, 684, 836
217, 111, 129
570
803, 478
21, 44, 682
389
430, 657, 381, 509
531
585, 926
314, 912, 181, 716, 841, 401, 285
23
167
243, 29, 870, 485, 36, 632, 907, 768, 231, 300, 913, 390
500, 26, 55, 558, 732, 163, 998, 254, 139, 974, 336
744
840, 560, 995, 395
978, 771, 351
24
191
426, 649, 622
720, 951, 909, 325, 216, 356, 338
25
256
291
366
575, 988
731, 513, 639
910, 837
109
662, 761, 708, 875
696, 860
999, 239, 563, 814, 144
482
688, 973
723, 496
787
937
952, 908, 614, 462, 495, 522
175, 634, 584
284
419, 878, 897, 963, 380
46, 679, 480, 914, 882, 743, 611
30
131
279
477, 455
508, 498, 337
747, 89, 730, 568, 833, 491
31, 360, 386, 760, 683, 881, 219, 140, 202
472, 552, 532, 734, 339, 764
68, 136, 829, 991, 213, 270, 115, 724, 799, 468
333
445, 813
209
579
960
34, 174
759
832, 470, 412, 644, 927, 301
416, 371, 915, 646, 831
763
461, 352, 578
523
811
37
150
235
448, 60, 718
311
751, 612, 788, 695, 809
820, 950, 487, 534, 226, 414, 527
889, 79, 637
102, 450, 608
124, 571
157
335
342
42, 321, 986, 948, 71, 987, 143, 628, 236, 689, 676, 355, 373
74
218
349, 721, 306
685
276, 263
415, 469, 58, 70, 113, 260
183
876
47
440, 808, 888, 459
49
821, 101, 538, 921
91
767, 134, 476
118, 151, 422
616
707, 347
805
922
84
110
361
549
54, 405
65, 182, 436
158
330, 345
827
56
94, 606, 901, 941, 802, 650, 397
740, 135, 984
64, 544, 848, 87, 770
592, 203, 618
156
370
449
76
201
507, 453
293
762
826
467
663, 221, 981, 757
69
446
86
230, 691
906
132
706
776
261
78
80
420
557
137
250
265
626
697
88
227
774
245
458
506
466
171
104
891
106
635, 783, 598, 439
281
748
176
204
400, 636, 648
116
192, 195
474
853, 983, 278
859, 536, 251
165
548
479
407
327
294
161
970
208
233
702
178
624
184, 382
205
736, 593
489
861, 433
223
323
332
252
247
754
577
