1
125
206
283, 690, 13, 745, 974
421, 271, 713, 651, 448, 636, 165, 930, 96, 927, 652
469, 856, 387, 498
495, 137
726, 4, 655, 602, 612, 798, 620, 210, 477, 377, 875
738
778, 46, 868
839, 843
858, 476, 670, 971
910, 496, 714, 32, 148, 723, 285
2, 433
418
453, 867, 762
456, 566, 908, 977, 698, 522
509, 948, 12, 854, 732, 644
707, 746, 823, 511
722, 373, 114
879, 520, 725
996
3, 413
122
177, 610
208
300, 195, 631, 361, 637
403, 633, 759, 754, 820, 700
506, 997
528
550, 760, 55, 400, 396
711
739, 67, 546, 265, 161, 944, 765, 364
804, 957
205, 236, 85
244
258, 22, 709, 753, 884, 844, 600
557
777, 870, 534
782, 901, 140, 941
862
934, 595, 461, 320, 68, 182, 831, 514
961
5
83
159, 235, 914, 846, 598, 379
220
299
467
818
899, 929, 93, 163, 277
938, 324, 946, 339
964, 594, 994, 507, 136, 116, 757, 992, 624, 841, 850
968
6
284, 834, 679, 692, 192
301
487
499, 733, 608, 995, 447, 392, 315, 274
503, 728, 201, 885, 708, 95, 443
508
809, 80, 797
7, 699, 905, 685, 466
360, 774, 130, 251, 812, 671, 979
393, 796, 989, 583, 212
579, 255, 959
611, 553
735, 322, 470, 972, 489, 416, 363, 890
888, 64, 794, 635, 475
918, 380, 490, 632, 734, 917, 295, 601, 458, 920
921, 877
985, 660
8
100, 485, 17, 132, 56, 94, 606, 500
343
426, 287, 742, 103, 673, 788, 89, 198, 659
607, 736, 527, 821, 204, 544, 988, 442, 982, 279, 243, 147, 857, 494, 898, 768, 556
750, 294, 773, 793, 863, 892, 808
904, 372, 549
943, 219, 482, 886, 349
9
43, 123, 758, 437
327, 691
518
783, 141, 814
784, 781, 106, 674
790, 640, 62, 181, 654, 348
928, 597, 532, 975
987, 543, 563, 861, 183, 334
10, 345, 678
112, 323, 931, 427, 460, 913, 878
217, 755, 865, 190
226, 19, 510, 811, 423, 686, 688
306
584, 942, 792, 239, 173, 828
799, 643, 54, 560, 801
11, 718
79
169, 209
371, 152, 231
512
706
719, 354, 770, 866
743
881, 649, 252, 395
52, 154, 906, 925, 767, 419
98
270, 837, 761, 390
312, 657, 772, 266
615, 105, 328, 889, 59, 838, 180, 335
912, 919, 716, 288, 542
39
350
577
616, 97, 497, 894, 582
731, 999, 621, 164
993, 947, 102
998, 813, 810, 118, 408, 156, 548, 683, 570, 326, 859
14, 622, 787, 26, 933, 969
90
162
222
310
672, 807, 815, 805, 530, 634, 965, 638, 545
822, 574, 115
963
15, 368, 848, 256, 705, 588, 613
341
353, 53, 625, 438
524, 493, 516, 800, 791, 619
949
16, 381, 960, 576
38
91, 110, 604
242, 450, 303, 229
369, 199, 216
128
269
278
591
696, 20, 897, 648, 874, 241
880, 836, 729, 200
958, 149, 82, 296
18
250
406, 872, 675, 835, 771, 464, 986, 337, 196, 981, 645
430
459
561
569
626
802, 280, 650, 425
806, 737
667, 28, 191, 531, 826, 481, 779, 121
744
21, 331, 653
365, 367
452, 33, 92, 647, 712
682
193
840
842, 623, 789, 903, 465, 860, 484
855, 967, 309
23, 207, 513
221, 66
246
517
571, 830, 641, 298
832, 463, 568, 111, 661, 174, 167
895
952, 36, 776
24
245
474, 253, 468, 618, 940
666, 697, 272, 871, 225
923, 401, 417
25, 346, 915, 662, 386, 441, 593, 922, 1000
113
307
480
677
749, 684
795
411
575
27, 184, 314
186
223
529
825, 99, 555
107
305, 572, 852, 446
585
29
142
564
656
694, 586, 864, 954, 681, 104, 896
30
78
228, 724, 876, 185, 695, 179, 646, 816
333
727
980, 293, 658
31
143
194
362
412
883, 536, 629
175, 951, 267, 486, 609, 869
316
752
902
34
332
535
751
833, 429
853
35
249, 127, 227
254
747, 590, 973
924, 248, 70
88
435
916, 639
37
81
146
157
218
336
424
166
273
559, 701, 473, 268, 491, 375, 817
627
887
101
133
145
291
519
911
956
962
40
434, 596
669, 264, 488, 155, 151, 357, 953, 663, 171, 630
41, 48, 383, 58, 126, 689
211
230, 525
845, 829, 86, 526
42
44, 680, 730, 462, 415, 455, 479
72
214
780
45
158
73
428
803, 224
47
262
741, 61, 69
937, 702, 454
939
60
302
313
983, 77, 410
991, 444, 439
49
240, 786, 847, 176, 710, 344, 472
769
50, 721, 909, 945, 414, 599, 84, 432, 260, 431
232, 247, 63, 936, 775
51
628, 614, 693
893
109
882, 144, 984, 552
366
492, 237, 297
504
178
197
286
704
318
329
703
976
57
282
436
676, 445
358
785, 187, 352, 978
471
289
131
304
539
551
505, 263
515
873
65
501
521, 257
523
581, 617, 926, 405
457
394, 87
342
740
71
355
502, 748, 308
819, 687
74
292
356
75
124
76
587
592
540
378
578
580
970
259
950, 827
389
398
409
422
139
990, 966, 402, 153
374
567
388
665
935, 203
189
376
717
108
234
351, 573
120
370
347
849
851
589
119
135
170
138
275
276
449
483
907
764
720
290, 605, 359, 955
715
117
317
756
420
451
565
150
763
233
129
215
537
134
319
554
382
238
399
404
397
385
547
891
538
213
160
603
384
558
900
202
664
168
932
172
668
391
311, 533
338
188
766
325
642
562
541, 440, 407
321
281
330
261
340
824
478
