1	201 
2	51 
3	115 
4	61 
5	139 
6	138 
7	177 
8	106 
9	155 
10	196 
11	65 
12	173 
13	16 
14	141 
15	69 
16	85 
17	121 
18	104 
19	40 
20	155 
21	89 
22	184 
23	87 
24	190 
25	142 
26	56 
27	172 
28	46 
29	183 
30	202 
31	33 
32	124 
33	183 
34	36 
35	194 
36	15 
37	3 
38	3 
39	115 
40	169 
41	82 
42	107 
43	205 
44	83 
45	103 
46	114 
47	175 
48	174 
49	15 
50	94 
51	99 
52	140 
53	131 
54	33 
55	15 
56	11 
57	104 
58	150 
59	93 
60	4 
61	196 
62	53 
63	23 
64	126 
65	150 
66	85 
67	164 
68	47 
69	38 
70	25 
71	16 
72	205 
73	123 
74	71 
75	135 
76	155 
77	115 
78	13 
79	195 
80	63 
81	126 
82	55 
83	206 
84	65 
85	79 
86	157 
87	185 
88	201 
89	139 
90	142 
91	103 
92	42 
93	113 
94	117 
95	110 
96	181 
97	43 
98	53 
99	172 
100	88 
101	206 
102	158 
103	5 
104	55 
105	203 
106	122 
107	158 
108	175 
109	201 
110	121 
111	156 
112	60 
113	166 
114	75 
115	154 
116	34 
117	167 
118	74 
119	67 
120	14 
121	139 
122	193 
123	85 
124	198 
125	122 
126	16 
127	58 
128	5 
129	154 
130	8 
131	168 
132	123 
133	133 
134	96 
135	102 
136	82 
137	141 
138	173 
139	142 
140	100 
141	89 
142	65 
143	186 
144	115 
145	152 
146	15 
147	38 
148	200 
149	56 
150	136 
151	31 
152	171 
153	175 
154	124 
155	122 
156	198 
157	80 
158	149 
159	201 
160	56 
161	109 
162	102 
163	88 
164	131 
165	15 
166	180 
167	18 
168	110 
169	58 
170	182 
171	51 
172	61 
173	56 
174	173 
175	151 
176	129 
177	76 
178	13 
179	192 
180	12 
181	2 
182	21 
183	60 
184	160 
185	106 
186	58 
187	175 
188	81 
189	127 
190	185 
191	55 
192	107 
193	190 
194	58 
195	158 
196	45 
197	137 
198	47 
199	33 
200	71 
201	34 
202	71 
203	30 
204	74 
205	89 
206	19 
207	45 
208	48 
209	80 
210	180 
211	164 
212	28 
213	202 
214	142 
215	71 
216	187 
217	174 
218	144 
219	131 
220	206 
221	38 
222	71 
223	142 
224	117 
225	53 
226	138 
227	174 
228	152 
229	69 
230	10 
231	105 
232	163 
233	18 
234	121 
235	21 
236	201 
237	199 
238	66 
239	83 
240	20 
241	172 
242	33 
243	113 
244	190 
245	113 
246	201 
247	74 
248	166 
249	49 
250	55 
251	80 
252	67 
253	166 
254	149 
255	17 
256	66 
257	206 
258	66 
259	110 
260	100 
261	103 
262	132 
263	141 
264	51 
265	191 
266	2 
267	136 
268	68 
269	131 
270	117 
271	135 
272	17 
273	99 
274	166 
275	52 
276	154 
277	194 
278	71 
279	115 
280	20 
281	169 
282	100 
283	122 
284	103 
285	7 
286	180 
287	161 
288	28 
289	175 
290	85 
291	147 
292	195 
293	136 
294	150 
295	21 
296	84 
297	157 
298	127 
299	90 
300	21 
301	125 
302	142 
303	72 
304	115 
305	116 
306	24 
307	63 
308	48 
309	132 
310	131 
311	60 
312	112 
313	64 
314	78 
315	50 
316	179 
317	106 
318	88 
319	193 
320	49 
321	71 
322	162 
323	81 
324	168 
325	146 
326	163 
327	15 
328	132 
329	176 
330	55 
331	198 
332	158 
333	24 
334	80 
335	121 
336	150 
337	24 
338	13 
339	198 
340	58 
341	133 
342	1 
343	64 
344	109 
345	1 
346	31 
347	202 
348	201 
349	151 
350	126 
351	102 
352	185 
353	51 
354	24 
355	59 
356	10 
357	64 
358	21 
359	150 
360	122 
361	116 
362	44 
363	197 
364	199 
365	166 
366	64 
367	81 
368	11 
369	125 
370	67 
371	195 
372	151 
373	198 
374	46 
375	53 
376	159 
377	186 
378	107 
379	78 
380	157 
381	173 
382	102 
383	83 
384	153 
385	118 
386	136 
387	2 
388	12 
389	177 
390	136 
391	38 
392	186 
393	37 
394	55 
395	129 
396	58 
397	202 
398	53 
399	172 
400	34 
401	139 
402	192 
403	171 
404	202 
405	16 
406	159 
407	17 
408	8 
409	38 
410	9 
411	205 
412	92 
413	185 
414	182 
415	90 
416	43 
417	4 
418	172 
419	33 
420	205 
421	185 
422	136 
423	48 
424	56 
425	71 
426	101 
427	206 
428	28 
429	147 
430	50 
431	132 
432	45 
433	24 
434	35 
435	115 
436	187 
437	175 
438	180 
439	201 
440	14 
441	139 
442	199 
443	32 
444	160 
445	135 
446	52 
447	45 
448	172 
449	140 
450	21 
451	45 
452	159 
453	123 
454	83 
455	22 
456	138 
457	85 
458	85 
459	74 
460	66 
461	88 
462	51 
463	52 
464	160 
465	57 
466	6 
467	181 
468	82 
469	113 
470	205 
471	72 
472	166 
473	23 
474	115 
475	29 
476	6 
477	126 
478	129 
479	167 
480	121 
481	166 
482	27 
483	35 
484	124 
485	184 
486	117 
487	152 
488	182 
489	200 
490	58 
491	75 
492	112 
493	43 
494	21 
495	114 
496	104 
497	150 
498	146 
499	67 
500	21 
501	167 
502	110 
503	125 
504	189 
505	181 
506	21 
507	104 
508	102 
509	59 
510	175 
511	75 
512	155 
513	191 
514	124 
515	61 
516	46 
517	206 
518	149 
519	116 
520	43 
521	31 
522	152 
523	102 
524	13 
525	110 
526	141 
527	115 
528	43 
529	17 
530	46 
531	105 
532	84 
533	57 
534	74 
535	204 
536	19 
537	9 
538	80 
539	72 
540	165 
541	138 
542	13 
543	114 
544	141 
545	160 
546	174 
547	14 
548	75 
549	189 
550	146 
551	76 
552	121 
553	34 
554	205 
555	17 
556	172 
557	106 
558	39 
559	120 
560	85 
561	183 
562	62 
563	202 
564	44 
565	16 
566	38 
567	30 
568	180 
569	169 
570	95 
571	123 
572	176 
573	5 
574	61 
575	115 
576	101 
577	18 
578	139 
579	33 
580	4 
581	46 
582	167 
583	19 
584	165 
585	38 
586	46 
587	193 
588	200 
589	39 
590	53 
591	37 
592	30 
593	82 
594	102 
595	137 
596	112 
597	165 
598	38 
599	21 
600	44 
601	129 
602	25 
603	77 
604	111 
605	63 
606	131 
607	127 
608	75 
609	154 
610	190 
611	159 
612	164 
613	5 
614	139 
615	67 
616	116 
617	109 
618	51 
619	127 
620	84 
621	45 
622	159 
623	85 
624	56 
625	146 
626	80 
627	49 
628	144 
629	131 
630	38 
631	179 
632	11 
633	142 
634	41 
635	72 
636	104 
637	75 
638	185 
639	82 
640	64 
641	115 
642	38 
643	170 
644	40 
645	60 
646	85 
647	198 
648	113 
649	71 
650	92 
651	201 
652	32 
653	67 
654	206 
655	98 
656	43 
657	160 
658	23 
659	134 
660	83 
661	158 
662	181 
663	131 
664	88 
665	3 
666	68 
667	99 
668	106 
669	19 
670	162 
671	154 
672	21 
673	102 
674	190 
675	45 
676	116 
677	19 
678	13 
679	3 
680	66 
681	46 
682	113 
683	126 
684	50 
685	13 
686	154 
687	85 
688	39 
689	112 
690	53 
691	72 
692	9 
693	197 
694	105 
695	46 
696	160 
697	30 
698	103 
699	170 
700	115 
701	59 
702	55 
703	14 
704	87 
705	36 
706	11 
707	183 
708	53 
709	35 
710	72 
711	128 
712	193 
713	80 
714	7 
715	57 
716	159 
717	73 
718	126 
719	93 
720	137 
721	115 
722	121 
723	15 
724	112 
725	95 
726	84 
727	115 
728	29 
729	138 
730	200 
731	191 
732	136 
733	32 
734	185 
735	54 
736	75 
737	106 
738	89 
739	148 
740	41 
741	100 
742	139 
743	107 
744	13 
745	37 
746	110 
747	134 
748	166 
749	89 
750	200 
751	184 
752	10 
753	197 
754	104 
755	190 
756	21 
757	38 
758	168 
759	166 
760	59 
761	81 
762	107 
763	115 
764	89 
765	41 
766	70 
767	98 
768	38 
769	182 
770	41 
771	73 
772	172 
773	21 
774	61 
775	125 
776	101 
777	16 
778	175 
779	91 
780	41 
781	190 
782	56 
783	53 
784	178 
785	190 
786	142 
787	155 
788	92 
789	200 
790	39 
791	88 
792	159 
793	170 
794	61 
795	80 
796	84 
797	45 
798	51 
799	121 
800	125 
801	170 
802	80 
803	189 
804	52 
805	150 
806	140 
807	141 
808	112 
809	103 
810	31 
811	200 
812	7 
813	123 
814	8 
815	17 
816	33 
817	92 
818	1 
819	146 
820	156 
821	8 
822	89 
823	84 
824	182 
825	134 
826	29 
827	119 
828	15 
829	163 
830	36 
831	192 
832	97 
833	34 
834	85 
835	177 
836	30 
837	72 
838	115 
839	8 
840	15 
841	30 
842	30 
843	50 
844	136 
845	186 
846	108 
847	142 
848	92 
849	102 
850	49 
851	83 
852	150 
853	154 
854	39 
855	78 
856	205 
857	167 
858	4 
859	82 
860	90 
861	19 
862	41 
863	180 
864	179 
865	30 
866	139 
867	171 
868	190 
869	50 
870	123 
871	149 
872	53 
873	45 
874	178 
875	68 
876	176 
877	80 
878	183 
879	15 
880	15 
881	6 
882	92 
883	164 
884	147 
885	59 
886	171 
887	35 
888	11 
889	5 
890	124 
891	102 
892	84 
893	35 
894	1 
895	118 
896	158 
897	83 
898	31 
899	129 
900	126 
901	123 
902	136 
903	9 
904	172 
905	86 
906	55 
907	159 
908	41 
909	59 
910	184 
911	52 
912	125 
913	142 
914	69 
915	198 
916	32 
917	56 
918	73 
919	200 
920	56 
921	28 
922	58 
923	154 
924	95 
925	38 
926	97 
927	57 
928	61 
929	16 
930	46 
931	2 
932	193 
933	112 
934	24 
935	201 
936	81 
937	132 
938	122 
939	150 
940	163 
941	150 
942	14 
943	129 
944	185 
945	74 
946	203 
947	77 
948	185 
949	122 
950	171 
951	86 
952	32 
953	137 
954	20 
955	23 
956	175 
957	198 
958	167 
959	171 
960	205 
961	156 
962	80 
963	175 
964	45 
965	121 
966	123 
967	57 
968	131 
969	70 
970	201 
971	31 
972	72 
973	80 
974	20 
975	7 
976	138 
977	131 
978	41 
979	50 
980	49 
981	206 
982	150 
983	177 
984	69 
985	204 
986	53 
987	190 
988	195 
989	2 
990	177 
991	71 
992	89 
993	18 
994	160 
995	102 
996	7 
997	187 
998	86 
999	204 
1000	107 
1001	89 
1002	137 
1003	61 
1004	14 
1005	186 
1006	23 
1007	154 
1008	95 
1009	150 
1010	8 
1011	102 
1012	14 
1013	147 
1014	194 
1015	79 
1016	92 
1017	13 
1018	13 
1019	157 
1020	56 
1021	52 
1022	186 
1023	170 
1024	129 
1025	63 
1026	38 
1027	134 
1028	71 
1029	199 
1030	42 
1031	118 
1032	168 
1033	49 
1034	25 
1035	177 
1036	102 
1037	110 
1038	43 
1039	126 
1040	10 
1041	187 
1042	12 
1043	84 
1044	46 
1045	175 
1046	112 
1047	70 
1048	167 
1049	64 
1050	186 
1051	137 
1052	49 
1053	135 
1054	69 
1055	30 
1056	150 
1057	61 
1058	192 
1059	54 
1060	137 
1061	115 
1062	195 
1063	198 
1064	111 
1065	64 
1066	164 
1067	196 
1068	88 
1069	118 
1070	201 
1071	53 
1072	164 
1073	137 
1074	10 
1075	186 
1076	45 
1077	27 
1078	128 
1079	193 
1080	182 
1081	85 
1082	45 
1083	132 
1084	14 
1085	111 
1086	192 
1087	151 
1088	156 
1089	48 
1090	190 
1091	201 
1092	53 
1093	78 
1094	62 
1095	15 
1096	205 
1097	175 
1098	144 
1099	160 
1100	46 
1101	52 
1102	206 
1103	172 
1104	120 
1105	189 
1106	58 
1107	121 
1108	42 
1109	116 
1110	50 
1111	138 
1112	125 
1113	56 
1114	130 
1115	62 
1116	162 
1117	186 
1118	171 
1119	114 
1120	195 
1121	1 
1122	105 
1123	45 
1124	15 
1125	95 
1126	140 
1127	84 
1128	8 
1129	50 
1130	116 
1131	157 
1132	158 
1133	168 
1134	57 
1135	177 
1136	2 
1137	29 
1138	167 
1139	92 
1140	72 
1141	204 
1142	80 
1143	122 
1144	124 
1145	141 
1146	61 
1147	114 
1148	100 
1149	117 
1150	143 
1151	41 
1152	34 
1153	173 
1154	116 
1155	96 
1156	15 
1157	88 
1158	38 
1159	46 
1160	183 
1161	14 
1162	11 
1163	137 
1164	148 
1165	53 
1166	201 
1167	138 
1168	190 
1169	139 
1170	50 
1171	33 
1172	129 
1173	122 
1174	85 
1175	126 
1176	6 
1177	41 
1178	55 
1179	86 
1180	175 
1181	94 
1182	100 
1183	88 
1184	126 
1185	35 
1186	56 
1187	157 
1188	105 
1189	34 
1190	187 
1191	81 
1192	141 
1193	111 
1194	106 
1195	143 
1196	141 
1197	66 
1198	180 
1199	126 
1200	112 
1201	97 
1202	110 
1203	110 
1204	118 
1205	198 
1206	45 
1207	137 
1208	37 
1209	147 
1210	124 
1211	149 
1212	13 
1213	17 
1214	185 
1215	25 
1216	21 
1217	197 
1218	107 
1219	69 
1220	58 
1221	13 
1222	166 
1223	94 
1224	56 
1225	138 
1226	120 
1227	164 
1228	61 
1229	84 
1230	55 
1231	112 
1232	201 
1233	171 
1234	139 
1235	64 
1236	15 
1237	91 
1238	183 
1239	44 
1240	16 
1241	50 
1242	80 
1243	175 
1244	158 
1245	80 
1246	60 
1247	148 
1248	72 
1249	53 
1250	94 
1251	192 
1252	117 
1253	169 
1254	140 
1255	65 
1256	201 
1257	199 
1258	4 
1259	53 
1260	14 
1261	109 
1262	59 
1263	205 
1264	111 
1265	9 
1266	95 
1267	187 
1268	2 
1269	202 
1270	33 
1271	57 
1272	142 
1273	53 
1274	70 
1275	133 
1276	46 
1277	172 
1278	196 
1279	60 
1280	80 
1281	137 
1282	162 
1283	55 
1284	68 
1285	198 
1286	18 
1287	71 
1288	69 
1289	41 
1290	115 
1291	51 
1292	206 
1293	17 
1294	107 
1295	182 
1296	183 
1297	42 
1298	70 
1299	174 
1300	139 
1301	206 
1302	57 
1303	183 
1304	106 
1305	16 
1306	189 
1307	139 
1308	122 
1309	58 
1310	88 
1311	159 
1312	2 
1313	64 
1314	151 
1315	48 
1316	125 
1317	128 
1318	118 
1319	45 
1320	30 
1321	167 
1322	121 
1323	200 
1324	138 
1325	56 
1326	86 
1327	66 
1328	125 
1329	138 
1330	34 
1331	125 
1332	162 
1333	111 
1334	6 
1335	155 
1336	21 
1337	16 
1338	69 
1339	90 
1340	31 
1341	85 
1342	16 
1343	49 
1344	199 
1345	178 
1346	201 
1347	199 
1348	161 
1349	13 
1350	205 
1351	185 
1352	89 
1353	50 
1354	185 
1355	19 
1356	93 
1357	137 
1358	206 
1359	121 
1360	173 
1361	172 
1362	206 
1363	122 
1364	33 
1365	39 
1366	63 
1367	154 
1368	73 
1369	168 
1370	66 
1371	83 
1372	190 
1373	185 
1374	131 
1375	141 
1376	90 
1377	84 
1378	185 
1379	81 
1380	130 
1381	127 
1382	12 
1383	142 
1384	64 
1385	159 
1386	71 
1387	55 
1388	10 
1389	102 
1390	9 
1391	71 
1392	156 
1393	197 
1394	53 
1395	171 
1396	186 
1397	184 
1398	206 
1399	166 
1400	126 
1401	156 
1402	145 
1403	120 
1404	130 
1405	154 
1406	174 
1407	55 
1408	50 
1409	144 
1410	136 
1411	21 
1412	155 
1413	85 
1414	190 
1415	111 
1416	40 
1417	196 
1418	137 
1419	150 
1420	139 
1421	204 
1422	178 
1423	186 
1424	43 
1425	66 
1426	99 
1427	182 
1428	31 
1429	180 
1430	171 
1431	38 
1432	183 
1433	118 
1434	80 
1435	98 
1436	145 
1437	27 
1438	141 
1439	175 
1440	53 
1441	72 
1442	18 
1443	62 
1444	30 
1445	137 
1446	120 
1447	159 
1448	149 
1449	205 
1450	143 
1451	189 
1452	147 
1453	131 
1454	143 
1455	133 
1456	82 
1457	138 
1458	179 
1459	14 
1460	18 
1461	97 
1462	83 
1463	35 
1464	41 
1465	121 
1466	121 
1467	166 
1468	36 
1469	56 
1470	83 
1471	180 
1472	116 
1473	185 
1474	103 
1475	47 
1476	206 
1477	34 
1478	177 
1479	47 
1480	76 
1481	28 
1482	56 
1483	140 
1484	180 
1485	20 
1486	159 
1487	118 
1488	172 
1489	103 
1490	159 
1491	17 
1492	66 
1493	185 
1494	46 
1495	130 
1496	75 
1497	69 
1498	163 
1499	44 
1500	206 
1501	23 
1502	190 
1503	48 
1504	45 
1505	66 
1506	176 
1507	47 
1508	198 
1509	46 
1510	144 
1511	53 
1512	167 
1513	57 
1514	15 
1515	45 
1516	131 
1517	110 
1518	129 
1519	126 
1520	115 
1521	172 
1522	42 
1523	150 
1524	64 
1525	98 
1526	139 
1527	86 
1528	83 
1529	115 
1530	139 
1531	172 
1532	128 
1533	146 
1534	106 
1535	51 
1536	8 
1537	140 
1538	50 
1539	83 
1540	106 
1541	12 
1542	45 
1543	13 
1544	201 
1545	115 
1546	128 
1547	142 
1548	162 
1549	156 
1550	38 
1551	184 
1552	62 
1553	186 
1554	3 
1555	89 
1556	136 
1557	167 
1558	21 
1559	74 
1560	75 
1561	152 
1562	102 
1563	9 
1564	203 
1565	194 
1566	12 
1567	158 
1568	96 
1569	71 
1570	166 
1571	142 
1572	49 
1573	53 
1574	164 
1575	109 
1576	122 
1577	69 
1578	79 
1579	55 
1580	138 
1581	55 
1582	125 
1583	154 
1584	30 
1585	79 
1586	50 
1587	87 
1588	187 
1589	28 
1590	149 
1591	20 
1592	46 
1593	21 
1594	14 
1595	27 
1596	146 
1597	19 
1598	93 
1599	159 
1600	125 
1601	40 
1602	189 
1603	38 
1604	47 
1605	110 
1606	137 
1607	120 
1608	43 
1609	136 
1610	21 
1611	174 
1612	53 
1613	199 
1614	19 
1615	121 
1616	98 
1617	9 
1618	188 
1619	126 
1620	84 
1621	96 
1622	205 
1623	27 
1624	202 
1625	196 
1626	114 
1627	91 
1628	183 
1629	206 
1630	196 
1631	127 
1632	72 
1633	28 
1634	185 
1635	78 
1636	130 
1637	88 
1638	94 
1639	74 
1640	20 
1641	34 
1642	32 
1643	206 
1644	127 
1645	15 
1646	49 
1647	55 
1648	39 
1649	119 
1650	147 
1651	49 
1652	21 
1653	123 
1654	43 
1655	63 
1656	90 
1657	166 
1658	193 
1659	73 
1660	30 
1661	101 
1662	175 
1663	11 
1664	15 
1665	118 
1666	157 
1667	49 
1668	29 
1669	90 
1670	26 
1671	60 
1672	194 
1673	145 
1674	137 
1675	97 
1676	165 
1677	171 
1678	167 
1679	34 
1680	33 
1681	167 
1682	80 
1683	175 
1684	162 
1685	13 
1686	177 
1687	69 
1688	56 
1689	110 
1690	170 
1691	151 
1692	187 
1693	132 
1694	98 
1695	45 
1696	89 
1697	103 
1698	176 
1699	31 
1700	49 
1701	69 
1702	99 
1703	76 
1704	31 
1705	53 
1706	179 
1707	168 
1708	183 
1709	185 
1710	193 
1711	13 
1712	149 
1713	40 
1714	172 
1715	152 
1716	47 
1717	19 
1718	180 
1719	160 
1720	110 
1721	50 
1722	45 
1723	131 
1724	204 
1725	29 
1726	39 
1727	35 
1728	26 
1729	54 
1730	129 
1731	132 
1732	166 
1733	34 
1734	85 
1735	149 
1736	88 
1737	43 
1738	121 
1739	187 
1740	185 
1741	15 
1742	17 
1743	88 
1744	204 
1745	150 
1746	151 
1747	149 
1748	84 
1749	127 
1750	29 
1751	55 
1752	95 
1753	12 
1754	52 
1755	142 
1756	136 
1757	71 
1758	30 
1759	176 
1760	114 
1761	164 
1762	195 
1763	159 
1764	79 
1765	103 
1766	64 
1767	167 
1768	88 
1769	200 
1770	15 
1771	166 
1772	94 
1773	32 
1774	97 
1775	93 
1776	19 
1777	22 
1778	9 
1779	171 
1780	85 
1781	126 
1782	25 
1783	167 
1784	125 
1785	179 
1786	196 
1787	135 
1788	15 
1789	60 
1790	190 
1791	123 
1792	60 
1793	156 
1794	76 
1795	174 
1796	118 
1797	49 
1798	118 
1799	19 
1800	180 
1801	68 
1802	76 
1803	112 
1804	41 
1805	200 
1806	190 
1807	125 
1808	161 
1809	38 
1810	101 
1811	162 
1812	76 
1813	131 
1814	18 
1815	129 
1816	87 
1817	150 
1818	76 
1819	81 
1820	76 
1821	152 
1822	108 
1823	22 
1824	35 
1825	46 
1826	132 
1827	153 
1828	141 
1829	70 
1830	58 
1831	85 
1832	129 
1833	83 
1834	46 
1835	6 
1836	80 
1837	185 
1838	61 
1839	129 
1840	22 
1841	126 
1842	204 
1843	126 
1844	14 
1845	89 
1846	108 
1847	173 
1848	137 
1849	89 
1850	71 
1851	172 
1852	67 
1853	107 
1854	185 
1855	140 
1856	30 
1857	134 
1858	30 
1859	112 
1860	98 
1861	169 
1862	195 
1863	90 
1864	41 
1865	17 
1866	30 
1867	40 
1868	88 
1869	96 
1870	171 
1871	203 
1872	137 
1873	4 
1874	92 
1875	186 
1876	179 
1877	137 
1878	198 
1879	13 
1880	6 
1881	185 
1882	187 
1883	120 
1884	17 
1885	102 
1886	60 
1887	78 
1888	190 
1889	82 
1890	89 
1891	180 
1892	57 
1893	136 
1894	181 
1895	183 
1896	90 
1897	16 
1898	56 
1899	190 
1900	13 
1901	188 
1902	206 
1903	31 
1904	34 
1905	157 
1906	171 
1907	184 
1908	165 
1909	123 
1910	35 
1911	123 
1912	158 
1913	118 
1914	81 
1915	79 
1916	25 
1917	118 
1918	65 
1919	164 
1920	82 
1921	177 
1922	121 
1923	178 
1924	119 
1925	31 
1926	29 
1927	138 
1928	163 
1929	26 
1930	159 
1931	57 
1932	90 
1933	158 
1934	190 
1935	165 
1936	4 
1937	43 
1938	73 
1939	194 
1940	200 
1941	164 
1942	94 
1943	11 
1944	188 
1945	201 
1946	134 
1947	117 
1948	71 
1949	57 
1950	142 
1951	129 
1952	42 
1953	49 
1954	163 
1955	16 
1956	19 
1957	161 
1958	118 
1959	122 
1960	2 
1961	90 
1962	118 
1963	112 
1964	173 
1965	146 
1966	108 
1967	41 
1968	184 
1969	34 
1970	12 
1971	131 
1972	107 
1973	151 
1974	112 
1975	13 
1976	155 
1977	181 
1978	62 
1979	206 
1980	167 
1981	175 
1982	30 
1983	147 
1984	39 
1985	122 
1986	34 
1987	53 
1988	145 
1989	100 
1990	169 
1991	60 
1992	65 
1993	139 
1994	147 
1995	167 
1996	186 
1997	203 
1998	111 
1999	34 
2000	84 
2001	41 
2002	139 
2003	53 
2004	107 
2005	164 
2006	14 
2007	18 
2008	123 
2009	84 
2010	153 
2011	175 
2012	200 
2013	32 
2014	64 
2015	138 
2016	19 
2017	178 
2018	136 
2019	106 
2020	158 
2021	15 
2022	48 
2023	73 
2024	33 
2025	195 
2026	35 
2027	30 
2028	123 
2029	154 
2030	76 
2031	131 
2032	146 
2033	175 
2034	31 
2035	50 
2036	18 
2037	124 
2038	41 
2039	166 
2040	118 
2041	136 
2042	11 
2043	95 
2044	154 
2045	107 
2046	22 
2047	175 
2048	129 
2049	161 
2050	204 
2051	155 
2052	13 
2053	32 
2054	107 
2055	85 
2056	92 
2057	88 
2058	46 
2059	170 
2060	192 
2061	198 
2062	69 
2063	45 
2064	120 
2065	112 
2066	171 
2067	156 
2068	187 
2069	177 
2070	167 
2071	206 
2072	114 
2073	62 
2074	132 
2075	164 
2076	126 
2077	137 
2078	42 
2079	38 
2080	118 
2081	99 
2082	160 
2083	142 
2084	205 
2085	151 
2086	202 
2087	204 
2088	161 
2089	45 
2090	55 
2091	131 
2092	167 
2093	75 
2094	80 
2095	102 
2096	146 
2097	68 
2098	26 
2099	75 
2100	126 
2101	17 
2102	90 
2103	156 
2104	5 
2105	58 
2106	69 
2107	123 
2108	141 
2109	19 
2110	19 
2111	53 
2112	35 
2113	104 
2114	158 
2115	32 
2116	14 
2117	105 
2118	30 
2119	190 
2120	115 
2121	121 
2122	192 
2123	19 
2124	121 
2125	56 
2126	112 
2127	73 
2128	87 
2129	162 
2130	19 
2131	177 
2132	54 
2133	175 
2134	131 
2135	201 
2136	175 
2137	132 
2138	80 
2139	161 
2140	27 
2141	202 
2142	63 
2143	148 
2144	181 
2145	136 
2146	66 
2147	103 
2148	105 
2149	49 
2150	56 
2151	6 
2152	92 
2153	180 
2154	48 
2155	30 
2156	64 
2157	96 
2158	76 
2159	166 
2160	198 
2161	186 
2162	206 
2163	203 
2164	148 
2165	103 
2166	130 
2167	31 
2168	137 
2169	179 
2170	28 
2171	184 
2172	76 
2173	137 
2174	126 
2175	185 
2176	164 
2177	46 
2178	3 
2179	154 
2180	134 
2181	166 
2182	84 
2183	144 
2184	87 
2185	128 
2186	47 
2187	85 
2188	17 
2189	117 
2190	161 
2191	171 
2192	66 
2193	110 
2194	141 
2195	191 
2196	41 
2197	201 
2198	109 
2199	54 
2200	14 
2201	112 
2202	99 
2203	186 
2204	59 
2205	69 
2206	194 
2207	145 
2208	60 
2209	75 
2210	168 
2211	56 
2212	107 
2213	139 
2214	30 
2215	13 
2216	66 
2217	64 
2218	31 
2219	205 
2220	197 
2221	118 
2222	154 
2223	121 
2224	164 
2225	159 
2226	174 
2227	30 
2228	84 
2229	58 
2230	161 
2231	129 
2232	181 
2233	18 
2234	159 
2235	63 
2236	108 
2237	105 
2238	56 
2239	129 
2240	65 
2241	4 
2242	6 
2243	98 
2244	149 
2245	163 
2246	112 
2247	167 
2248	139 
2249	98 
2250	77 
2251	159 
2252	11 
2253	176 
2254	124 
2255	23 
2256	48 
2257	203 
2258	69 
2259	85 
2260	103 
2261	48 
2262	85 
2263	201 
2264	121 
2265	198 
2266	129 
2267	11 
2268	97 
2269	190 
2270	170 
2271	152 
2272	193 
2273	166 
2274	97 
2275	100 
2276	40 
2277	30 
2278	44 
2279	149 
2280	172 
2281	34 
2282	201 
2283	70 
2284	135 
2285	136 
2286	123 
2287	60 
2288	21 
2289	142 
2290	175 
2291	153 
2292	17 
2293	69 
2294	71 
2295	149 
2296	62 
2297	169 
2298	149 
2299	40 
2300	18 
2301	95 
2302	34 
2303	7 
2304	115 
2305	188 
2306	150 
2307	129 
2308	31 
2309	21 
2310	110 
2311	172 
2312	180 
2313	150 
2314	56 
2315	201 
2316	121 
2317	150 
2318	71 
2319	157 
2320	50 
2321	197 
2322	206 
2323	59 
2324	206 
2325	29 
2326	195 
2327	179 
2328	103 
2329	116 
2330	110 
2331	22 
2332	82 
2333	63 
2334	90 
2335	168 
2336	10 
2337	8 
2338	121 
2339	127 
2340	85 
2341	172 
2342	71 
2343	38 
2344	58 
2345	107 
2346	44 
2347	84 
2348	124 
2349	8 
2350	104 
2351	192 
2352	107 
2353	1 
2354	110 
2355	84 
2356	21 
2357	185 
2358	85 
2359	35 
2360	186 
2361	38 
2362	163 
2363	56 
2364	50 
2365	31 
2366	12 
2367	17 
2368	60 
2369	14 
2370	164 
2371	119 
2372	85 
2373	28 
2374	69 
2375	58 
2376	109 
2377	38 
2378	201 
2379	84 
2380	68 
2381	189 
2382	201 
2383	164 
2384	96 
2385	118 
2386	9 
2387	164 
2388	110 
2389	144 
2390	116 
2391	139 
2392	47 
2393	153 
2394	105 
2395	166 
2396	148 
2397	72 
2398	73 
2399	25 
2400	119 
2401	62 
2402	16 
2403	12 
2404	8 
2405	28 
2406	123 
2407	90 
2408	80 
2409	142 
2410	185 
2411	90 
2412	63 
2413	193 
2414	115 
2415	150 
2416	103 
2417	88 
2418	61 
2419	15 
2420	105 
2421	190 
2422	15 
2423	112 
2424	135 
2425	143 
2426	129 
2427	91 
2428	93 
2429	62 
2430	181 
2431	169 
2432	71 
2433	190 
2434	190 
2435	137 
2436	21 
2437	171 
2438	199 
2439	177 
2440	27 
2441	180 
2442	177 
2443	79 
2444	107 
2445	201 
2446	131 
2447	159 
2448	113 
2449	70 
2450	150 
2451	191 
2452	140 
2453	118 
2454	108 
2455	77 
2456	89 
2457	176 
2458	6 
2459	151 
2460	15 
2461	171 
2462	202 
2463	8 
2464	177 
2465	199 
2466	170 
2467	122 
2468	146 
2469	108 
2470	84 
2471	139 
2472	27 
2473	67 
2474	125 
2475	120 
2476	129 
2477	196 
2478	121 
2479	190 
2480	205 
2481	112 
2482	157 
2483	68 
2484	92 
2485	107 
2486	167 
2487	110 
2488	14 
2489	138 
2490	181 
2491	99 
2492	21 
2493	129 
2494	13 
2495	75 
2496	80 
2497	37 
2498	102 
2499	140 
2500	6 
2501	187 
2502	76 
2503	82 
2504	35 
2505	155 
2506	129 
2507	14 
2508	159 
2509	55 
2510	34 
2511	201 
2512	5 
2513	74 
2514	59 
2515	174 
2516	162 
2517	178 
2518	110 
2519	149 
2520	163 
2521	114 
2522	193 
2523	136 
2524	180 
2525	189 
2526	13 
2527	45 
2528	175 
2529	206 
2530	87 
2531	59 
2532	116 
2533	45 
2534	140 
2535	137 
2536	79 
2537	206 
2538	142 
2539	117 
2540	41 
2541	35 
2542	157 
2543	141 
2544	144 
2545	14 
2546	192 
2547	116 
2548	163 
2549	146 
2550	57 
2551	181 
2552	73 
2553	15 
2554	154 
2555	160 
2556	86 
2557	171 
2558	21 
2559	175 
2560	60 
2561	77 
2562	193 
2563	135 
2564	98 
2565	101 
2566	25 
2567	89 
2568	179 
2569	182 
2570	206 
2571	76 
2572	50 
2573	49 
2574	138 
2575	41 
2576	34 
2577	31 
2578	81 
2579	149 
2580	21 
2581	166 
2582	96 
2583	129 
2584	79 
2585	166 
2586	21 
2587	67 
2588	75 
2589	171 
2590	164 
2591	45 
2592	185 
2593	36 
2594	127 
2595	186 
2596	26 
2597	131 
2598	137 
2599	131 
2600	74 
2601	167 
2602	77 
2603	34 
2604	130 
2605	104 
2606	91 
2607	23 
2608	15 
2609	43 
2610	38 
2611	68 
2612	147 
2613	167 
2614	38 
2615	15 
2616	175 
2617	175 
2618	118 
2619	53 
2620	2 
2621	13 
2622	93 
2623	107 
2624	22 
2625	101 
2626	3 
2627	27 
2628	144 
2629	44 
2630	110 
2631	139 
2632	38 
2633	84 
2634	204 
2635	114 
2636	46 
2637	56 
2638	158 
2639	83 
2640	87 
2641	180 
2642	139 
2643	127 
2644	157 
2645	116 
2646	206 
2647	58 
2648	33 
2649	88 
2650	55 
2651	201 
2652	179 
2653	22 
2654	76 
2655	137 
2656	112 
2657	177 
2658	6 
2659	156 
2660	9 
2661	79 
2662	67 
2663	105 
2664	167 
2665	69 
2666	166 
2667	158 
2668	66 
2669	26 
2670	5 
2671	205 
2672	184 
2673	118 
2674	201 
2675	181 
2676	144 
2677	66 
2678	131 
2679	190 
2680	158 
2681	201 
2682	203 
2683	117 
2684	159 
2685	107 
2686	194 
2687	74 
2688	6 
2689	153 
2690	53 
2691	44 
2692	122 
2693	67 
2694	64 
2695	49 
2696	142 
2697	193 
2698	9 
2699	89 
2700	116 
2701	88 
2702	80 
2703	162 
2704	45 
2705	77 
2706	90 
2707	92 
2708	36 
2709	56 
2710	9 
2711	94 
2712	28 
2713	116 
2714	151 
2715	110 
2716	71 
2717	66 
2718	51 
2719	34 
2720	107 
2721	192 
2722	54 
2723	32 
2724	143 
2725	5 
2726	82 
2727	145 
2728	72 
2729	110 
2730	97 
2731	34 
2732	159 
2733	140 
2734	133 
2735	13 
2736	166 
2737	41 
2738	30 
2739	161 
2740	56 
2741	142 
2742	144 
2743	70 
2744	154 
2745	113 
2746	137 
2747	44 
2748	205 
2749	160 
2750	126 
2751	154 
2752	85 
2753	99 
2754	206 
2755	48 
2756	37 
2757	76 
2758	38 
2759	162 
2760	124 
2761	123 
2762	187 
2763	115 
2764	120 
2765	183 
2766	57 
2767	160 
2768	197 
2769	70 
2770	128 
2771	80 
2772	45 
2773	81 
2774	46 
2775	80 
2776	96 
2777	194 
2778	101 
2779	75 
2780	203 
2781	151 
2782	13 
2783	109 
2784	121 
2785	90 
2786	36 
2787	57 
2788	163 
2789	69 
2790	7 
2791	63 
2792	140 
2793	8 
2794	172 
2795	166 
2796	45 
2797	90 
2798	69 
2799	154 
2800	180 
2801	86 
2802	41 
2803	112 
2804	181 
2805	161 
2806	143 
2807	175 
2808	139 
2809	153 
2810	177 
2811	99 
2812	132 
2813	85 
2814	62 
2815	141 
2816	134 
2817	56 
2818	19 
2819	64 
2820	63 
2821	111 
2822	144 
2823	131 
2824	123 
2825	190 
2826	201 
2827	120 
2828	82 
2829	56 
2830	14 
2831	158 
2832	117 
2833	21 
2834	44 
2835	190 
2836	173 
2837	15 
2838	102 
2839	68 
2840	142 
2841	136 
2842	171 
2843	191 
2844	155 
2845	79 
2846	31 
2847	73 
2848	191 
2849	199 
2850	13 
2851	136 
2852	152 
2853	38 
2854	63 
2855	100 
2856	87 
2857	100 
2858	192 
2859	123 
2860	187 
2861	30 
2862	126 
2863	25 
2864	70 
2865	92 
2866	65 
2867	142 
2868	166 
2869	199 
2870	15 
2871	15 
2872	19 
2873	132 
2874	44 
2875	189 
2876	163 
2877	126 
2878	185 
2879	205 
2880	162 
2881	160 
2882	77 
2883	80 
2884	94 
2885	28 
2886	15 
2887	164 
2888	126 
2889	119 
2890	13 
2891	128 
2892	14 
2893	188 
2894	184 
2895	50 
2896	21 
2897	58 
2898	47 
2899	155 
2900	142 
2901	15 
2902	136 
2903	186 
2904	49 
2905	77 
2906	81 
2907	145 
2908	26 
2909	182 
2910	122 
2911	44 
2912	17 
2913	137 
2914	82 
2915	152 
2916	154 
2917	172 
2918	71 
2919	27 
2920	74 
2921	29 
2922	158 
2923	167 
2924	44 
2925	205 
2926	69 
2927	46 
2928	202 
2929	97 
2930	154 
2931	15 
2932	160 
2933	166 
2934	204 
2935	204 
2936	76 
2937	133 
2938	5 
2939	142 
2940	75 
2941	189 
2942	109 
2943	182 
2944	131 
2945	30 
2946	123 
2947	186 
2948	67 
2949	49 
2950	131 
2951	34 
2952	18 
2953	169 
2954	118 
2955	136 
2956	56 
2957	5 
2958	148 
2959	84 
2960	26 
2961	63 
2962	193 
2963	140 
2964	148 
2965	68 
2966	38 
2967	182 
2968	38 
2969	205 
2970	46 
2971	189 
2972	19 
2973	98 
2974	120 
2975	127 
2976	57 
2977	116 
2978	141 
2979	37 
2980	176 
2981	168 
2982	61 
2983	103 
2984	185 
2985	143 
2986	115 
2987	174 
2988	115 
2989	116 
2990	168 
2991	58 
2992	49 
2993	145 
2994	116 
2995	119 
2996	55 
2997	38 
2998	42 
2999	145 
3000	177 
3001	39 
3002	87 
3003	204 
3004	68 
3005	157 
3006	76 
3007	23 
3008	171 
3009	110 
3010	31 
3011	46 
3012	116 
3013	112 
3014	184 
3015	162 
3016	7 
3017	137 
3018	198 
3019	181 
3020	45 
3021	63 
3022	157 
3023	103 
3024	72 
3025	124 
3026	141 
3027	53 
3028	162 
3029	193 
3030	19 
3031	136 
3032	115 
3033	107 
3034	23 
3035	142 
3036	159 
3037	41 
3038	74 
3039	116 
3040	181 
3041	24 
3042	105 
3043	103 
3044	167 
3045	115 
3046	50 
3047	191 
3048	189 
3049	106 
3050	200 
3051	126 
3052	185 
3053	189 
3054	49 
3055	171 
3056	201 
3057	93 
3058	175 
3059	39 
3060	18 
3061	146 
3062	177 
3063	193 
3064	37 
3065	82 
3066	149 
3067	139 
3068	19 
3069	58 
3070	54 
3071	136 
3072	58 
3073	154 
3074	141 
3075	2 
3076	170 
3077	66 
3078	105 
3079	139 
3080	175 
3081	16 
3082	15 
3083	34 
3084	188 
3085	185 
3086	145 
3087	43 
3088	158 
3089	128 
3090	5 
3091	122 
3092	154 
3093	46 
3094	83 
3095	122 
3096	140 
3097	192 
3098	171 
3099	61 
3100	164 
3101	206 
3102	202 
3103	186 
3104	205 
3105	202 
3106	139 
3107	81 
3108	138 
3109	107 
3110	15 
3111	188 
3112	7 
3113	190 
3114	43 
3115	21 
3116	140 
3117	54 
3118	103 
3119	136 
3120	32 
3121	67 
3122	7 
3123	195 
3124	33 
3125	63 
3126	20 
3127	166 
3128	172 
3129	154 
3130	142 
3131	7 
3132	176 
3133	141 
3134	28 
3135	67 
3136	200 
3137	162 
3138	15 
3139	38 
3140	166 
3141	121 
3142	4 
3143	45 
3144	147 
3145	139 
3146	36 
3147	107 
3148	56 
3149	95 
3150	189 
3151	3 
3152	59 
3153	88 
3154	182 
3155	65 
3156	85 
3157	66 
3158	110 
3159	72 
3160	71 
3161	104 
3162	52 
3163	122 
3164	138 
3165	188 
3166	61 
3167	186 
3168	117 
3169	34 
3170	143 
3171	96 
3172	30 
3173	44 
3174	93 
3175	38 
3176	65 
3177	139 
3178	156 
3179	129 
3180	164 
3181	104 
3182	198 
3183	119 
3184	61 
3185	143 
3186	24 
3187	2 
3188	136 
3189	178 
3190	109 
3191	191 
3192	189 
3193	45 
3194	160 
3195	117 
3196	204 
3197	186 
3198	141 
3199	146 
3200	14 
3201	38 
3202	140 
3203	85 
3204	102 
3205	89 
3206	73 
3207	16 
3208	2 
3209	84 
3210	161 
3211	178 
3212	60 
3213	21 
3214	71 
3215	192 
3216	162 
3217	157 
3218	15 
3219	6 
3220	69 
3221	141 
3222	125 
3223	55 
3224	125 
3225	7 
3226	166 
3227	108 
3228	21 
3229	159 
3230	195 
3231	32 
3232	71 
3233	164 
3234	91 
3235	142 
3236	164 
3237	22 
3238	186 
3239	117 
3240	60 
3241	145 
3242	66 
3243	32 
3244	167 
3245	112 
3246	21 
3247	10 
3248	194 
3249	145 
3250	133 
3251	104 
3252	92 
3253	9 
3254	174 
3255	59 
3256	191 
3257	113 
3258	34 
3259	138 
3260	46 
3261	146 
3262	42 
3263	126 
3264	40 
3265	192 
3266	154 
3267	88 
3268	88 
3269	64 
3270	102 
3271	146 
3272	32 
3273	168 
3274	38 
3275	121 
3276	31 
3277	113 
3278	106 
3279	92 
3280	83 
3281	31 
3282	42 
3283	105 
3284	190 
3285	54 
3286	57 
3287	157 
3288	45 
3289	158 
3290	180 
3291	43 
3292	173 
3293	138 
3294	118 
3295	16 
3296	53 
3297	58 
3298	19 
3299	103 
3300	143 
3301	89 
3302	157 
3303	175 
3304	57 
3305	46 
3306	71 
3307	162 
3308	158 
3309	107 
3310	177 
3311	105 
3312	54 
3313	130 
3314	30 
3315	66 
3316	55 
3317	134 
3318	36 
3319	91 
3320	21 
3321	102 
3322	50 
3323	180 
3324	155 
3325	75 
3326	19 
3327	61 
3328	167 
3329	93 
3330	74 
3331	53 
3332	26 
3333	45 
3334	136 
3335	33 
3336	67 
3337	21 
3338	108 
3339	141 
3340	59 
3341	199 
3342	16 
3343	61 
3344	58 
3345	148 
3346	24 
3347	35 
3348	125 
3349	138 
3350	97 
3351	186 
3352	30 
3353	153 
3354	119 
3355	78 
3356	6 
3357	45 
3358	118 
3359	93 
3360	17 
3361	181 
3362	149 
3363	118 
3364	53 
3365	175 
3366	197 
3367	9 
3368	108 
3369	80 
3370	24 
3371	111 
3372	33 
3373	11 
3374	202 
3375	18 
3376	121 
3377	77 
3378	41 
3379	44 
3380	166 
3381	178 
3382	112 
3383	184 
3384	137 
3385	185 
3386	75 
3387	164 
3388	17 
3389	30 
3390	32 
3391	8 
3392	2 
3393	60 
3394	201 
3395	117 
3396	58 
3397	185 
3398	190 
3399	158 
3400	95 
3401	49 
3402	64 
3403	131 
3404	11 
3405	25 
3406	177 
3407	54 
3408	166 
3409	46 
3410	108 
3411	150 
3412	142 
3413	19 
3414	40 
3415	195 
3416	16 
3417	134 
3418	121 
3419	182 
3420	94 
3421	17 
3422	80 
3423	51 
3424	113 
3425	45 
3426	18 
3427	13 
3428	13 
3429	21 
3430	200 
3431	81 
3432	66 
3433	45 
3434	201 
3435	137 
3436	121 
3437	206 
3438	154 
3439	161 
3440	45 
3441	3 
3442	28 
3443	101 
3444	113 
3445	7 
3446	129 
3447	196 
3448	162 
3449	114 
3450	108 
3451	108 
3452	71 
3453	115 
3454	39 
3455	78 
3456	86 
3457	89 
3458	30 
3459	52 
3460	181 
3461	38 
3462	140 
3463	69 
3464	78 
3465	66 
3466	7 
3467	176 
3468	191 
3469	179 
3470	180 
3471	167 
3472	90 
3473	59 
3474	197 
3475	104 
3476	44 
3477	160 
3478	133 
3479	154 
3480	134 
3481	83 
3482	165 
3483	106 
3484	90 
3485	206 
3486	139 
3487	139 
3488	11 
3489	55 
3490	51 
3491	115 
3492	128 
3493	87 
3494	198 
3495	46 
3496	175 
3497	203 
3498	167 
3499	107 
3500	167 
3501	102 
3502	203 
3503	104 
3504	166 
3505	47 
3506	30 
3507	46 
3508	125 
3509	98 
3510	32 
3511	158 
3512	28 
3513	90 
3514	98 
3515	104 
3516	178 
3517	7 
3518	189 
3519	60 
3520	84 
3521	119 
3522	13 
3523	202 
3524	120 
3525	84 
3526	60 
3527	22 
3528	102 
3529	135 
3530	80 
3531	158 
3532	136 
3533	153 
3534	21 
3535	175 
3536	190 
3537	96 
3538	93 
3539	12 
3540	145 
3541	168 
3542	82 
3543	88 
3544	119 
3545	166 
3546	95 
3547	62 
3548	107 
3549	102 
3550	17 
3551	175 
3552	36 
3553	125 
3554	197 
3555	136 
3556	206 
3557	81 
3558	169 
3559	38 
3560	142 
3561	152 
3562	60 
3563	148 
3564	106 
3565	82 
3566	30 
3567	190 
3568	80 
3569	196 
3570	102 
3571	200 
3572	91 
3573	156 
3574	50 
3575	45 
3576	101 
3577	147 
3578	64 
3579	41 
3580	164 
3581	66 
3582	166 
3583	20 
3584	50 
3585	202 
3586	189 
3587	136 
3588	156 
3589	19 
3590	155 
3591	153 
3592	159 
3593	43 
3594	53 
3595	85 
3596	90 
3597	3 
3598	137 
3599	116 
3600	6 
3601	180 
3602	33 
3603	34 
3604	43 
3605	63 
3606	53 
3607	193 
3608	185 
3609	149 
3610	30 
3611	185 
3612	139 
3613	152 
3614	167 
3615	206 
3616	158 
3617	88 
3618	84 
3619	135 
3620	41 
3621	58 
3622	180 
3623	1 
3624	190 
3625	177 
3626	13 
3627	115 
3628	125 
3629	118 
3630	165 
3631	101 
3632	138 
3633	1 
3634	14 
3635	31 
3636	85 
3637	188 
3638	131 
3639	137 
3640	4 
3641	185 
3642	186 
3643	191 
3644	59 
3645	85 
3646	130 
3647	137 
3648	61 
3649	190 
3650	125 
3651	50 
3652	83 
3653	31 
3654	32 
3655	58 
3656	49 
3657	74 
3658	12 
3659	11 
3660	76 
3661	141 
3662	55 
3663	161 
3664	129 
3665	60 
3666	87 
3667	81 
3668	167 
3669	38 
3670	63 
3671	162 
3672	145 
3673	115 
3674	37 
3675	59 
3676	155 
3677	37 
3678	201 
3679	88 
3680	37 
3681	21 
3682	186 
3683	134 
3684	105 
3685	117 
3686	189 
3687	61 
3688	175 
3689	203 
3690	75 
3691	69 
3692	91 
3693	49 
3694	28 
3695	136 
3696	61 
3697	61 
3698	59 
3699	199 
3700	69 
3701	52 
3702	184 
3703	104 
3704	186 
3705	131 
3706	79 
3707	163 
3708	186 
3709	49 
3710	16 
3711	55 
3712	76 
3713	169 
3714	80 
3715	7 
3716	137 
3717	149 
3718	2 
3719	17 
3720	121 
3721	129 
3722	118 
3723	112 
3724	175 
3725	41 
3726	198 
3727	129 
3728	97 
3729	186 
3730	200 
3731	71 
3732	117 
3733	34 
3734	48 
3735	79 
3736	76 
3737	160 
3738	84 
3739	189 
3740	129 
3741	85 
3742	74 
3743	121 
3744	55 
3745	193 
3746	201 
3747	137 
3748	34 
3749	1 
3750	86 
3751	53 
3752	175 
3753	64 
3754	158 
3755	45 
3756	152 
3757	30 
3758	4 
3759	49 
3760	204 
3761	34 
3762	103 
3763	139 
3764	136 
3765	84 
3766	121 
3767	142 
3768	61 
3769	20 
3770	64 
3771	85 
3772	166 
3773	3 
3774	68 
3775	31 
3776	130 
3777	180 
3778	201 
3779	13 
3780	168 
3781	121 
3782	95 
3783	64 
3784	136 
3785	163 
3786	42 
3787	175 
3788	188 
3789	66 
3790	52 
3791	152 
3792	190 
3793	158 
3794	52 
3795	122 
3796	38 
3797	72 
3798	131 
3799	26 
3800	126 
3801	19 
3802	64 
3803	198 
3804	166 
3805	166 
3806	172 
3807	30 
3808	17 
3809	38 
3810	49 
3811	130 
3812	26 
3813	206 
3814	181 
3815	47 
3816	63 
3817	50 
3818	43 
3819	190 
3820	165 
3821	159 
3822	141 
3823	147 
3824	141 
3825	197 
3826	43 
3827	159 
3828	180 
3829	89 
3830	20 
3831	38 
3832	67 
3833	32 
3834	69 
3835	158 
3836	180 
3837	154 
3838	79 
3839	141 
3840	129 
3841	139 
3842	71 
3843	189 
3844	11 
3845	55 
3846	53 
3847	85 
3848	50 
3849	170 
3850	190 
3851	1 
3852	17 
3853	65 
3854	179 
3855	186 
3856	183 
3857	13 
3858	158 
3859	146 
3860	138 
3861	181 
3862	146 
3863	71 
3864	9 
3865	139 
3866	165 
3867	104 
3868	22 
3869	69 
3870	92 
3871	93 
3872	71 
3873	84 
3874	62 
3875	44 
3876	34 
3877	17 
3878	118 
3879	200 
3880	23 
3881	150 
3882	84 
3883	178 
3884	206 
3885	155 
3886	55 
3887	137 
3888	107 
3889	63 
3890	84 
3891	85 
3892	202 
3893	155 
3894	118 
3895	56 
3896	77 
3897	147 
3898	104 
3899	122 
3900	195 
3901	82 
3902	107 
3903	11 
3904	107 
3905	142 
3906	66 
3907	139 
3908	30 
3909	78 
3910	131 
3911	171 
3912	63 
3913	2 
3914	115 
3915	14 
3916	89 
3917	11 
3918	78 
3919	37 
3920	142 
3921	155 
3922	177 
3923	154 
3924	182 
3925	23 
3926	31 
3927	129 
3928	72 
3929	58 
3930	56 
3931	190 
3932	105 
3933	43 
3934	181 
3935	103 
3936	43 
3937	23 
3938	30 
3939	101 
3940	84 
3941	158 
3942	118 
3943	53 
3944	66 
3945	53 
3946	77 
3947	7 
3948	133 
3949	71 
3950	16 
3951	104 
3952	55 
3953	71 
3954	83 
3955	151 
3956	85 
3957	107 
3958	31 
3959	86 
3960	129 
3961	44 
3962	83 
3963	41 
3964	7 
3965	84 
3966	38 
3967	48 
3968	148 
3969	58 
3970	58 
3971	185 
3972	70 
3973	146 
3974	112 
3975	101 
3976	26 
3977	19 
3978	167 
3979	171 
3980	171 
3981	118 
3982	72 
3983	200 
3984	155 
3985	178 
3986	137 
3987	58 
3988	43 
3989	176 
3990	158 
3991	154 
3992	91 
3993	136 
3994	84 
3995	82 
3996	84 
3997	131 
3998	133 
3999	45 
4000	167 
4001	156 
4002	3 
4003	82 
4004	93 
4005	61 
4006	31 
4007	177 
4008	190 
4009	13 
4010	3 
4011	126 
4012	158 
4013	34 
4014	118 
4015	11 
4016	151 
4017	85 
4018	158 
4019	10 
4020	122 
4021	46 
4022	36 
4023	150 
4024	163 
4025	146 
4026	117 
4027	125 
4028	30 
4029	126 
4030	10 
4031	101 
4032	116 
4033	78 
4034	158 
4035	150 
4036	103 
4037	6 
4038	151 
4039	198 
4040	186 
4041	176 
4042	181 
4043	162 
4044	133 
4045	41 
4046	162 
4047	142 
4048	61 
4049	64 
4050	74 
4051	19 
4052	79 
4053	16 
4054	175 
4055	142 
4056	135 
4057	115 
4058	167 
4059	16 
4060	155 
4061	123 
4062	184 
4063	61 
4064	34 
4065	138 
4066	28 
4067	63 
4068	136 
4069	137 
4070	43 
4071	146 
4072	127 
4073	68 
4074	72 
4075	131 
4076	114 
4077	160 
4078	186 
4079	52 
4080	16 
4081	56 
4082	190 
4083	79 
4084	82 
4085	139 
4086	171 
4087	50 
4088	85 
4089	201 
4090	56 
4091	203 
4092	52 
4093	53 
4094	18 
4095	39 
4096	14 
4097	80 
4098	19 
4099	1 
4100	109 
4101	132 
4102	10 
4103	167 
4104	204 
4105	109 
4106	38 
4107	177 
4108	178 
4109	1 
4110	51 
4111	14 
4112	106 
4113	82 
4114	199 
4115	154 
4116	80 
4117	137 
4118	46 
4119	192 
4120	124 
4121	130 
4122	117 
4123	152 
4124	118 
4125	139 
4126	69 
4127	54 
4128	33 
4129	60 
4130	34 
4131	167 
4132	87 
4133	91 
4134	197 
4135	61 
4136	59 
4137	80 
4138	142 
4139	148 
4140	91 
4141	90 
4142	134 
4143	114 
4144	2 
4145	95 
4146	166 
4147	121 
4148	16 
4149	50 
4150	175 
4151	146 
4152	17 
4153	141 
4154	141 
4155	115 
4156	101 
4157	150 
4158	146 
4159	72 
4160	199 
4161	129 
4162	173 
4163	205 
4164	154 
4165	89 
4166	72 
4167	168 
4168	129 
4169	137 
4170	101 
4171	106 
4172	41 
4173	6 
4174	76 
4175	184 
4176	147 
4177	133 
4178	18 
4179	140 
4180	72 
4181	45 
4182	171 
4183	163 
4184	129 
4185	144 
4186	52 
4187	193 
4188	164 
4189	123 
4190	22 
4191	57 
4192	19 
4193	86 
4194	102 
4195	159 
4196	53 
4197	38 
4198	173 
4199	90 
4200	59 
4201	195 
4202	80 
4203	201 
4204	169 
4205	21 
4206	92 
4207	184 
4208	80 
4209	129 
4210	11 
4211	112 
4212	166 
4213	121 
4214	180 
4215	83 
4216	103 
4217	177 
4218	158 
4219	201 
4220	162 
4221	84 
4222	84 
4223	115 
4224	164 
4225	79 
4226	156 
4227	172 
4228	83 
4229	125 
4230	196 
4231	106 
4232	16 
4233	4 
4234	91 
4235	146 
4236	44 
4237	16 
4238	133 
4239	54 
4240	168 
4241	199 
4242	206 
4243	59 
4244	174 
4245	78 
4246	139 
4247	183 
4248	53 
4249	161 
4250	141 
4251	182 
4252	72 
4253	193 
4254	103 
4255	31 
4256	177 
4257	13 
4258	82 
4259	82 
4260	50 
4261	72 
4262	147 
4263	140 
4264	10 
4265	62 
4266	34 
4267	79 
4268	164 
4269	175 
4270	201 
4271	50 
4272	137 
4273	31 
4274	34 
4275	137 
4276	199 
4277	201 
4278	16 
4279	108 
4280	147 
4281	60 
4282	165 
4283	16 
4284	35 
4285	139 
4286	200 
4287	13 
4288	183 
4289	184 
4290	15 
4291	137 
4292	46 
4293	83 
4294	142 
4295	146 
4296	106 
4297	47 
4298	158 
4299	190 
4300	64 
4301	166 
4302	71 
4303	66 
4304	69 
4305	118 
4306	21 
4307	129 
4308	198 
4309	66 
4310	46 
4311	76 
4312	52 
4313	38 
4314	13 
4315	176 
4316	33 
4317	205 
4318	205 
4319	71 
4320	55 
4321	122 
4322	33 
4323	177 
4324	164 
4325	44 
4326	66 
4327	56 
4328	1 
4329	150 
4330	78 
4331	185 
4332	60 
4333	37 
4334	41 
4335	190 
4336	84 
4337	84 
4338	150 
4339	149 
4340	19 
4341	48 
4342	165 
4343	9 
4344	177 
4345	45 
4346	85 
4347	39 
4348	84 
4349	124 
4350	104 
4351	182 
4352	158 
4353	57 
4354	46 
4355	123 
4356	53 
4357	112 
4358	85 
4359	103 
4360	200 
4361	146 
4362	106 
4363	66 
4364	19 
4365	148 
4366	169 
4367	28 
4368	131 
4369	108 
4370	84 
4371	176 
4372	165 
4373	55 
4374	61 
4375	138 
4376	83 
4377	34 
4378	75 
4379	122 
4380	23 
4381	71 
4382	51 
4383	142 
4384	129 
4385	52 
4386	11 
4387	185 
4388	37 
4389	110 
4390	179 
4391	112 
4392	45 
4393	110 
4394	46 
4395	55 
4396	139 
4397	48 
4398	164 
4399	206 
4400	187 
4401	162 
4402	31 
4403	79 
4404	201 
4405	181 
4406	172 
4407	18 
4408	121 
4409	14 
4410	195 
4411	31 
4412	146 
4413	203 
4414	98 
4415	21 
4416	84 
4417	130 
4418	205 
4419	63 
4420	10 
4421	181 
4422	137 
4423	8 
4424	121 
4425	162 
4426	104 
4427	192 
4428	199 
4429	83 
4430	198 
4431	93 
4432	180 
4433	126 
4434	69 
4435	129 
4436	198 
4437	157 
4438	197 
4439	198 
4440	30 
4441	180 
4442	191 
4443	103 
4444	190 
4445	90 
4446	157 
4447	186 
4448	30 
4449	60 
4450	136 
4451	193 
4452	142 
4453	150 
4454	56 
4455	82 
4456	47 
4457	154 
4458	167 
4459	30 
4460	181 
4461	55 
4462	44 
4463	197 
4464	197 
4465	60 
4466	121 
4467	31 
4468	112 
4469	169 
4470	167 
4471	75 
4472	2 
4473	30 
4474	131 
4475	190 
4476	18 
4477	155 
4478	38 
4479	120 
4480	85 
4481	166 
4482	180 
4483	167 
4484	164 
4485	79 
4486	81 
4487	78 
4488	55 
4489	186 
4490	45 
4491	89 
4492	82 
4493	17 
4494	118 
4495	53 
4496	64 
4497	14 
4498	164 
4499	167 
4500	79 
4501	60 
4502	41 
4503	190 
4504	43 
4505	98 
4506	190 
4507	71 
4508	137 
4509	185 
4510	2 
4511	41 
4512	30 
4513	115 
4514	85 
4515	172 
4516	158 
4517	2 
4518	69 
4519	101 
4520	114 
4521	204 
4522	155 
4523	83 
4524	7 
4525	15 
4526	44 
4527	142 
4528	107 
4529	50 
4530	49 
4531	2 
4532	180 
4533	81 
4534	71 
4535	168 
4536	199 
4537	109 
4538	97 
4539	91 
4540	60 
4541	162 
4542	106 
4543	201 
4544	198 
4545	21 
4546	105 
4547	162 
4548	60 
4549	107 
4550	180 
4551	186 
4552	137 
4553	118 
4554	171 
4555	160 
4556	38 
4557	180 
4558	121 
4559	142 
4560	138 
4561	103 
4562	139 
4563	115 
4564	141 
4565	146 
4566	28 
4567	139 
4568	158 
4569	55 
4570	28 
4571	201 
4572	192 
4573	71 
4574	140 
4575	35 
4576	163 
4577	167 
4578	41 
4579	41 
4580	4 
4581	123 
4582	198 
4583	171 
4584	166 
4585	130 
4586	136 
4587	205 
4588	183 
4589	49 
4590	114 
4591	83 
4592	51 
4593	56 
4594	51 
4595	82 
4596	50 
4597	150 
4598	3 
4599	103 
4600	163 
4601	4 
4602	152 
4603	66 
4604	98 
4605	102 
4606	198 
4607	61 
4608	61 
4609	156 
4610	17 
4611	126 
4612	125 
4613	57 
4614	60 
4615	118 
4616	31 
4617	53 
4618	157 
4619	15 
4620	34 
4621	183 
4622	11 
4623	180 
4624	180 
4625	74 
4626	38 
4627	198 
4628	56 
4629	151 
4630	80 
4631	142 
4632	15 
4633	146 
4634	53 
4635	21 
4636	80 
4637	59 
4638	90 
4639	129 
4640	21 
4641	185 
4642	136 
4643	101 
4644	69 
4645	199 
4646	115 
4647	53 
4648	126 
4649	97 
4650	137 
4651	47 
4652	110 
4653	7 
4654	45 
4655	85 
4656	140 
4657	90 
4658	4 
4659	136 
4660	55 
4661	15 
4662	57 
4663	199 
4664	169 
4665	74 
4666	44 
4667	122 
4668	175 
4669	21 
4670	18 
4671	139 
4672	195 
4673	121 
4674	131 
4675	139 
4676	132 
4677	147 
4678	195 
4679	107 
4680	129 
4681	44 
4682	90 
4683	112 
4684	158 
4685	53 
4686	198 
4687	105 
4688	78 
4689	206 
4690	205 
4691	14 
4692	158 
4693	136 
4694	181 
4695	49 
4696	183 
4697	43 
4698	181 
4699	195 
4700	3 
4701	122 
4702	123 
4703	83 
4704	110 
4705	161 
4706	19 
4707	142 
4708	41 
4709	162 
4710	31 
4711	102 
4712	56 
4713	123 
4714	202 
4715	121 
4716	154 
4717	43 
4718	64 
4719	17 
4720	90 
4721	90 
4722	205 
4723	116 
4724	206 
4725	17 
4726	43 
4727	155 
4728	11 
4729	61 
4730	172 
4731	201 
4732	97 
4733	160 
4734	142 
4735	123 
4736	154 
4737	176 
4738	39 
4739	105 
4740	6 
4741	180 
4742	41 
4743	61 
4744	166 
4745	28 
4746	183 
4747	177 
4748	46 
4749	52 
4750	90 
4751	167 
4752	85 
4753	180 
4754	112 
4755	164 
4756	91 
4757	179 
4758	105 
4759	8 
4760	79 
4761	151 
4762	17 
4763	56 
4764	56 
4765	136 
4766	204 
4767	147 
4768	15 
4769	88 
4770	125 
4771	61 
4772	171 
4773	117 
4774	140 
4775	200 
4776	53 
4777	183 
4778	147 
4779	79 
4780	154 
4781	175 
4782	149 
4783	164 
4784	45 
4785	201 
4786	33 
4787	160 
4788	66 
4789	83 
4790	169 
4791	90 
4792	79 
4793	146 
4794	123 
4795	147 
4796	102 
4797	58 
4798	19 
4799	159 
4800	176 
4801	14 
4802	98 
4803	68 
4804	15 
4805	45 
4806	126 
4807	136 
4808	205 
4809	199 
4810	69 
4811	130 
4812	141 
4813	57 
4814	201 
4815	183 
4816	57 
4817	55 
4818	51 
4819	83 
4820	169 
4821	112 
4822	198 
4823	19 
4824	146 
4825	64 
4826	14 
4827	166 
4828	63 
4829	84 
4830	46 
4831	31 
4832	187 
4833	55 
4834	118 
4835	80 
4836	131 
4837	6 
4838	122 
4839	8 
4840	53 
4841	85 
4842	19 
4843	185 
4844	75 
4845	138 
4846	51 
4847	15 
4848	150 
4849	59 
4850	6 
4851	32 
4852	139 
4853	21 
4854	171 
4855	199 
4856	175 
4857	33 
4858	88 
4859	166 
4860	7 
4861	136 
4862	55 
4863	92 
4864	15 
4865	121 
4866	121 
4867	58 
4868	107 
4869	45 
4870	7 
4871	171 
4872	16 
4873	69 
4874	154 
4875	63 
4876	158 
4877	58 
4878	192 
4879	21 
4880	74 
4881	50 
4882	141 
4883	11 
4884	66 
4885	102 
4886	176 
4887	14 
4888	121 
4889	193 
4890	72 
4891	43 
4892	17 
4893	141 
4894	149 
4895	141 
4896	137 
4897	172 
4898	192 
4899	64 
4900	97 
4901	200 
4902	61 
4903	163 
4904	187 
4905	51 
4906	71 
4907	50 
4908	59 
4909	3 
4910	195 
4911	72 
4912	47 
4913	131 
4914	167 
4915	115 
4916	160 
4917	15 
4918	139 
4919	88 
4920	61 
4921	81 
4922	142 
4923	162 
4924	195 
4925	64 
4926	110 
4927	35 
4928	118 
4929	183 
4930	186 
4931	184 
4932	110 
4933	89 
4934	19 
4935	74 
4936	75 
4937	180 
4938	92 
4939	21 
4940	98 
4941	35 
4942	32 
4943	189 
4944	45 
4945	185 
4946	184 
4947	201 
4948	72 
4949	31 
4950	172 
4951	186 
4952	112 
4953	205 
4954	35 
4955	146 
4956	18 
4957	172 
4958	185 
4959	17 
4960	169 
4961	57 
4962	171 
4963	75 
4964	67 
4965	171 
4966	106 
4967	182 
4968	121 
4969	107 
4970	102 
4971	110 
4972	43 
4973	34 
4974	53 
4975	88 
4976	122 
4977	112 
4978	56 
4979	28 
4980	158 
4981	107 
4982	160 
4983	198 
4984	3 
4985	8 
4986	63 
4987	57 
4988	72 
4989	142 
4990	180 
4991	106 
4992	177 
4993	31 
4994	101 
4995	107 
4996	180 
4997	166 
4998	169 
4999	150 
5000	83 
