1, 1985, 8807, 8826, 9021, 9629, 9828, 1171, 4748, 8674, 7018, 9059, 7617, 1698, 5870, 7832, 8839, 9298, 3224, 9338, 2609, 9971, 8707, 1382, 9471, 8656, 9276, 8741, 9673, 3470, 7133, 7750, 2040, 7496, 2101, 7394, 229, 982, 7667, 9194, 8685, 4270, 332, 7263, 742, 359, 9689, 411, 5069, 8403, 5905, 5977, 7080, 7230, 1062, 7048, 9766, 583, 590, 5043, 5689, 6758, 4962, 8545, 2124, 8332, 9553, 4104, 9016, 5272, 836, 8193, 8786, 8380, 1630, 6637, 1890, 973, 6723, 5151, 4905, 7005, 3801, 1324, 1432, 4031, 3169, 5059, 1527, 1574, 3116, 2548, 5301, 7742, 7515, 4862, 6101, 1838, 4956, 3239, 2079, 4015, 3443, 2129, 3820, 3766, 3037, 4937
3504, 9788, 1013, 1792, 5670, 8991, 2320, 9111, 7838, 8665, 9507, 9718, 3996, 9995, 77, 1337, 3273, 3433, 9201, 9934, 5349, 9395, 5541, 7950, 8141, 8811, 9128, 9318, 106, 7922, 7934, 8401, 8621, 9090, 6473, 7042, 1495, 947, 193, 9730, 9832, 249, 3969, 4708, 4738, 9410, 9600, 9696, 6070, 8913, 5810, 9722, 1046, 3171, 3240, 3218, 4696, 4742, 8290, 9005, 2532, 8940, 5588, 803, 2052, 9301, 6836, 6543, 9873, 4894, 4559, 5468, 547, 4848, 8818, 698, 6383, 589, 3592, 8326, 2820, 4512, 5646, 2454, 1458, 5562, 1787, 7609, 883, 1980, 4772, 5028, 5846, 8386, 1833, 736, 4948, 9781, 1516, 5261, 6567, 6948, 7411, 835, 7189, 862, 2250, 4310, 6514, 5604, 913, 3001, 6891, 7956, 932, 7906, 7875, 1689, 4584, 7780, 9626, 5037, 3432, 5066, 4224, 4455, 1109, 7580, 6989, 6225, 8530, 3021, 4040, 2015, 3872, 2412, 4424, 1367, 2289, 2546, 4013, 4041, 4741, 1496, 2968, 2193, 7407, 2773, 2931, 2595, 5831, 7909, 4264, 4317, 5491, 5785, 4513, 6031, 6879, 7601, 4346, 3601, 2112, 5569, 2088, 5128, 2885, 5327, 2469, 5033, 5647, 3482, 3367, 3056, 3170, 3395, 3933, 4837
5934, 6287, 27, 7276, 8185, 9929, 8529, 7481, 7817, 6625, 8731, 8337, 9489, 9623, 9067, 3536, 8585, 5619, 6794, 3486, 9795, 5484, 3153, 3681, 1626, 9661, 4605, 8950, 6007, 9719, 4739, 6489, 4094, 1755, 5961, 5295, 7157, 4503, 5742, 6799, 8750, 1880, 4439, 1659, 4714, 2451, 1786, 1908, 7004, 2259, 2448, 3808, 2477, 2679, 2772, 3393, 3973
6847, 7245, 7758, 9890, 9490, 8751, 9796, 4043, 8096, 757, 1688, 431, 4883, 5494, 1601, 1931, 2529, 901, 7073, 1112, 6552, 1345, 2330, 7199, 3879
8076, 2854, 9779, 2073, 5488, 646, 3844, 6522, 7636, 3588, 5740, 754, 2254, 5981, 1012, 3237, 8528, 2334, 4918
8104, 3154, 104, 7378, 6208, 7056, 173, 5299, 9416, 9757, 3145, 553, 463, 8425, 551, 3568, 1938, 2697, 3341, 5759
8218, 4842, 5908, 4342, 6796, 7543, 4678, 215, 3293, 5115, 3642, 3815, 4182, 7185, 7643, 3418, 9228, 6832, 2861, 7789, 4958, 7393, 1922, 5035, 864, 1042, 8929, 2875, 5695, 6865, 8003, 5456, 1852, 5056, 4969
8663, 9825, 9367, 44, 8881, 676, 2515, 9083, 3219, 761, 8567, 8690, 3718, 540, 4499, 7739, 4843, 8001, 2906, 1578, 6211, 4980, 4590, 3018, 3328
2, 2160, 4593, 9457, 3437, 18, 5860, 6756, 6862, 9987, 6871, 47, 8730, 8744, 8492, 8943, 9125, 3842, 5997, 6421, 8063, 7169, 3034, 5875, 3353, 6673, 5499, 3927, 6132, 6845, 10000, 492, 7430, 7331, 5710, 7098, 542, 4290, 552, 5882, 9656, 4594, 7985, 938, 7491, 5243, 7664, 5254, 6360, 1010, 4889, 5324, 1065, 4241, 4359, 1220, 6258, 4163, 2825, 4418, 6839, 4033, 1584, 2045, 5126, 3755, 5881, 5555, 2416, 3166
6330, 9578, 9678, 7869, 4778, 441, 6244, 8504, 4618, 1750, 3578, 5715, 3674, 2760, 1410, 8048, 7863
6335, 7335, 8187, 8393, 9711, 3140, 3186, 5990, 7541, 5864, 7340, 8439, 9236, 6751, 97, 9062, 9956, 3699, 9509, 9368, 9784, 130, 6763, 9295, 9698, 9517, 2093, 7362, 1023, 5629, 8383, 2577, 8662, 2586, 2864, 7705, 2317, 4001, 7786, 2498, 3701, 3281, 4022, 1821, 4402, 6743, 460, 6669, 8984, 3204, 2344, 4824, 5571, 513, 7132, 6661, 8844, 579, 914, 2481, 618, 7861, 8147, 2466, 701, 6349, 8874, 7757, 8918, 3843, 7727, 2236, 6728, 2505, 4955, 6977, 1959, 7940, 9177, 1222, 4514, 1263, 7975, 1336, 3876, 9006, 3268, 5959, 9009, 1485, 7092, 5116, 7051, 1697, 4397, 4338, 8546, 6242, 3735, 3244, 9247, 2248, 2727, 5490, 4306, 4267, 7553, 4421
7139, 20, 4688, 4800, 7065, 8320, 9296, 9571, 87, 4062, 5486, 75, 8321, 9082, 9469, 9809, 4185, 6461, 1213, 5236, 9331, 9876, 8604, 4847, 3609, 7986, 6917, 7921, 9660, 9683, 4252, 9879, 1104, 358, 4018, 9134, 429, 6692, 1744, 482, 6784, 8301, 8453, 511, 555, 4088, 7715, 5229, 4339, 4054, 2715, 804, 7461, 8697, 9334, 6902, 7888, 918, 1435, 5332, 8333, 9583, 6899, 7345, 3094, 8456, 2725, 4462, 8052, 1506, 7945, 1843, 8213, 6696, 6375, 6602, 5142, 1748, 5657, 5884, 8793, 8068, 5666, 7285, 2594, 2652, 6965, 2800, 4952
8416, 4884, 4666, 9195, 68, 517, 824, 7520, 8551, 9572, 9888, 9907, 7762, 8863, 2354, 9065, 155, 373, 166, 4145, 7063, 7818, 9738, 9802, 1999, 219, 3753, 6615, 7334, 2004, 7694, 9325, 3986, 7399, 7793, 9384, 1505, 6947, 8204, 3040, 4277, 9104, 7045, 6503, 500, 2163, 5330, 4858, 7172, 2426, 592, 2990, 9204, 4564, 3168, 967, 6918, 5192, 9235, 6272, 7422, 1292, 713, 4977, 731, 1663, 4914, 7864, 9486, 9461, 2209, 7010, 2796, 6448, 940, 5171, 5433, 1026, 4579, 6760, 7740, 1049, 5195, 5379, 2729, 8888, 1757, 2622, 1717, 4328, 2716, 7658, 1799, 2123, 1916, 3643, 4964, 6528, 2463, 4544
8924, 3661, 6465, 7752, 7700, 67, 2818, 3752, 4546, 7454, 8761, 9614, 9952, 81, 4764, 5264, 6486, 7342, 7388, 83, 6004, 8053, 8278, 8828, 9240, 5225, 5263, 8135, 9813, 93, 5704, 7165, 8361, 8677, 9451, 122, 4408, 7512, 7521, 8490, 8797, 9484, 6348, 3728, 9501, 157, 2959, 8239, 9980, 609, 6729, 4828, 181, 5834, 7537, 8712, 213, 1303, 4204, 7788, 8146, 8579, 8615, 6032, 2621, 9054, 256, 2831, 3631, 9621, 4994, 7708, 378, 1446, 1225, 4112, 400, 5167, 5217, 5364, 437, 6237, 8939, 6376, 450, 6374, 6424, 3902, 8686, 3097, 4438, 7993, 712, 2916, 6255, 7028, 6778, 7538, 7848, 1585, 1159, 3245, 2227, 4765, 2945, 4169, 6229, 2310, 2113, 1273, 2769, 4337, 6297, 3251, 1518, 8592, 1932, 3494, 5451, 1946, 2208, 5193, 7220, 3290, 2982, 3331, 3668, 2995, 3107
9822, 6739, 5292, 5985, 120, 2984, 9715, 5863, 6592, 8623, 1549, 4968, 3934, 2994, 1674, 3028, 2924, 3319, 2249, 4701, 8056
3, 9648, 40, 2694, 3550, 9119, 9488, 4558, 5119, 9818, 7272, 6181, 3055, 7222, 199, 1413, 4809, 8246, 9466, 9721, 5444, 272, 2612, 2561, 354, 4670, 3894, 6011, 1454, 817, 6574, 1397, 2179, 4426, 7241, 8983, 2398, 6073, 3307, 3080, 1714, 1489, 5675, 4734, 2850, 5118, 3870
62, 7858, 9445, 9798, 5053, 3082, 7830, 9077, 2758, 7606, 4414, 4353, 6594, 3311, 7492, 782, 7781, 5200, 8763, 9118, 2147, 1596, 971, 1771, 4153, 5635, 1411, 1385, 3639, 1408, 5010, 2952, 2992, 3634
1638, 5649, 5690, 6201, 6202, 9599, 9917, 5720, 9785, 942, 7472, 9096, 51, 2914, 4435, 4639, 5442, 5532, 7212, 66, 5498, 6903, 7405, 9920, 133, 2009, 3572, 5009, 8132, 8542, 6404, 170, 1346, 3442, 5112, 9843, 6074, 7562, 6544, 9234, 331, 2690, 9398, 276, 5800, 7283, 9266, 6267, 8446, 4904, 8548, 2879, 6866, 7724, 2081, 1554, 406, 2930, 3184, 6515, 9198, 6849, 2465, 8783, 8973, 576, 2291, 7050, 7835, 6988, 6649, 7329, 1603, 859, 3932, 5203, 8649, 3543, 3610, 981, 985, 4157, 3594, 1143, 1007, 7376, 1008, 2993, 3825, 1115, 6463, 8181, 1164, 5308, 7796, 2192, 5393, 7732, 6742, 4878, 2567, 1524, 3100, 6025, 2036, 2211, 1741, 2702, 3178, 4960, 5288, 5012, 2784, 3695, 3360
7475, 5, 1140, 3676, 6727, 9320, 9811, 3373, 7419, 9323, 3527, 8222, 7370, 79, 6387, 7776, 7978, 8414, 8847, 9337, 9799, 1306, 2386, 8105, 1615, 6058, 6959, 8510, 6931, 3206, 3158, 3968, 4096, 4783, 8215, 2650, 1197, 7108, 145, 3480, 6954, 8399, 8765, 8998, 5526, 6745, 2571, 4614, 5909, 7025, 7112, 180, 4278, 5474, 7193, 187, 4066, 8073, 8407, 226, 3256, 4223, 9172, 567, 6171, 4913, 8636, 9328, 6706, 394, 822, 4126, 9555, 439, 1634, 3624, 9568, 4542, 6800, 413, 1487, 8160, 9274, 432, 5255, 6086, 9589, 2460, 9244, 7561, 1621, 2792, 2905, 8166, 1622, 3087, 5247, 6817, 6083, 8912, 4692, 5815, 7632, 718, 1383, 5256, 2480, 6934, 778, 794, 2378, 3797, 3940, 7720, 1392, 1898, 6406, 5552, 4629, 3664, 8583, 7768, 975, 993, 5891, 1000, 4120, 7456, 2290, 5644, 4694, 3546, 4923, 3057, 2198, 5784, 1523, 4710, 1525, 3133, 6276, 8810, 2149, 1997, 2062, 2991, 3832, 7325, 2969, 6206, 5968
7946, 7435, 9255, 1565, 534, 2523, 1102, 6710, 8381, 9646, 7148, 9847, 4934, 2892, 5596, 7379, 7977, 1906, 5231, 7414, 8689, 9950, 7313, 3453, 6811, 7662, 192, 5677, 9239, 9311, 4592, 6651, 8423, 5565, 6598, 4996, 6893, 5859, 365, 5566, 8482, 374, 1357, 5575, 384, 5851, 8788, 9893, 9131, 6689, 469, 5311, 4345, 8108, 1846, 4581, 9098, 9858, 6697, 594, 3544, 7557, 8049, 5536, 3663, 1848, 9217, 1623, 7358, 6630, 4117, 1068, 3929, 4259, 1093, 4975, 2186, 3514, 1196, 2944, 1271, 4097, 6217, 8946, 4340, 7397, 9048, 1599, 5769, 6411, 5508, 5564, 5668, 1661, 1665, 3283, 5165, 2028, 7649, 3774, 3878, 3346, 4796, 5982, 4787, 4029, 5062
4, 2573, 3274, 4122, 5868, 8372, 8611, 8908, 9807, 5241, 380, 39, 4495, 6848, 8541, 9013, 9386, 9448, 9944, 659, 6624, 5577, 63, 1445, 4983, 5109, 6843, 7083, 8392, 8995, 6088, 7508, 9110, 8864, 8805, 1770, 342, 3626, 263, 1907, 4509, 7423, 8491, 9205, 9994, 749, 6505, 8314, 8497, 8652, 8678, 2219, 5016, 5381, 8047, 565, 6501, 7071, 2444, 8465, 6008, 5054, 8883, 707, 6218, 6366, 5372, 827, 8018, 5940, 865, 3226, 4945, 949, 4006, 6069, 5956, 1237, 3137, 4212, 6667, 6613, 7845, 1341, 1401, 1428, 1620, 3078, 6548, 6606, 1452, 4690, 5036, 6449, 1612, 2574, 3139, 3313, 3478, 5233, 3788, 2114, 2922, 6621, 2383, 5047, 6339, 3072, 4855, 5434, 3318, 3465
3075, 6102, 2279, 4972, 8803, 6641, 7486, 4520, 442, 9376, 9562, 9865, 7893, 8660, 9750, 5011, 9192, 8982, 9284, 9033, 7463, 5889, 5080, 1038, 6195, 9735, 7645, 289, 4766, 8691, 9102, 9906, 291, 4860, 3719, 6585, 6095, 4188, 6507, 5671, 7844, 8562, 528, 3857, 4433, 6078, 2000, 2699, 648, 6210, 9401, 8709, 4211, 4036, 1493, 8161, 8853, 7058, 6262, 5081, 1170, 7733, 1177, 5000, 2043, 8840, 1296, 4390, 4851, 4496, 6403, 3225, 6396, 4172, 6858, 7311, 7819, 3563, 1705, 2493, 6389, 4002, 2632, 5085, 4127, 4445, 1899, 3002, 3956, 4700, 3703, 4389, 2960, 6741, 2678, 3209, 3286, 5155
4181, 9, 2297, 4372, 5928, 6233, 8370, 9530, 4540, 9291, 8030, 2331, 5162, 8820, 9093, 868, 9542, 9692, 4971, 131, 3374, 721, 5492, 6112, 3705, 3417, 7074, 6960, 292, 8723, 9305, 9933, 3756, 5076, 5437, 5843, 7239, 8575, 8814, 343, 1067, 3126, 4537, 9427, 5375, 481, 1281, 7502, 7891, 510, 4396, 5007, 7493, 549, 3115, 3412, 6566, 6992, 1331, 5251, 9472, 5341, 7099, 8617, 8734, 2886, 4940, 6033, 7782, 7847, 1494, 775, 2966, 6012, 7281, 6425, 5806, 3355, 857, 3083, 1168, 8211, 8630, 4941, 7527, 877, 1259, 1858, 3461, 9026, 1288, 3734, 6647, 1066, 1879, 3945, 4141, 8829, 1086, 2849, 3249, 5944, 7256, 1155, 4386, 7545, 4979, 1199, 1678, 3811, 3708, 2075, 4343, 4557, 5373, 3199, 2388, 5172, 1468, 7593, 6018, 1536, 1587, 8043, 2355, 1695, 8287, 1794, 2482, 6519, 2222, 2106, 2998, 2689, 5489, 5475, 2698, 4733, 3246
4835, 9992, 5199, 4255, 8236, 7085, 7821, 9250, 9783, 82, 7687, 9310, 9627, 9905, 94, 733, 7353, 7890, 8825, 9294, 6462, 7827, 9371, 9538, 795, 9045, 9855, 8535, 9444, 2819, 5528, 4662, 5479, 9292, 6198, 8740, 3409, 7775, 8588, 3460, 6523, 2581, 279, 5974, 9724, 281, 4880, 5177, 9403, 9897, 1294, 6684, 7650, 8885, 5996, 2681, 8394, 8607, 7685, 7255, 4200, 9674, 1312, 8477, 9633, 739, 7559, 603, 4470, 7234, 9744, 9817, 5350, 624, 8136, 650, 6927, 4930, 674, 2082, 6886, 2306, 5230, 5029, 4993, 5147, 1837, 5052, 6190, 1444, 8500, 3015, 7736, 2301, 6801, 837, 4521, 6420, 7799, 5523, 4957, 5819, 986, 6044, 9003, 2379, 9857, 9370, 5403, 1598, 2361, 1335, 2347, 8442, 7100, 6247, 3305, 6792, 1954, 8911, 1426, 2375, 3744, 4170, 5389, 3768, 5751, 1490, 7842, 8317, 2962, 4654, 1625, 1691, 2471, 1711, 6974, 1933, 2560, 5701, 1844, 2165, 2712, 5766, 5783, 3142, 2285, 5714, 3329, 3119, 3298, 5592, 6820, 2753, 3714
6096, 1217, 7519, 9665, 5014, 8276, 390, 5633, 8087, 2020, 2070, 6317, 6654, 4516, 5572, 5123, 2791
8355, 8842, 36, 152, 7159, 7883, 9511, 7409, 9913, 101, 4070, 7202, 7628, 9840, 8559, 9313, 8022, 7640, 9598, 9258, 663, 2187, 4859, 9922, 1120, 1501, 2456, 8391, 1050, 682, 5712, 6120, 7981, 662, 3998, 6824, 7823, 711, 790, 2649, 4970, 7088, 5282, 5348, 3794, 3595, 4817, 1360, 5159, 1683, 1437, 1470, 1500, 1547, 2582, 2001, 1894, 1845, 1849, 4055, 3904, 2479
1204, 8291, 7716, 9833, 4125, 5262, 7675, 6983, 8889, 8969, 7892, 7657, 8180, 5294, 8469, 3512, 4547, 606, 2067, 5871, 9135, 191, 5688, 7857, 7894, 9936, 8350, 8232, 703, 5305, 5501, 9756, 6588, 7094, 6382, 3485, 2107, 504, 3462, 4911, 8928, 9667, 8620, 8824, 419, 6590, 7568, 5306, 5362, 1593, 4322, 8849, 6605, 8038, 970, 6944, 7579, 4388, 9008, 5983, 8962, 1195, 6940, 8448, 4251, 6144, 4552, 8341, 6051, 3065, 3404, 665, 6563, 5960, 4316, 774, 8071, 2840, 851, 5664, 6663, 5467, 4332, 1753, 7452, 995, 3630, 1116, 2674, 9079, 1448, 6890, 1320, 1539, 3403, 1338, 5191, 6248, 1376, 2122, 3370, 7488, 1519, 3826, 5855, 6386, 6712, 4485, 2874, 2151, 3646, 8758, 6933, 2789, 3539, 4206
4494, 3792, 6919, 6400, 8148, 108, 9514, 3867, 2453, 6880, 726, 2119, 6271
4987, 5450, 1250, 5844, 7653, 3781, 119, 5398, 9723, 8245, 3227, 9835, 8543, 2866, 9117, 7591, 2084, 396, 6873, 8195, 546, 2918, 4168, 3805, 3288, 9566, 5812, 965, 6815, 3284, 8385, 4515, 6362, 5003, 4792, 3043, 6995, 6846, 4646, 1522, 4636, 1700, 2948, 6876, 3875, 2293, 6303
8164, 38, 2269, 3357, 8868, 9773, 9866, 7850, 3773, 9631, 4876, 212, 6022, 9154, 9233, 4556, 8817, 262, 2701, 8554, 9377, 1736, 9152, 7473, 336, 2955, 7403, 6593, 401, 3064, 8207, 420, 3748, 2965, 8241, 519, 1876, 3120, 587, 2423, 8861, 2329, 633, 6534, 666, 5032, 9164, 4595, 826, 6325, 2059, 4895, 2414, 1669, 2844, 2757, 2765, 4327
8608, 28, 3722, 4147, 5723, 9180, 9218, 9652, 9786, 9864, 9270, 9268, 71, 1702, 3804, 4616, 8365, 9607, 9856, 8303, 143, 1421, 4985, 5078, 5838, 5952, 8683, 9030, 8257, 8054, 4576, 240, 2751, 5061, 5684, 6133, 8713, 8878, 277, 1769, 4309, 9032, 9777, 4216, 4779, 7984, 6589, 936, 773, 448, 5896, 6577, 7927, 8122, 8283, 475, 1188, 1673, 2576, 4441, 5826, 7207, 7843, 8074, 4939, 501, 6072, 9130, 3806, 1381, 2085, 3662, 6549, 9317, 584, 853, 5004, 6582, 6892, 5739, 644, 1129, 5556, 6701, 4049, 4995, 2832, 2146, 5149, 714, 791, 3847, 5419, 719, 3678, 6746, 7359, 1282, 5856, 2065, 8858, 905, 1710, 3047, 4755, 916, 6016, 7501, 8046, 3396, 3575, 1002, 4186, 5044, 1096, 1529, 6240, 1152, 2271, 6228, 1719, 2233, 2664, 3472, 2734, 6154, 7471, 1476, 4299, 3265, 1616, 2731, 3347, 6413, 2351, 5221, 4609
8931, 6162, 6779, 8296, 8568, 6542, 8830, 6490, 1057, 2380, 2486, 8227, 8519, 8086, 8696, 7223, 630, 204, 2723, 4786, 1773, 5902, 9622, 2814, 7437, 6431, 7517, 6480, 1260, 2377, 5507, 1559, 8093, 4436, 5283, 1243, 7346, 9018, 5938, 1687, 1751, 1803, 4019, 2483, 4422
6, 3511, 3999, 7327, 7829, 9070, 9129, 9159, 9771, 4415, 9959, 7326, 2134, 9108, 3459, 9493, 9010, 1517, 107, 239, 3271, 6197, 6795, 7439, 9988, 5411, 116, 2961, 3991, 8083, 9149, 9271, 4057, 1790, 153, 623, 3835, 4437, 5031, 5531, 6027, 8890, 222, 5289, 6370, 8203, 8284, 8643, 8859, 1573, 1658, 7444, 8509, 7969, 6204, 257, 1734, 2563, 8310, 8635, 8738, 287, 6834, 9433, 310, 1742, 5122, 6571, 7396, 9028, 9245, 5918, 5170, 4628, 387, 821, 3295, 4165, 389, 3836, 8351, 5370, 7887, 7368, 1988, 508, 4265, 4380, 8293, 8478, 2389, 2156, 2228, 2795, 629, 5957, 7117, 3413, 6332, 2231, 1269, 1387, 5318, 897, 839, 895, 1061, 3350, 1467, 4303, 7143, 4378, 3669, 979, 2161, 2980, 3942, 2713, 1030, 7558, 1343, 4260, 4034, 2858, 9463, 1334, 4974, 2435, 3562, 8488, 3490, 5359, 2257, 1561, 4673, 5331, 5135, 2434, 4027, 4304, 2017, 6529, 1759, 6481, 1762, 1969, 2775, 6816, 1840, 5089, 2342, 6764, 4275, 4746, 6440, 2787, 3230, 7380
5988, 8637, 11, 151, 3493, 4154, 9605, 9687, 8593, 7039, 9883, 9169, 52, 5237, 7294, 8887, 9358, 9983, 2872, 2437, 5926, 8979, 8458, 8645, 9139, 9161, 1692, 5274, 7195, 4208, 2255, 9543, 2671, 5683, 535, 8728, 8821, 9036, 9848, 7357, 8254, 8809, 5215, 9701, 4651, 8271, 8743, 2145, 4282, 7697, 7913, 8115, 321, 3051, 4311, 4830, 5746, 8819, 6628, 5605, 8716, 1662, 5471, 5209, 3560, 371, 6436, 402, 833, 8816, 418, 1953, 4111, 8768, 446, 456, 8253, 498, 4103, 6172, 7624, 1339, 8313, 5700, 1544, 636, 643, 3869, 3309, 724, 4387, 4721, 858, 3637, 3883, 7404, 8120, 6322, 3058, 1020, 1021, 5511, 3717, 6782, 5984, 6203, 7478, 3289, 7680, 1209, 3060, 2565, 3434, 1358, 7911, 6695, 3006, 3491, 2390, 3141, 1617, 6234, 6189, 1761, 6882, 5465, 4258, 3587, 2152, 5693, 4271, 7764, 6361, 7226, 4284, 3899, 3503
8102, 4912, 8437, 3987, 5448, 7305, 7361, 53, 4775, 7855, 7753, 5892, 5832, 329, 493, 9940, 8429, 9049, 9265, 9547, 5607, 4072, 3228, 9197, 355, 3654, 5965, 9729, 361, 1535, 8050, 6047, 364, 376, 4774, 7264, 8774, 464, 8395, 7041, 485, 4647, 3185, 7242, 7770, 9990, 3194, 5799, 8418, 906, 4491, 5497, 4617, 8189, 4473, 6587, 6659, 8570, 3368, 5303, 7552, 6668, 2976, 5387, 1782, 5805, 5901, 1210, 2051, 5477, 1297, 3730, 3476, 5121, 4131, 7586, 4901, 2064, 1868, 5184, 7070, 3200, 4475, 6863, 3402, 6344, 4484, 4643
9638, 9963, 2843, 7066, 8209, 7187, 7205, 9801, 161, 2666, 4026, 9326, 8467, 7177, 7676, 366, 3165, 4450, 3102, 2894, 4632, 6949, 1193, 2369, 7699, 3936, 4743, 7531, 8464, 1993, 600, 3591, 6176, 7278, 8406, 8536, 8893, 2284, 6771, 689, 2683, 870, 3584, 3953, 4492, 8628, 919, 3071, 2313, 5632, 1715, 4219, 2533, 1317, 1557, 2500, 1652, 3506, 4506, 7168, 1989, 2217, 4656, 2910, 4698, 2851, 6495
7, 1340, 2032, 6869, 7802, 8075, 9597, 9815, 6113, 210, 8815, 9146, 1560, 9975, 8708, 5976, 8895, 5018, 175, 5827, 6139, 7679, 7754, 9977, 8661, 443, 8466, 8732, 9620, 9637, 9590, 7259, 6993, 388, 5963, 424, 301, 7055, 7791, 7896, 440, 5146, 353, 2941, 7175, 7507, 9087, 9826, 9863, 9429, 7365, 2322, 7146, 7840, 8039, 392, 1456, 1690, 2919, 3483, 6772, 399, 7773, 7777, 9215, 417, 7252, 7433, 8371, 9060, 7660, 9417, 9872, 7436, 8172, 8379, 8629, 9409, 7249, 8173, 5550, 489, 604, 1957, 6003, 2933, 4947, 922, 2447, 1295, 677, 685, 6232, 1826, 4538, 3025, 3710, 4575, 1979, 976, 3339, 3400, 7737, 2971, 1019, 1416, 1984, 2673, 1548, 5725, 2972, 6810, 8186, 1154, 1174, 2190, 3682, 7216, 8362, 4834, 2537, 7427, 2658, 2647, 5921, 4881, 2644, 6333, 2309, 5651, 4366, 1720, 3104, 3725, 3992, 2870, 4539, 2367, 2418, 4541, 5916, 3680, 4908, 5286, 2685, 5226, 3391, 4336, 4357
3761, 6777, 5394, 5455, 5591, 6412, 190, 6991, 7398, 9498, 9512, 8834, 3509, 9081, 9124, 268, 2300, 6622, 9981, 4325, 6581, 8405, 9618, 2280, 8627, 621, 7510, 4715, 7003, 6597, 486, 2813, 3425, 7178, 1302, 9496, 7980, 1951, 6369, 6286, 598, 6951, 5951, 743, 3793, 7244, 6026, 758, 2364, 4474, 5836, 894, 6059, 1342, 3921, 3112, 2373, 6541, 6837, 1245, 3469, 7540, 3962, 1427, 3981, 1694, 1727, 2120, 1743, 1765, 4761, 3003, 6962, 2005, 2144, 3762, 2183, 4220, 3320, 4814, 6155
4363, 6236, 12, 4511, 5093, 5717, 6938, 7217, 9431, 8963, 9844, 35, 6642, 8935, 9681, 9462, 48, 3475, 5505, 5709, 6766, 7429, 7683, 8353, 49, 1350, 1850, 4613, 5223, 5721, 8060, 50, 3583, 6393, 6827, 7674, 8800, 9453, 7721, 1609, 6040, 8454, 85, 362, 1265, 6249, 9309, 90, 1901, 2041, 2195, 4401, 5659, 7533, 6466, 1121, 2353, 5676, 8270, 8767, 8966, 9034, 8865, 9946, 8539, 4368, 4624, 174, 2074, 3743, 5533, 6524, 6643, 7532, 5083, 816, 6939, 5932, 5242, 253, 1379, 5722, 6265, 260, 1352, 1479, 3496, 3566, 5395, 5457, 9402, 6125, 7997, 5738, 1486, 7128, 899, 3545, 8356, 9641, 2588, 8080, 1022, 2199, 4986, 904, 3301, 607, 5337, 3918, 6100, 3737, 7154, 1146, 5622, 7578, 3216, 9208, 3456, 4608, 5480, 755, 3113, 5046, 8324, 6064, 8113, 5390, 5021, 8527, 2194, 977, 1198, 1006, 7029, 2662, 8375, 8972, 5179, 2943, 4174, 3144, 7109, 3406, 1221, 5678, 6041, 5537, 1706, 1347, 1909, 5290, 1449, 1461, 4573, 5929, 3524, 6833, 2806, 2072, 3666, 6347, 5347, 2999, 5005, 2283, 2319, 5663, 5265, 3324, 5213, 3988, 3014, 4115, 3090, 3688, 5431, 4650, 5175
4959, 5737, 5745, 7006, 9808, 4693, 8693, 9544, 3250, 4827, 968, 8262, 4652, 6450, 7707, 6844, 7718, 5388, 6677, 211, 1191, 5614, 8598, 5849, 8560, 7299, 8327, 255, 3131, 8131, 8682, 9452, 9563, 9705, 273, 2519, 5094, 9221, 9986, 7884, 5517, 9084, 8832, 3440, 9746, 5281, 5927, 4042, 2692, 438, 1935, 7917, 8934, 9714, 444, 2670, 3593, 3948, 9624, 9613, 1645, 9961, 3739, 8989, 550, 1033, 4069, 5609, 2929, 3775, 575, 1528, 1893, 9916, 7337, 616, 6545, 7955, 3390, 667, 6662, 1311, 4723, 7406, 6009, 1442, 4965, 5196, 2551, 3012, 3220, 5852, 4149, 1052, 8938, 1139, 4199, 5271, 3686, 5776, 3378, 7570, 4240, 2096, 3066, 1098, 3665, 1964, 4600, 2366, 2636, 4967, 3192, 7363, 8092, 1374, 1406, 6441, 2707, 4839, 4407, 4572, 3696, 4973, 1664, 1739, 7235, 1671, 3531, 6707, 4791, 1830, 2458, 6241, 1912, 5302, 2091, 4981, 2176, 4292, 2264, 3498, 2653, 7057, 4527, 6001, 5798, 5640
5580, 6087, 9610, 7136, 1657, 9651, 100, 3441, 3947, 5090, 7284, 8005, 9494, 9764, 8427, 128, 242, 1391, 2833, 5197, 6292, 8843, 9938, 7008, 144, 4413, 6328, 7111, 7121, 8668, 9336, 7227, 6875, 9242, 184, 1488, 4899, 6492, 8359, 7182, 236, 1100, 1779, 5895, 6808, 6910, 7806, 9473, 237, 4529, 5300, 5917, 9186, 4330, 7598, 9793, 7937, 640, 5065, 294, 2740, 5893, 8848, 6429, 8624, 8223, 4999, 334, 2273, 4213, 6124, 7047, 8717, 1084, 8571, 1810, 3596, 1264, 449, 3501, 4803, 7343, 3897, 7500, 7383, 6024, 5853, 4583, 3720, 6877, 8762, 1366, 6680, 9241, 7929, 4865, 768, 2404, 781, 3159, 3603, 5476, 8574, 2225, 3955, 6935, 807, 1103, 873, 902, 3677, 5554, 7253, 7564, 2143, 8225, 6656, 4243, 6299, 4007, 1628, 7351, 1205, 3653, 1239, 8525, 1422, 1970, 4686, 2801, 8501, 1433, 1453, 2345, 2218, 1462, 6131, 1509, 2737, 6116, 3123, 4202, 6783, 1676, 2811, 1965, 3022, 3707, 2034, 6368, 2164, 3528, 4944, 3038, 2616, 6380, 4490
9175, 7119, 8422, 8576, 8757, 9293, 9495, 9630, 8873, 6497, 5143, 9541, 9587, 8917, 9413, 8438, 871, 9225, 5987, 9421, 206, 2889, 9965, 6686, 5995, 269, 1284, 4215, 7110, 8650, 8904, 284, 6399, 6716, 7149, 8263, 8850, 9758, 7091, 346, 2142, 2613, 3099, 8158, 9947, 8116, 9390, 1944, 8780, 6805, 391, 5567, 8396, 9941, 3779, 2507, 3651, 7637, 5269, 6913, 4578, 3977, 4756, 642, 8410, 6559, 4907, 6434, 2693, 1956, 7979, 5922, 6997, 6019, 6718, 4897, 6556, 8947, 671, 4910, 5466, 7514, 6196, 8706, 9415, 7483, 7401, 1483, 1581, 6773, 1301, 6414, 917, 3905, 7267, 980, 4412, 6748, 8549, 6916, 3930, 6968, 1071, 1937, 6050, 6709, 1094, 4507, 2513, 7569, 7277, 8205, 4681, 5775, 6186, 4781, 3431, 4821, 1756, 4730, 1443, 2054, 3117, 4669, 5515, 1526, 4142, 8860, 3561, 6324, 1643, 1785, 4201, 6604, 5641, 5793, 6163, 4610, 4872, 2303, 7550, 2545, 2474, 3614, 2736, 6346, 3073, 7282, 6674, 3195, 3272, 3507, 4075
8, 7453, 9580, 9803, 14, 4116, 9654, 451, 9596, 7434, 8210, 9632, 9606, 1723, 7804, 6359, 8692, 2963, 8511, 102, 4087, 8408, 6432, 7655, 9993, 6110, 8869, 2516, 4173, 4770, 5416, 8163, 169, 6901, 9927, 7218, 4179, 9475, 8224, 7756, 6512, 363, 6922, 7459, 6227, 435, 1996, 5045, 9449, 1952, 2328, 3098, 524, 1629, 9351, 4720, 8450, 638, 6309, 7044, 5954, 751, 8563, 3538, 819, 3690, 5363, 8119, 3042, 5238, 3827, 3656, 5642, 6278, 2258, 5384, 4566, 5107, 2429, 6020, 1800, 6430, 6173, 1465, 1515, 4790, 1569, 5887, 1684, 5287, 2790, 1920, 4963, 5808, 4367, 3978, 3926, 4757, 5210, 6092
7958, 4653, 234, 9895, 1064, 7163, 43, 8424, 7291, 7914, 4371, 6066, 7364, 9170, 8769, 7310, 7882, 5034, 4868, 3972, 8007, 2409, 2226, 9373, 1212, 9804, 8194, 806, 2401, 3398, 3326, 777, 881, 6786, 6975, 4064, 652, 8259, 8436, 6281, 1186, 5166, 6301, 9510, 1942, 5582, 5939, 3292, 7332, 2368, 2457, 3095, 6565, 1431, 1362, 5919, 1497, 6687, 5958, 5553, 4242, 2177, 7815, 3838, 5346, 5758, 3523, 2509
8149, 1466, 8808, 9996, 1885, 9267, 194, 2691, 4119, 7673, 9805, 9850, 9970, 9321, 386, 610, 997, 6457, 9299, 9349, 8008, 1961, 2359, 5481, 8520, 9115, 8027, 3467, 473, 3492, 8374, 9708, 4289, 9647, 3463, 4661, 5524, 7573, 620, 1605, 9534, 6575, 7965, 8312, 6452, 9520, 3845, 937, 7490, 844, 1434, 3997, 1226, 1927, 4477, 928, 2927, 5706, 7191, 983, 2804, 2397, 9220, 1636, 3994, 6584, 4297, 5790, 6253, 1058, 2047, 6554, 4318, 5145, 1680, 8315, 6719, 1512, 3644, 2688, 6149, 7665, 8126, 1772, 3336, 3500, 9430, 5461, 1712, 4065, 5399, 1971, 5400, 2229, 2611, 6152, 3435, 4732, 4585, 3704
72, 6294, 3276, 8646, 9352, 9216, 2830, 7247, 8168, 3685, 9770, 9209, 8256, 9173, 2646, 248, 9964, 7203, 9248, 6639, 752, 3489, 960, 9569, 7243, 935, 1162, 564, 7280, 5391, 2175, 3711, 8449, 693, 5547, 1708, 3096, 747, 2281, 3004, 6770, 882, 4649, 4631, 8601, 4432, 6618, 1009, 1014, 2162, 8106, 4092, 8540, 1482, 1530, 8512, 8942, 1588, 3780, 4383, 2191, 8061, 7420, 2768, 5612
4870, 4459, 6000, 5907, 6749, 5992, 7021, 6698, 8178, 8175, 3369, 4479, 8347, 3814, 2213, 2251, 6527, 4079
8845, 78, 2536, 7833, 8752, 1950, 4604, 9871, 339, 5796, 5339, 1619, 7464, 7075, 8870, 6245, 8366, 2170, 8265, 1119, 8133, 2473, 9585, 6516, 3564, 5087, 3589, 2605, 3606, 7298, 3579, 2282, 3903, 4718, 4644
9515, 7544, 9454, 33, 6652, 8121, 9127, 7912, 9190, 9505, 8781, 9604, 96, 1478, 1812, 2585, 4129, 5600, 6513, 7767, 8687, 4591, 2535, 6402, 2895, 3581, 8970, 6289, 5606, 9957, 200, 4280, 4758, 5426, 4682, 4888, 8411, 8796, 9762, 2614, 4159, 5201, 5312, 6632, 8907, 9707, 8899, 266, 1507, 2014, 3915, 1463, 5382, 1113, 325, 1399, 8694, 326, 572, 4729, 8473, 9379, 950, 8647, 5338, 1132, 3759, 9849, 558, 3767, 8162, 5624, 690, 1667, 2898, 6246, 8879, 6570, 3727, 1039, 800, 1234, 6636, 6648, 7822, 1390, 9324, 8590, 878, 1972, 8926, 923, 3784, 5650, 1767, 951, 5648, 6345, 1040, 6275, 6806, 5866, 8079, 8346, 1235, 1797, 2411, 2774, 1318, 5797, 3044, 1371, 6065, 7856, 7599, 1472, 4760, 6838, 4915, 1804, 6459, 5975, 1862, 1881, 2316, 2181, 2356, 2835, 4518, 3128, 4498
10
2534, 5628, 8201, 9419, 2055, 3474, 9155, 625, 138, 7043, 7743, 8633, 9557, 142, 522, 9602, 1859, 165, 6987, 8199, 9776, 5931, 2270, 6293, 3789, 8747, 2298, 395, 2602, 2826, 453, 6471, 9533, 520, 8609, 4990, 5698, 2362, 4035, 3364, 4008, 8369, 8285, 4393, 4795, 6653, 7585, 3807, 3776, 4133, 1502, 1796, 1992, 7931, 3207, 2013, 6291, 3242
6207, 6141, 19, 8011, 8550, 8103, 7968, 8111, 8605, 9137, 9140, 9231, 7949, 1095, 7555, 9330, 98, 6061, 7698, 8742, 9020, 9926, 5734, 3855, 7952, 115, 6776, 7424, 7695, 4713, 2128, 6023, 6966, 9428, 7748, 9050, 171, 6699, 7684, 8345, 176, 7759, 7795, 8240, 9838, 9882, 6850, 7696, 1537, 300, 687, 785, 4286, 7889, 4846, 4920, 8894, 6601, 847, 2338, 6081, 4480, 7800, 3444, 397, 5074, 6732, 8782, 6079, 999, 461, 1369, 2272, 4857, 7589, 3315, 5802, 477, 4818, 6883, 1059, 1892, 6740, 4976, 512, 1651, 5894, 6355, 7794, 2852, 1208, 3841, 5679, 6970, 3202, 7448, 7141, 668, 1919, 3011, 5950, 1457, 1827, 732, 6157, 7916, 7022, 1032, 7930, 6572, 3641, 4221, 896, 5333, 8188, 3692, 8778, 7760, 5378, 1024, 3423, 4854, 4902, 1189, 1047, 7688, 7976, 5483, 1141, 1388, 7250, 6626, 5840, 7438, 6226, 1405, 3086, 1441, 4659, 3890, 1766, 1550, 1590, 3617, 3900, 2154, 6135, 1987, 2748, 3558, 6260, 4680, 3323, 3382, 2708, 3740
7320, 9639, 7947, 64, 3944, 9043, 9819, 9214, 5152, 7150, 9573, 217, 5656, 7939, 8098, 220, 7509, 8564, 7898, 3027, 8855, 704, 3961, 1729, 5101, 2360, 9561, 3871, 5900, 3671, 2747, 4712, 4124, 2450, 2484, 5340, 1153, 3850, 1229, 6967, 1393, 3182, 2340, 1604, 5685, 9109, 2061, 5140, 5899, 2970, 5077, 4528
7828, 15, 3387, 5692, 7161, 8026, 8364, 9064, 9998, 9955, 25, 5351, 6364, 6744, 8261, 8388, 8770, 9483, 8891, 56, 2735, 4354, 6546, 7458, 8580, 3359, 7565, 70, 3621, 6474, 7460, 8933, 9767, 8165, 7158, 156, 1262, 1884, 2037, 4725, 8582, 158, 2056, 3455, 4452, 9237, 9243, 5206, 7602, 4011, 3633, 5154, 345, 3949, 5161, 7440, 8031, 9437, 5520, 7881, 2083, 2357, 518, 1242, 2080, 3963, 4379, 6239, 533, 2399, 4811, 6357, 6685, 3884, 1686, 5404, 4665, 760, 2890, 1135, 4156, 6205, 815, 889, 7954, 8958, 5482, 5594, 7192, 9576, 962, 3658, 8228, 2461, 6734, 3261, 4030, 5307, 1232, 3013, 7745, 8597, 6540, 6979, 1246, 1832, 3164, 1344, 2979, 1396, 5212, 1407, 1975, 1499, 1503, 7155, 1508, 3911, 1576, 1822, 3419, 1725, 5216, 2326, 4577, 3438, 2050, 3906, 4025, 2761, 2295, 2744, 6215, 4675, 6300, 4233, 5041
9487, 1044, 8097, 6809, 8626, 9565, 84, 1157, 7391, 9889, 113, 2462, 6682, 9074, 9560, 3297, 9187, 9408, 5872, 2766, 246, 1224, 1491, 4254, 8128, 9706, 3971, 746, 2531, 9877, 4677, 954, 7577, 9548, 912, 459, 3893, 6736, 9253, 1568, 2046, 7015, 3619, 7431, 7873, 8959, 7735, 3571, 5325, 6821, 7410, 6941, 4808, 4997, 3726, 4245, 2315, 6049, 2188, 1784, 3085, 1414, 6212, 5733, 4887, 4360, 3923, 1477, 6068, 6579, 1941, 5546, 3052, 7936, 8138, 2878, 3613, 5658, 5767, 4198, 2908, 4465, 6365, 4351
2126, 7198, 9474, 16, 4098, 7825, 8330, 8275, 2476, 5527, 297, 8980, 196, 4679, 9269, 5730, 7920, 9171, 1179, 7738, 2492, 1016, 1730, 6547, 7447, 2348, 9645, 8184, 4398, 1889, 1460, 4291, 7523, 2939, 2241, 2382, 2601, 6936
4933, 6118, 3033, 5458, 9937, 7381, 7648, 7831, 9157, 4348, 4919, 2668, 8957, 8771, 1746, 4073, 735, 3277, 3156, 2018, 6705, 2783, 5534, 8081, 1447, 3648, 1703, 4193, 2173, 5401, 3577
6127, 9640, 6192, 9878, 69, 3193, 4992, 9393, 1227, 612, 5176, 7810, 678, 3829, 7467, 3731, 5774, 3751, 1429, 8352, 2057, 3023, 5297
8534, 6609, 6580, 8872, 1289, 9504, 91, 2838, 3449, 9158, 9017, 7672, 6428, 2125, 9414, 8357, 6928, 3866, 1415, 8965, 4493, 6488, 293, 5947, 9179, 9537, 9593, 6610, 1175, 1274, 9499, 1394, 8006, 5897, 382, 5630, 421, 2618, 6128, 9312, 6416, 7960, 8794, 7996, 6302, 9575, 7273, 2487, 5178, 494, 1589, 3103, 9684, 9870, 7314, 2424, 538, 2393, 5314, 5747, 7095, 8134, 8002, 7087, 9011, 8127, 7113, 9040, 9122, 3880, 588, 3124, 8409, 613, 1655, 1943, 3332, 5386, 6964, 8089, 4488, 2103, 705, 998, 6213, 7054, 9885, 1811, 6336, 8616, 7618, 8754, 8196, 842, 6735, 8483, 6961, 5966, 867, 2640, 933, 7497, 5807, 1726, 5104, 984, 9230, 2555, 4466, 1219, 3397, 3853, 7489, 3741, 2139, 3238, 7556, 1351, 1370, 7089, 2732, 4728, 5319, 3161, 5744, 4443, 4863, 2341, 3183, 4607, 5998, 3020, 1866, 1869, 1974, 3573, 2203, 4425, 2121, 2428, 7269, 2223, 2520, 2619, 7719, 5371
9556, 8596, 7998, 8877, 9677, 7581, 4845, 6316, 8432, 9316, 7669, 8547, 5460, 7983, 7607, 5129, 3208, 3980, 4048, 4961, 4334, 627, 4321, 3036, 2485, 5841, 8155, 6867, 855, 1704, 6160, 5999, 4326, 1814, 2657, 5428, 4780, 1571, 3852, 1809, 2335, 6017, 3693
13, 4717, 5542, 6640, 8956, 9425, 688, 1240, 5590, 8167, 89, 2277, 3049, 8856, 9751, 4239, 5259, 6199, 6343, 8625, 4419, 5839, 4747, 7990, 5114, 7647, 9289, 5729, 6887, 9381, 8023, 7127, 3304, 4361, 5099, 5249, 5335, 8558, 7563, 5120, 5662, 7487, 8920, 9281, 4898, 7957, 2489, 673, 1670, 2305, 4135, 6161, 559, 5867, 6767, 8653, 8679, 9754, 5518, 5374, 7160, 3965, 1280, 3299, 5886, 6435, 7052, 7938, 9391, 5978, 9918, 709, 4288, 7686, 8595, 9114, 9308, 2871, 720, 3931, 1808, 3659, 5002, 9477, 7551, 2053, 866, 1110, 8910, 893, 2172, 4257, 7428, 3143, 2501, 1083, 6511, 9588, 1602, 3778, 5284, 4909, 1201, 6010, 1247, 6337, 4890, 1290, 5627, 5835, 2909, 1591, 2023, 8220, 5613, 1728, 6658, 5973, 4014, 2511, 2158, 5070, 6819, 3554, 6221, 2559, 3790, 2902, 5181
1176, 141, 9774, 4568, 9121, 4177, 7288, 3248, 3430, 1567, 7725, 5187, 2521
2039, 2090, 5773, 1090, 5888, 9212, 6670, 887, 4953, 1816
2659, 7560, 2263, 5190, 335, 6006, 6730, 7017, 9778, 7865, 6342, 7503, 261, 8480, 8606, 9814, 9450, 328, 5964, 6498, 7820, 5791, 8235, 356, 6014, 7309, 8475, 8150, 4269, 422, 2682, 7040, 6553, 8085, 1895, 2504, 3691, 3344, 5131, 5392, 7413, 8012, 8307, 9601, 934, 3105, 3424, 1087, 2656, 2510, 1230, 2503, 6460, 7287, 4078, 3655, 3505, 1597, 3340, 4657, 2202, 4530, 3758
3081, 9063, 7338, 7062, 8657, 5602, 1054, 2893, 7702, 8737, 9532, 7494, 9404, 9903, 7115, 9178, 5478, 7948, 275, 2421, 3909, 6093, 9174, 4988, 7621, 9829, 360, 7231, 8479, 8070, 8790, 6994, 410, 5464, 9861, 8565, 6266, 6321, 7824, 9283, 9616, 8279, 7722, 6075, 649, 1888, 5111, 8526, 9300, 931, 692, 5413, 1469, 3889, 8258, 770, 3611, 5246, 4109, 1275, 4874, 3976, 4420, 8561, 2808, 6999, 1097, 2207, 1824, 3914, 1251, 1373, 3812, 4023, 5873, 8021, 6235, 5702, 4158, 7513, 6263, 5415, 3922, 4812, 2570, 2651, 2365, 2343, 6327, 4024, 2627, 3848
5707, 5762, 6525, 9586, 8791, 8057, 3888, 1807, 4385, 9524, 9732, 9755, 9145, 7919, 8837, 6691, 9615, 8034, 3054, 134, 4067, 4128, 6539, 7061, 8099, 8176, 6270, 7785, 2135, 8368, 9919, 9550, 5253, 4234, 6109, 195, 5854, 7213, 8518, 8658, 6475, 7706, 7712, 7885, 314, 6733, 619, 3795, 5687, 9974, 9039, 2452, 5530, 5539, 8219, 7590, 2086, 379, 1915, 7395, 9733, 8892, 398, 4788, 5610, 7179, 7221, 3983, 4009, 6391, 6607, 6908, 9867, 2954, 7372, 5158, 4517, 7219, 8705, 8964, 3385, 497, 4864, 6214, 6238, 7301, 4671, 8288, 6094, 2376, 556, 2518, 2977, 5473, 8703, 570, 1105, 2841, 7188, 6379, 7036, 3235, 8735, 1872, 7633, 5597, 769, 2633, 3821, 3427, 5809, 849, 1412, 6223, 4105, 6060, 4375, 3684, 939, 5825, 8191, 2133, 7923, 7878, 2759, 4468, 8110, 1936, 7336, 4794, 1386, 1873, 1420, 2267, 3742, 2756, 3540, 1531, 2439, 5741, 1632, 2499, 8602, 6108, 3198, 6378, 4347, 2246, 1925, 4373, 2038, 4090, 4615, 3924, 6137, 7271, 2938, 3446, 4266, 3212, 4561
7030, 41, 741, 3542, 9880, 58, 996, 6426, 8295, 9874, 7265, 1594, 9238, 9763, 135, 3615, 5538, 8760, 9014, 9434, 2232, 8505, 164, 4550, 8867, 9319, 5097, 221, 6583, 7347, 9892, 5224, 5584, 4702, 6323, 5967, 423, 447, 2556, 3306, 7522, 4017, 474, 499, 6469, 9078, 5568, 8024, 611, 4534, 6147, 2985, 8412, 3190, 2562, 702, 6725, 2150, 1962, 2294, 6560, 753, 6168, 9285, 765, 5279, 6790, 6080, 9405, 6273, 6627, 958, 5770, 1031, 2262, 6326, 2141, 3451, 1418, 2517, 2762, 3856, 8114, 1752, 9273, 7306, 1986, 7455, 4875, 1737, 3132, 3147, 5557, 1928, 2776, 3912, 4640, 3809, 3203, 2318, 3046, 3950, 4194
7961, 105, 9388, 8269, 601, 7480, 700, 9088
8532, 5067, 9839, 3354, 9527, 117, 454, 8306, 9365, 9375, 9834, 9910, 9921, 8032, 7415, 162, 571, 2883, 6458, 8017, 9435, 3959, 9529, 1641, 8036, 6842, 7635, 7616, 344, 3129, 6759, 7763, 8495, 8833, 9663, 6854, 8474, 405, 683, 990, 1111, 4060, 6906, 8125, 1978, 5304, 6952, 5823, 4571, 8756, 6802, 8461, 6708, 7711, 5124, 809, 6813, 2200, 3877, 7366, 7903, 6311, 5912, 7644, 4801, 1076, 6835, 7692, 1085, 2261, 2903, 6169, 7077, 1681, 1254, 2102, 6765, 1276, 3260, 1402, 3585, 3891, 1679, 6963, 3851, 3174, 1731, 3535, 3937, 4100, 7020, 8426, 6976, 3770, 6005, 2603, 3267, 6158, 5636, 4203, 3622, 5626, 6259
9747, 8101, 5322, 5979, 3429, 5724, 6341, 110, 7251, 7466, 111, 6830, 7426, 8886, 8498, 516, 1624, 8249, 573, 6803, 788, 7765, 6385, 2942, 8806, 5937, 7078, 5228, 2950, 4900, 5660
9399, 6438, 6280, 6478, 8642, 860, 8000, 8066, 1675, 9806, 6405, 3549, 8445, 258, 8795, 4139, 3303, 285, 4171, 8718, 6037, 6985, 468, 2296, 7360, 3800, 507, 6676, 7904, 9930, 595, 4822, 8143, 2718, 672, 1359, 5073, 3231, 7129, 2997, 2904, 1277, 5103, 8670, 5207, 8587, 6034, 6138, 2797, 5048, 4210, 4344, 6105, 3263, 3464, 5920, 6595, 2834, 1551, 3005, 5771, 2951, 3990, 1806, 2449, 3401, 2392, 5743, 3787, 4093, 3580, 5102, 4050, 3822, 6290
9851, 8634, 4879, 4166, 9052, 697, 4399, 9151, 183, 1409, 2901, 6536, 7144, 7392, 7713, 8992, 9086, 186, 829, 5616, 5814, 6631, 9868, 7646, 228, 2907, 4660, 5211, 6057, 7535, 8822, 8192, 3723, 8513, 299, 3854, 6754, 8144, 9441, 4298, 4906, 2592, 5579, 4440, 8745, 531, 2599, 2672, 2987, 6166, 7297, 8025, 605, 5345, 6055, 8675, 6453, 9953, 2777, 3077, 7677, 9025, 9094, 7654, 1244, 1117, 5750, 8004, 1075, 3342, 4052, 4502, 991, 3910, 6937, 2308, 6338, 2675, 6277, 4246, 6956, 7201, 8299, 8618, 1648, 4262, 6900, 7963, 4478, 3636, 1353, 2630, 5719, 1354, 6526, 2197, 3618, 7102, 2266, 7530, 1580, 4197, 8985, 6304, 1860, 6798, 3450, 2888, 2245, 2391, 3447, 2333, 4130, 4362, 2443, 5574, 4053, 3816, 4085, 4548, 5787
5583, 9991, 9570, 185, 4324, 4966, 7584, 99, 5023, 5731, 8051, 5276, 8569, 2033, 6445, 8753, 946, 5883, 5082, 8308, 5377, 8151, 7118, 5270, 6437, 8852, 352, 7749, 3919, 9327, 9412, 9662, 2027, 9354, 7995, 5765, 491, 2932, 3747, 5949, 2583, 7049, 580, 5449, 657, 7130, 8200, 7186, 6831, 729, 6509, 8398, 748, 1666, 2988, 8322, 4217, 4856, 4672, 2810, 2584, 9439, 9042, 978, 3009, 8470, 1035, 6180, 3471, 3623, 9314, 4877, 1776, 6774, 3608, 4107, 8524, 1365, 8900, 4903, 3310, 3574, 1882, 3074, 2049, 6487, 3365, 9939, 1735, 3749, 2785, 3487, 7000, 4637, 6170, 4553, 4596
6508, 4978, 22, 1682, 1918, 3187, 4943, 5376, 8586, 8721, 9476, 5410, 2802, 9126, 7344, 8584, 1313, 4635, 6310, 900, 2917, 3863, 4287, 7400, 5611, 3361, 9378, 4134, 3050, 2140, 8251, 198, 577, 723, 5100, 7304, 7352, 9559, 6633, 9057, 8216, 8378, 9716, 290, 4606, 6231, 7572, 9153, 9935, 295, 992, 4189, 7605, 8463, 9912, 6409, 9202, 6822, 3796, 8234, 8875, 367, 1841, 2610, 5006, 8515, 7868, 8217, 4950, 404, 1252, 3016, 414, 2216, 2442, 6285, 9353, 5169, 1896, 4232, 7375, 2767, 3232, 3061, 802, 2419, 3179, 8145, 9782, 8107, 3916, 1036, 6121, 8349, 622, 762, 1364, 5913, 7681, 5133, 1627, 9184, 2420, 6807, 6826, 4932, 786, 6216, 6354, 7703, 1122, 994, 869, 4151, 6724, 7935, 8772, 1721, 1668, 1900, 6502, 4106, 1423, 1592, 3196, 7528, 7723, 6532, 1003, 3892, 7196, 8100, 1027, 1718, 6188, 2506, 1070, 2288, 8773, 7059, 6052, 1266, 3270, 4892, 5669, 2240, 3362, 2579, 4406, 5994, 2639, 2358, 5585, 2260, 3966, 8297, 2299, 3738, 5219, 2935, 2105, 4599, 5132, 2873, 8789, 5194, 2996, 7594, 5472, 6126
7899, 4083, 7067, 9546, 2265, 4984, 1831, 6608, 9945, 6738, 8725, 8382, 5777, 8787, 783, 1348, 2967, 8484, 308, 1319, 4676, 8831, 9830, 8599, 9539, 3943, 4331, 5296, 6665, 9193, 4926, 8726, 5240, 7566, 2276, 6644, 6477, 5639, 8976, 9526, 4261, 875, 6864, 8566, 9958, 799, 6254, 6791, 3300, 3534, 8838, 3979, 3993, 1829, 7292, 3291, 7038, 969, 1677, 4802, 8916, 3484, 1018, 2527, 7013, 7274, 8471, 8140, 7900, 6690, 4225, 2720, 3377, 4674, 1200, 4810, 7999, 1272, 5544, 8632, 9685, 3946, 5063, 6599, 1327, 2314, 1330, 5732, 2564, 2590, 1484, 5113, 1541, 6912, 3745, 6053, 2779, 1940, 4464, 7014, 7270, 2974, 4296, 4089
8903, 3452, 3935
17, 8591, 2238, 1510, 744, 1181, 3957, 3275
3114, 7382, 3799, 8802, 2019, 9357, 4536, 3076, 8695, 9789, 8655, 8481, 2743, 9775, 4798, 6035, 172, 2805, 3172, 3803, 6914, 8376, 9642, 9567, 8622, 6711, 1293, 5422, 375, 8955, 3445, 3181, 8603, 831, 6520, 8486, 9836, 8286, 6401, 7634, 8517, 9657, 3201, 8183, 6823, 7106, 6603, 8229, 557, 1555, 2092, 8711, 9447, 7425, 3070, 5222, 653, 2278, 8902, 4861, 6841, 5850, 5106, 7860, 9007, 828, 1865, 5781, 9075, 9831, 9846, 5617, 6895, 5595, 8573, 898, 1778, 3586, 6504, 1125, 1607, 6455, 8640, 7895, 8292, 4155, 1079, 2214, 1108, 4294, 6702, 2543, 2502, 7441, 1835, 1287, 6394, 6945, 7987, 6561, 8390, 7302, 2809, 1534, 4740, 4430, 1595, 5847, 3548, 1713, 1716, 6114, 4612, 1815, 1911, 3399, 6953, 2726, 4323, 3840, 4487, 2827, 3388, 3569, 3886
8067, 5250, 9480, 2417, 8610, 8084, 9739, 5735, 9703, 9972, 7190, 4190, 129, 3259, 6612, 7994, 8267, 8400, 8827, 9731, 915, 178, 1439, 8981, 9047, 9167, 4293, 6442, 9356, 233, 2433, 5652, 6104, 6671, 6737, 7076, 8142, 9200, 9740, 9884, 9278, 6780, 7744, 6578, 348, 2897, 3750, 5427, 7214, 3000, 1286, 6958, 7604, 4867, 9749, 4376, 8739, 8387, 9181, 9690, 3410, 637, 5369, 6288, 7321, 645, 5570, 6500, 2637, 772, 3093, 6768, 9699, 5962, 8040, 4056, 5452, 7614, 7666, 2598, 5971, 6470, 1081, 4931, 7369, 6398, 4844, 8367, 1151, 8927, 8268, 5862, 7093, 7053, 7953, 4248, 1304, 7090, 8095, 9143, 1575, 2981, 2166, 4228, 6358, 4099, 4619, 3823, 4458, 6274, 1857, 1963, 1990, 5328, 6283, 5227, 2148, 2247, 2860, 7224, 2634, 6752, 3468, 4081, 3287, 3255, 4554, 4525
8925, 3565, 209, 9676, 9053, 5898, 8020, 6350, 5315, 1053, 948, 574, 941, 6998, 1091, 2661, 2077, 4118
4882, 3122, 4148, 9264, 3508, 4620, 6063, 6510, 8077, 9061, 8252, 7809, 9503, 1801, 9967, 7542, 305, 4840, 7807, 5445, 1966, 4805, 4504, 6250, 8944, 9279, 9720, 8059, 8648, 2514, 3264, 426, 7928, 8715, 7035, 4080, 2094, 4101, 8937, 3620, 554, 2268, 5185, 7122, 7470, 569, 9339, 9904, 763, 4727, 8342, 708, 3321, 6825, 740, 5914, 4167, 2686, 1309, 4467, 945, 4333, 4709, 1101, 1183, 7924, 3522, 1474, 7871, 5906, 3600, 6351, 8494, 1425, 1553, 1563, 1930, 3136, 2210, 2048, 2116, 3363, 6484, 3217, 2884
5637, 9459, 7142, 7206, 86, 8948, 4319, 8404, 9887, 267, 8435, 9679, 6372, 3556, 5779, 7238, 9780, 5991, 2530, 8274, 987, 7814, 530, 6252, 8871, 8841, 2552, 675, 7852, 4047, 5214, 1851, 1142, 8152, 3372, 7290, 8033, 1991, 5258, 8139, 2497, 6971, 5876, 5402
6373, 1187, 3109, 7248, 890, 1635, 65, 7328, 9223, 2339, 9389, 163, 7973, 9709, 9196, 5173, 6395, 8389, 283, 9768, 3519, 9609, 7661, 8776, 9002, 4501, 921, 2645, 3746, 7862, 812, 830, 1654, 924, 1166, 2060, 1813, 4301, 2623, 1968, 3553, 4744, 3882
966, 4391, 7576, 8206, 2327, 26, 5310, 8557, 4771, 8360, 5696, 7153, 154, 4471, 1610, 515, 8759, 3526, 9984, 8978, 9136, 1758, 6381, 302, 7152, 8749, 5156, 4274, 7529, 1802, 5822, 347, 3939, 2459, 2703, 465, 5365, 5620, 476, 5469, 7124, 7839, 8340, 479, 1380, 8273, 3466, 2722, 6106, 1333, 2243, 670, 6191, 8238, 8922, 2167, 8298, 1106, 6660, 7872, 6264, 7468, 1063, 1817, 4773, 4768, 1492, 1158, 3162, 4071, 5756, 9344, 2234, 2384, 1644, 4589
6683, 8651, 2721, 9085
8250, 9142, 9691, 8462, 8339, 5321, 137, 9999, 8028, 5096, 7941, 7625, 9147, 251, 2709, 5188, 7384, 8915, 4110, 9625, 9282, 3706, 9340, 9823, 8323, 8777, 385, 3798, 8676, 8897, 9969, 8612, 5942, 9582, 3570, 591, 6134, 9322, 952, 1981, 4545, 8614, 655, 4630, 7574, 3121, 6681, 955, 908, 6329, 8673, 2302, 2780, 4602, 2607, 3958, 4449, 4928, 2242, 6183, 7162, 1325, 9015, 6318, 1417, 1436, 5414, 7546, 1631, 1958, 2230, 8941, 5234, 5587, 3970, 1780, 4192, 6117, 1914, 3017, 6296, 4184, 2544, 5409, 2475, 2855, 6312, 2953, 5599, 7371, 6884
8987, 42, 2638, 8016, 8153, 9643, 9853, 9091, 9702, 7356, 1192, 4563, 5761, 112, 5601, 8667, 9500, 9875, 9400, 4313, 150, 4627, 6417, 8123, 8377, 8882, 9345, 7268, 7588, 205, 854, 3938, 7874, 9973, 223, 7816, 7303, 245, 1481, 2095, 8699, 8898, 4191, 3278, 1137, 1355, 4638, 1566, 2846, 3089, 1011, 5877, 5493, 2468, 455, 483, 3860, 9894, 5485, 8280, 6279, 2405, 4209, 7377, 5317, 7228, 7741, 632, 1017, 3269, 5205, 5323, 3982, 6282, 6788, 1542, 880, 2847, 5509, 4469, 7587, 5459, 6982, 7575, 4588, 7836, 8876, 2928, 2042, 5946, 8088, 3679, 3757, 3426, 1424, 1921, 2839, 1783, 6384, 8244, 1614, 3135, 1774, 4394, 4598, 2547, 4283, 4831, 3763
9741, 2111, 5502, 9854, 8812, 8294, 9536, 8055, 8325, 3590, 7761, 5514, 6472, 1839, 8698, 3670, 8010, 9044, 247, 3151, 6439, 6804, 7105, 9387, 9288, 8489, 4916, 6103, 2408, 6885, 8556, 330, 1089, 5753, 7709, 8971, 9670, 5429, 6307, 4370, 377, 3602, 7209, 7613, 5878, 5948, 8798, 7992, 7308, 1538, 926, 582, 5357, 6852, 8779, 9508, 3316, 7457, 4929, 6039, 8190, 8331, 5071, 5380, 4711, 4183, 929, 4784, 6089, 6319, 6757, 9800, 4256, 5615, 8421, 7592, 2410, 1074, 3772, 9138, 1646, 7849, 1133, 3068, 1163, 9120, 4891, 6828, 1332, 7354, 7853, 4082, 1361, 6122, 6878, 1459, 1513, 2508, 7001, 7693, 3859, 1924, 3675, 4689, 2946, 2010, 3951, 2029, 3817, 5845, 3457, 5001, 4176
312, 3035, 8666, 59, 8336, 9737, 7943, 523, 7389, 8221, 1363, 8014, 188, 7603, 9644, 7539, 8198, 5343, 278, 4813, 8118, 6056, 529, 7778, 8799, 8952, 9432, 4144, 8990, 1820, 4395, 6002, 543, 1546, 3673, 3865, 8329, 7107, 3895, 5098, 3348, 1699, 5153, 5618, 1929, 7026, 1236, 1025, 2204, 5833, 7704, 6298, 1169, 9753, 6143, 4551, 4195, 1905, 1267, 3236, 6164, 4273, 3330, 1540, 4483, 2654, 6062, 5728, 5368, 2252, 2923, 3683, 4180, 6562
7167, 5561, 9949, 8766, 5548, 9790, 9029, 5136, 2425, 5038, 3389, 3127, 9628, 1255, 5578, 6209, 6419, 9100, 5655, 5095, 1123, 8042, 5551, 1532, 5697, 2896, 3920, 1805, 1917, 4946, 6943
9535, 31, 8641, 5661, 2496, 2538, 5396, 5026, 9611, 4003, 5560, 1740, 6762, 7474, 4229, 1887, 2763, 2381, 3337
21, 8994, 9455, 9695, 3716, 2196, 149, 3830, 177, 1733, 8177, 2512, 235, 8316, 5125, 5828, 3197, 7300, 5763, 787, 6193, 2964, 1128, 1248, 1315, 4077, 2436
4268, 372, 2717, 5923, 7701, 4095, 4392, 9185, 8836, 9133, 5674, 428, 6950, 203, 9951, 4626, 9219, 6894, 7079, 2371, 8936, 2936, 6177, 462, 5157, 8402, 480, 1818, 9037, 6678, 9467, 548, 4736, 892, 2117, 6054, 7859, 4523, 681, 2138, 1798, 7114, 5423, 7717, 7072, 7279, 2292, 3612, 3700, 3152, 3599
7417, 5955, 9000, 1190, 5645, 4917, 490, 6306, 8428, 9765, 230, 5138, 6042, 6256, 7690, 8277, 8555, 9694, 7886, 259, 6156, 6688, 9001, 4691, 6367, 7639, 8523, 2788, 319, 1378, 5366, 6427, 322, 5462, 6978, 7236, 9038, 2002, 370, 756, 3632, 8700, 7166, 6870, 488, 8154, 8230, 3175, 5022, 544, 911, 4352, 4560, 6397, 6666, 9470, 3411, 2237, 4457, 3635, 8069, 7023, 9263, 805, 811, 2986, 5593, 6874, 2882, 1148, 2430, 5941, 4175, 5880, 4178, 8237, 3101, 1976, 3813, 4028, 5252, 4237, 4472, 6222, 1902, 6996, 5208, 6897, 6200, 2684, 5512, 3149
8986, 8967, 9979, 1696, 4850, 349, 1514, 8507, 9055, 9521, 7316, 3819, 1073, 5137, 250, 3672, 9332, 7668, 7982, 8997, 3048, 2973, 8447, 8600, 7002, 717, 793, 6433, 2256, 4428, 5127, 6496, 7932, 8896, 5915, 6929, 9943, 7908, 699, 7797, 639, 2321, 6371, 578, 4063, 5232, 7350, 4562, 722, 2798, 6675, 764, 8013, 2593, 7524, 5654, 2620, 9342, 4358, 5818, 5943, 2665, 1124, 4442, 8544, 6167, 7210, 5643, 1268, 2807, 1298, 5060, 8009, 2631, 2350, 1768, 4222, 2876, 2185, 4417, 2642, 5417
9531, 57, 270, 1775, 2714, 5275, 5665, 6451, 7612, 9406, 2440, 9144, 127, 2372, 3974, 4150, 4364, 7011, 7803, 8880, 9361, 9860, 7322, 167, 6295, 7597, 7901, 7970, 8538, 9359, 9422, 2857, 1854, 7333, 6853, 9363, 9902, 7526, 9671, 4481, 8417, 8129, 8572, 338, 3317, 5816, 8537, 4451, 6320, 7147, 1194, 484, 8157, 4447, 4849, 1001, 5757, 716, 927, 9259, 8044, 7009, 7031, 4162, 4431, 4896, 6925, 959, 3448, 9307, 3985, 7348, 1910, 6787, 4489, 1077, 3941, 1099, 5625, 2821, 3084, 5586, 1283, 1305, 9168, 2336, 5385, 4832, 1377, 1419, 3724, 2026, 1586, 3502, 2396, 1685, 3343, 1722, 7173, 5682, 8516, 1789, 7408, 6888, 1983, 2030, 3069, 2035, 2168, 2385, 4285, 3215
23, 9426, 9497, 3732, 5631, 7925, 6185, 2724, 6423
9594, 8905, 60, 7774, 8281, 8993, 9012, 9396, 9924, 9928, 8961, 4852, 123, 2180, 7183, 7506, 9668, 9682, 1543, 7477, 8639, 189, 1395, 5024, 7208, 7374, 8613, 8960, 197, 6715, 7260, 9481, 9634, 232, 2568, 5186, 5425, 6635, 6468, 7967, 5487, 9105, 2764, 452, 2374, 3454, 3834, 8035, 710, 3917, 6973, 2676, 635, 4405, 2528, 537, 7485, 8578, 2332, 1707, 6672, 8506, 641, 1056, 8318, 5930, 7826, 3420, 4586, 6984, 9019, 2490, 7064, 832, 7140, 6243, 7944, 972, 2925, 1041, 2206, 3029, 1107, 5342, 1131, 1182, 1967, 4703, 4716, 5198, 8921, 5543, 2862, 7024, 1533, 1672, 2887, 1864, 1897, 8434, 2438, 2407, 3559, 4838, 4871
24, 1640, 6896, 8171, 8413, 9420, 9653, 8334, 61, 2749, 7225, 8415, 9056, 9845, 80, 593, 3640, 9116, 9160, 9163, 9392, 9693, 8029, 6946, 7682, 4938, 7641, 5792, 7877, 182, 5764, 7232, 8247, 8305, 9772, 8951, 3030, 4463, 9176, 9584, 5559, 3736, 9914, 679, 8072, 288, 3352, 5804, 6655, 304, 5239, 4365, 1173, 7499, 445, 6422, 7678, 7016, 7926, 8344, 7805, 4836, 509, 8212, 3325, 626, 2899, 6084, 6775, 5911, 3380, 4776, 4622, 5829, 8804, 4427, 798, 3818, 5705, 9372, 9383, 6107, 2097, 4123, 5672, 1055, 2063, 3067, 7730, 8553, 4570, 4497, 5091, 1218, 2370, 2099, 5549, 1372, 1450, 6990, 7583, 8358, 7671, 6793, 6551, 1853, 2224, 2025, 5504, 2770, 4146, 2625, 3984, 3031, 2746, 2937, 3473
4416, 7462, 5813, 7096, 4789, 6537, 706, 5130, 3422, 9911, 383, 9341, 9411, 7783, 796, 1145, 779, 903, 8348, 823, 907, 9229, 5277, 1261, 1791, 6485, 3908, 3262, 3791
8684, 9760, 8452, 9246, 225, 2044, 5108, 9491, 9579, 231, 9728, 3282, 254, 5589, 9232, 274, 8255, 8302, 696, 852, 3349, 9203, 7450, 7549, 7837, 566, 964, 8785, 5367, 9672, 2495, 4704, 1564, 820, 6076, 6261, 8748, 872, 3062, 1180, 1745, 4869, 4664, 3647, 3327, 3416, 3533, 1926, 6909, 2600, 2058, 4113
6150, 7469, 9226, 9348, 5525, 202, 9089, 9261, 9424, 252, 3537, 6284, 2926, 2848, 7289, 6410, 1606, 5780, 6415, 2865, 1253, 2949, 1618, 1637, 6482, 4456
8354, 8784, 1608, 6851, 7511, 9456, 9713, 8373, 9213, 2012, 3405, 8045, 2771, 9262, 9442, 2745, 4648, 8909, 7547, 9558, 227, 1118, 2793, 7367, 7989, 238, 6664, 7482, 9303, 2781, 1760, 1948, 5257, 7315, 5424, 8688, 9554, 989, 350, 2066, 6046, 6269, 9688, 6036, 7595, 2989, 539, 6926, 9976, 541, 2413, 5174, 7174, 7622, 8130, 9545, 561, 1314, 7600, 9355, 9347, 2446, 8514, 2087, 617, 3488, 4010, 9374, 3667, 660, 7176, 680, 4543, 737, 738, 7734, 1825, 8914, 5563, 2178, 5621, 4949, 850, 6650, 7918, 9482, 884, 5786, 6506, 7418, 2868, 3764, 6446, 8975, 4587, 7746, 7792, 1156, 5440, 1172, 4683, 3721, 7638, 3173, 1871, 2441, 4601, 2078, 2934, 3439, 5144, 5320, 4921, 9742, 4476, 6119, 6569, 5268, 3233, 4138, 5408, 4164, 2387, 3582, 4108, 4207, 5248, 3383, 3567
7659, 34, 2778, 4991, 5925, 5986, 6564, 7663, 8644, 9617, 2913, 9095, 6856, 2566, 9107, 3386, 8775, 745, 5421, 7841, 214, 3384, 5470, 7729, 7731, 8091, 9658, 9734, 1202, 4032, 264, 1349, 9362, 9700, 9704, 9989, 9612, 313, 7476, 9191, 9794, 9932, 9942, 340, 4737, 7670, 8496, 2920, 472, 6257, 527, 5858, 6331, 9222, 560, 4567, 6980, 8954, 4663, 608, 4924, 5924, 7846, 647, 4187, 1475, 780, 6855, 8451, 4707, 6747, 1647, 7631, 2817, 2608, 1028, 7974, 2201, 4519, 5358, 1863, 4214, 1375, 3510, 5795, 4409, 5084, 1764, 1913, 6907, 4305, 2352, 5435, 8444, 3555, 3529, 4751, 4826, 2655, 6904, 6029, 5150, 3414, 3092
5694, 7962, 37, 4349, 4403, 5204, 6586, 7324, 9727, 9997, 7312, 9743, 7034, 9364, 6829, 6098, 6148, 9287, 7386, 224, 3837, 4687, 6721, 8581, 9710, 9726, 1875, 9252, 886, 2274, 327, 3106, 3541, 8702, 333, 691, 2016, 7446, 7629, 9697, 8854, 1545, 8441, 3428, 5935, 3222, 7156, 5718, 2641, 2540, 6713, 2742, 6731, 2680, 6038, 7611, 8589, 5245, 6920, 6123, 9397, 4533, 8719, 5837, 2169, 9224, 9769, 843, 2794, 4724, 5703, 7479, 845, 2881, 6356, 6530, 4759, 4302, 9035, 3698, 1051, 1082, 2799, 5051, 5418, 8384, 2863, 1228, 2589, 4044, 5970, 4762, 1400, 7037, 2575, 4315, 3754, 7126, 6194, 1828, 5581, 2730, 2022, 2127, 3019, 2667, 5110, 4016, 4753, 2824, 4726, 2911, 5653, 6136
9608, 7813, 7610, 3928, 6905, 6911, 3241, 2395, 6313, 6932, 458, 9366, 6785, 5064, 3782, 2550, 634, 6030, 6518, 5598, 4925, 6573, 9106, 6555, 1147, 1149, 2856, 3188, 3525, 3130, 4279
29, 1562, 8953, 5824, 9761, 9619, 9076, 730, 6483, 750, 8884, 6408, 891, 5993, 8901, 6353, 1747, 5673, 4059, 4625, 7689, 2815, 4574, 4005, 3308
4021, 7442, 8485, 5463, 7317, 1556, 7866, 3088, 9333, 5811, 5420, 3211, 9188, 7101, 8266, 9165, 3552, 4873, 7726, 496, 3607, 7571, 8672, 599, 3458, 7504, 6178, 9841, 3689, 7120, 3110, 8260, 3150, 1834, 956, 6726, 1160, 1092, 3111, 3138, 8419, 8460, 2337, 5736, 6099, 3881, 2153, 6251, 5439, 3532, 7465, 3839, 2880, 3379, 2615, 3802, 5680
6444, 45, 8472, 9948, 3213, 9502, 8977, 425, 4102, 9458, 160, 856, 3913, 9837, 208, 8813, 2921, 4038, 7942, 1215, 7897, 9112, 7295, 2738, 545, 628, 5412, 7784, 1384, 1642, 7652, 3294, 7870, 784, 863, 1072, 5953, 5055, 4161, 4532, 6130, 2867, 2089, 4769, 4785, 7123, 3896, 3210, 3189, 2782, 3479, 5667, 4037
9717, 4132, 6407, 3849, 9968, 1886, 9513, 323, 5879, 6986, 615, 6761, 7254, 5356, 4235, 6145, 1656, 7620, 6857, 6048, 1316, 7812, 8714, 1949, 7779, 5397, 6881, 7402, 5573, 5768, 4276, 3975, 3053
30, 8272, 9297, 9787, 46, 9290, 596, 3868, 7445, 4076, 309, 9492, 597, 4460, 6797, 1257, 4295, 5182, 6840, 2109, 944, 5057, 1005, 6028, 2869, 7656, 4350, 1960, 3229, 5454
320, 9066, 2750, 3436, 9852, 8440, 6390, 5603, 7261, 8137, 125, 5686, 9443, 7834, 2587, 8109, 9438, 6479, 6620, 4051, 6755, 8704, 8746, 651, 5298, 6769, 7145, 318, 5535, 6645, 8433, 9954, 7339, 9752, 2558, 3108, 5447, 7387, 6753, 9551, 5360, 7180, 4623, 5716, 3312, 6657, 2719, 4091, 3191, 5755, 3499, 727, 1471, 4749, 8949, 2705, 3964, 4804, 5821, 1134, 6789, 8681, 8533, 3783, 3063, 5972, 4429, 9712, 3253, 8727, 8182, 1216, 3518, 1258, 2076, 1322, 7330, 3415, 3371, 7630, 4136, 6476, 7910, 3285, 7421, 3785, 6334, 2957, 5019, 2205, 2427, 6535, 2580, 5638, 5068, 3777, 3846, 4510
2643, 8208, 8552, 9210, 3597, 9925, 9464, 2464, 3408, 2406, 265, 9251, 9123, 5801, 8487, 3885, 9810, 6872, 1060, 4866, 5273, 2071, 5500, 9207, 2606, 4597, 766, 2115, 801, 5634, 813, 5496, 874, 2478, 5042, 1570, 4374, 1701, 7691, 3223, 3576, 2912, 3160
4434, 6617, 8680, 5183, 6634, 6955, 9260, 7747, 2978, 8503, 9022, 9156, 4505, 244, 1995, 5092, 6859, 139, 2539, 8619, 9552, 9666, 7751, 2754, 8823, 2733, 8846, 243, 1249, 8233, 9315, 5691, 5726, 9092, 4143, 631, 7233, 9982, 8733, 5708, 470, 2525, 2710, 521, 5778, 7651, 9385, 526, 4281, 7385, 9257, 7525, 6957, 9523, 5050, 7373, 9227, 8363, 1878, 4793, 814, 876, 3713, 9073, 6174, 1856, 3515, 4522, 5168, 1029, 6315, 2542, 3007, 2132, 2604, 2402, 1998, 1891, 5432, 2597, 1600, 5545, 1842, 4885, 2660, 4535, 5266, 2304, 2958, 3605, 2648, 3221, 4705, 5075, 3954, 5406, 5794
5803, 9485, 2812, 3901, 6377, 9027, 9148, 241, 9812, 3148, 1326, 6464, 7867, 8431, 2711, 669, 5329, 2591, 4819, 5727, 1749, 5407, 5141, 6091, 2983, 6153, 1611, 1583, 6521, 3257, 7229, 6704, 4423, 2325, 4244
9275, 9859, 76, 2859, 6443, 8242, 6550, 3477, 3898, 8729, 1955, 7060, 1136, 5020, 1034, 1480, 5134, 5842
6714, 3358, 55, 1214, 2704, 4549, 9603, 9886, 7879, 8930, 3547, 5519, 124, 8179, 8866, 9564, 9791, 6868, 146, 614, 4410, 6722, 7536, 6175, 7787, 9041, 9506, 1877, 4238, 2400, 381, 3134, 7959, 8311, 1982, 4841, 271, 9460, 9748, 298, 6499, 7349, 9302, 9962, 5086, 3858, 8037, 8493, 5910, 6305, 6629, 8319, 7318, 7964, 409, 3874, 3925, 415, 6151, 5220, 8531, 3729, 3497, 7933, 2130, 2706, 503, 848, 5516, 6614, 9103, 9182, 4160, 9329, 7390, 6340, 3333, 7097, 9636, 1874, 4250, 6447, 840, 1438, 3252, 885, 2182, 8835, 5015, 909, 6611, 7323, 5969, 6596, 957, 2557, 3521, 6115, 6533, 8710, 6308, 1207, 6219, 5353, 8335, 3810, 7184, 1973, 6942, 1278, 4230, 1279, 1861, 4799, 1328, 3177, 6568, 1903, 4152, 7084, 5446, 1781, 2069, 2628, 3024, 2003, 4004, 7505, 3786, 5105, 3155, 2569, 3989, 4196, 3887
9023, 9759, 4411, 3180, 1398, 1404, 4307, 2118
32, 7971, 8343, 8724, 9650, 8792, 5189, 1323, 7790, 8226, 95, 5817, 5904, 7296, 8282, 9211, 103, 6142, 9369, 9649, 7019, 9960, 5713, 8499, 9099, 9479, 1847, 6021, 7068, 7412, 9304, 8202, 925, 7766, 9915, 7355, 324, 879, 4140, 4942, 6129, 5441, 4922, 8502, 8082, 961, 2239, 6558, 5608, 3214, 487, 715, 9132, 9080, 4486, 7069, 581, 6230, 6363, 5027, 1150, 4829, 4853, 5752, 2626, 1206, 4750, 8720, 4927, 846, 4400, 4137, 6491, 7131, 1403, 1793, 3091, 1126, 6720, 7443, 3481, 6097, 4820, 3279, 2415, 3652, 1451, 2663, 1870, 2312, 4722, 2287, 3657, 5711, 3266, 4000, 7772, 5088
7164, 8117, 8577, 1004, 9659, 7623, 9820, 457, 430, 1904, 4886, 4253, 7596, 8090, 8764, 4752, 5285, 825, 2220, 6861, 6814, 3831, 5072, 5160, 2940, 1256, 6679, 1238, 1994, 1939, 7582, 3694, 5903, 1504, 3041, 3366, 1819, 6352, 3146, 6921, 6930, 5503
7801, 73, 1577, 1738, 9518, 9909, 126, 6889, 7518, 8594, 9097, 4655, 159, 6898, 9350, 9577, 9923, 9635, 2572, 3702, 6717, 7125, 7567, 3243, 207, 3733, 6981, 7104, 1299, 5772, 9736, 337, 5260, 6494, 9141, 9150, 2253, 2307, 3008, 9446, 1307, 7484, 4369, 3995, 416, 974, 4998, 8851, 4526, 5030, 9343, 536, 8862, 3167, 8457, 6082, 2221, 5334, 4084, 6818, 7319, 8508, 8669, 725, 9899, 4893, 7798, 8722, 5218, 810, 7240, 4226, 4645, 5510, 3394, 4263, 2915, 4954, 1043, 3687, 1078, 7449, 4356, 5405, 6454, 1161, 2098, 9280, 2137, 1211, 4086, 6165, 2100, 3709, 3118, 1440, 1511, 3234, 6812, 4500, 6085, 2554, 3873, 2235, 5361, 1977, 4461, 2110, 7755, 4719, 2431, 3296, 2455, 4569, 5017, 5280
9277, 9249, 5058, 8338, 4377, 1389
9896, 8988, 4825, 8932, 7194, 3407, 5163, 3551, 5945, 2786, 6077, 1088, 8659, 7548, 2578, 8755, 4580, 5789, 3345, 4045, 2432, 3660
5180, 1069, 3649, 3163, 7451, 8443, 9725, 7619, 4384, 9821, 4634, 4823, 602, 661, 888, 1934, 3557, 5933, 2394, 4454, 3254
6159, 88, 7135, 9183, 2900, 9549, 8459, 9901, 9004, 8736, 568, 9166, 4236, 311, 4695, 7626, 357, 4012, 8671, 9591, 5202, 4531, 8169, 7211, 7880, 4482, 2629, 7027, 1178, 5453, 5244, 1639, 2472, 2349, 6493, 2346, 5355, 2803, 5117, 4058
9346, 6616, 4444, 6750, 7642, 8124, 9525, 6467, 9655, 9824, 1795, 9842, 8015, 7116, 317, 7197, 9465, 3625, 8420, 8328, 861, 1693, 3045, 8631, 4699, 427, 5040, 9664, 6600, 6184, 563, 1763, 6694, 5576, 9881, 5148, 686, 5513, 5430, 6015, 1653, 1167, 943, 3351, 4341, 963, 2159, 3712, 5749, 4320, 8309, 2741, 1649, 6067, 2842, 2526, 7262, 4249, 3026, 4074
3627, 9686, 9540, 1080, 3828, 4807, 5293, 7258, 6924, 1613, 6638, 8243, 5989, 9792, 9069, 3205, 121, 818, 1945, 4951, 9162, 4697, 9985, 9051, 1855, 3864, 7915, 9254, 8919, 9113, 3495, 4404, 8945, 2363, 5309, 5754, 7966, 5865, 2286, 9199, 6646, 7516, 4335, 8999, 4735, 9072, 9206, 4782, 7275, 1203, 7204, 514, 1923, 4621, 5344, 9360, 525, 658, 6043, 9394, 7138, 2755, 8304, 3907, 7432, 5495, 9024, 4355, 6517, 9827, 6576, 7951, 7988, 2171, 1356, 5139, 6045, 8476, 7012, 2006, 3322, 9592, 9071, 838, 1521, 7854, 9031, 6418, 7769, 8041, 5760, 7416, 1037, 1045, 2695, 5278, 7627, 5788, 4777, 5529, 2021, 7554, 3520, 5521, 3604, 3334, 2494, 5848, 1473, 5013, 1498, 5354, 1867, 1633, 1709, 4068, 4642, 2624, 2853, 3771, 3513, 3302, 4300
8638
2174, 147, 532, 4767, 7246, 9522, 9898, 467, 8062, 8170, 9272, 9745, 4308, 6531, 7972, 5782, 407, 3376, 4633, 408, 6557, 2189, 3645, 7171, 4611, 664, 7714, 694, 5039, 5235, 5540, 1144, 5316, 5383, 7341, 1650, 2184, 2445, 2244, 1883, 1947, 4114, 4806, 4706, 4935, 4641, 3616
9908, 3952, 9335, 8857, 8064, 8264, 7137, 7907, 8664, 5869, 280, 2524, 8300, 296, 4272, 4555, 5506, 8112, 412, 5890, 7007, 2467, 734, 2700, 6182, 7033, 1660, 3335
9418, 282, 2155, 1368, 9862, 7851, 9286, 8065, 4312, 466, 5623, 3314, 9978, 3032, 7534, 2323, 5861, 6781, 7081, 2837, 4603, 3824, 1184, 6179, 5820, 7293, 6013, 4247, 6703, 4382, 3765, 4936, 2136, 2522, 3010, 2403, 4565, 4448, 2823, 4667
8701
2068, 7905, 7286, 8159, 9680, 8214, 218, 4833, 9816, 286, 341, 1165, 6860, 6392, 5267, 2549, 5748, 3960, 5436, 7151, 2836, 5291, 4658
9574, 74, 1582, 1430, 1579
54
5443, 7046, 9046, 8156, 4582, 9891, 5336, 2553, 9189, 7876, 3421, 6923, 988, 4329, 5830, 6700, 3516, 3967, 3861
4989, 2470, 148, 1321, 3628, 9380, 179, 4816, 9581, 1270, 3629, 8289, 306, 8923, 9669, 6111, 654, 2212, 7808, 1329, 6623, 6619, 4797, 6187, 2752, 3638, 3598, 4218, 7237
5522, 1231, 2677, 436, 8231, 7181, 2696, 9528, 4982, 562, 3715, 6220, 3125, 3157, 2488
9595, 8019, 8968, 767, 4446, 2541
4231, 8654, 4061, 5874, 9058, 201, 3247, 9900, 307, 2311, 9478, 5699, 2617, 8248, 2816, 506, 2031, 6146, 8996, 6388, 585, 1558, 4453, 7257, 792, 4524, 5025, 7710, 8058, 3381, 1127, 1308, 6314, 5313, 6591, 2845, 5885
9382, 7134, 7170, 3769
930, 2104, 216, 2891, 8522, 3280, 5558, 8078, 393, 4668, 434, 1233, 7771, 9440, 8094, 4227, 1015, 4754, 1823, 5438, 1572, 4685, 2491
910, 6071, 759, 9931, 92, 3862, 6090, 2669, 4381, 3079, 8174, 136, 2596, 7200, 8906, 140, 9468, 7215, 7811, 5980, 6972, 5079, 303, 5049, 8197, 2215, 8521, 920, 5008, 4121, 6224, 2157, 9869, 5936, 4745, 776, 1310, 3176, 3650, 1836, 7608, 5681, 3039, 3530, 4020, 4046, 7266, 3760, 7495, 3356, 7032
7902, 8801
1241
109
118
114, 8430, 7991, 2687, 7498, 9519, 4763, 834, 8455, 502, 368, 6268, 9966, 369, 8974, 403, 3338, 2956, 1724, 6140, 7307, 9068, 2275, 5857, 1185, 2008, 1520, 7086, 3258
6969, 9675, 315, 8468, 3833, 6456, 1114, 2024, 3392
586
132, 4731, 9306, 8397, 2011, 5326, 2635
168
2877
2108, 2829, 9516, 9407, 7082, 1138, 5164, 4039, 1455, 7728, 2007
433
9436, 9423, 6538, 797, 3059, 4815, 5352, 2422
1130
9256, 6693, 9797, 7615, 351, 4314, 1291, 1788, 4684, 771, 9101, 1732, 953, 1223, 3517, 1300, 7103, 3697, 3375
684
316
1754
2324
4508
1777
1285
841
471
478
6915
495
505
1552
2975
2131
656
695
2947
728
789
808
1048
2828
2739
1464
4205
2728
2822
