1, 5151, 8839, 9471, 3018, 9623, 27, 973, 9276, 2906, 8663, 2674, 3718, 8591, 7667, 8674, 9016, 574, 8529, 1985, 3328, 4714, 676, 1630, 4439, 7263, 3393, 4962, 7817, 9053, 5619, 914, 9828, 9673, 7230, 8807, 5484, 7005, 2238, 4270, 6794, 1510, 2477, 2448, 4980, 2077, 2079, 3801, 6007, 3470, 4956
1269, 6, 5531, 6204, 8488, 8859, 9493, 9771, 9988, 4437, 5315, 8643, 9010, 5289, 9433, 1840, 5135, 7887, 116, 5031, 5122, 9149, 6529, 153, 287, 2775, 3490, 5089, 9028, 2980, 9463, 222, 4260, 6027, 7558, 7829, 8284, 9245, 239, 1658, 3350, 6571, 6834, 7327, 8310, 257, 1387, 7143, 8635, 9070, 9271, 9129, 7439, 979, 1343, 1762, 9959, 7444, 310, 1790, 5957, 7326, 6370, 387, 2342, 7969, 8293, 389, 3562, 6197, 6816, 6764, 5411, 8509, 6795, 3836, 3942, 8203, 508, 3230, 7380, 8890, 1334, 4057, 8083, 3295, 623, 1467, 1988, 629, 5359, 4628, 6440, 2858, 8738, 1995, 2795, 4380, 821, 1742, 5170, 9159, 895, 839, 1969, 1517, 3271, 5370, 897, 1573, 7368, 8478, 3991, 5918, 1030, 8351, 2961, 1061, 2435, 4265, 3669, 4746, 5318, 1734, 6332, 4415, 1561, 2156, 4275, 4034, 1759, 4304, 6481, 2563, 2787, 4378, 2228, 4165, 2231, 5331, 2389, 2161, 3999, 3511, 4027, 3413, 2017, 3835, 2134, 7117, 2257, 3459, 4974, 2713, 4673, 2434, 4303, 7396
1931, 1345, 3391, 5286, 8362, 8629, 7436, 9429, 4881, 7840, 1548, 9146, 9620, 2941, 8895, 2403, 2971, 7365, 4539, 9597, 175, 2418, 8075, 9087, 7802, 7433, 210, 922, 5921, 9637, 1720, 1601, 2972, 7073, 8751, 9815, 9826, 9977, 8039, 1416, 7252, 9409, 7427, 7758, 399, 5916, 417, 3879, 5550, 9890, 6993, 424, 2537, 431, 2309, 7777, 4336, 9872, 443, 5651, 7737, 7175, 6810, 3992, 7791, 6139, 604, 8466, 677, 7259, 685, 1456, 4834, 1019, 2647, 6232, 2322, 2071, 2512, 7706, 5725, 8379, 6847, 976, 6772, 8096, 7660, 5494, 3025, 1112, 5963, 1174, 7249, 7679, 5018, 4883, 6552, 3339, 1295, 2870, 3104, 2658, 1560, 4908, 3400, 1979, 6113, 7146, 4947, 2919, 7199
3210, 5960, 9265, 9948, 45, 6051, 8448, 9547, 6605, 5664, 53, 1116, 3730, 7855, 8232, 3189, 4856, 5387, 8189, 8180, 6144, 7870, 8824, 6386, 109, 7041, 9079, 9779, 9008, 7519, 1072, 8076, 9833, 3479, 8429, 8350, 2151, 5953, 1593, 1376, 6863, 208, 5362, 9502, 9940, 4131, 2107, 7305, 6890, 6563, 4491, 4125, 2921, 4041, 2254, 6096, 3194, 316, 1868, 4901, 8291, 9729, 329, 3654, 4038, 4132, 355, 2789, 3404, 5607, 9667, 5448, 5740, 7894, 8087, 8969, 364, 1195, 1642, 5191, 9756, 3213, 376, 5832, 5855, 9135, 9197, 3826, 5497, 9112, 1519, 5901, 4226, 6933, 8418, 665, 8437, 485, 5055, 493, 4206, 5294, 505, 2073, 4643, 7568, 2867, 5305, 3402, 606, 3539, 7070, 8620, 6712, 658, 5667, 7295, 6248, 1338, 3913, 4037, 6663, 703, 2840, 4072, 4774, 3476, 754, 5983, 755, 774, 1204, 4475, 8758, 3462, 851, 7579, 8469, 6940, 4617, 7488, 7675, 8050, 2334, 5871, 6659, 995, 1012, 5688, 2791, 9049, 4484, 8102, 5892, 1210, 5981, 3185, 1539, 2070, 5467, 1217, 4322, 1297, 4552, 1384, 3646, 5262, 5123, 4332, 6983, 4316, 6654, 4161, 4473, 1753, 5501, 7770, 3844, 2051, 7657, 5184, 3512, 6382, 8395, 5121, 2839, 3630
6116, 4213, 9764, 9241, 8225, 3348, 8571, 100, 242, 7008, 7343, 9675, 9793, 9938, 882, 6808, 9186, 184, 640, 5580, 6087, 6492, 6680, 7121, 8525, 7284, 1205, 6969, 7253, 4865, 8668, 1103, 8717, 3720, 4529, 5476, 9242, 3603, 7383, 8468, 3038, 4944, 6910, 9336, 1114, 5917, 1239, 294, 2811, 3022, 5090, 9651, 6935, 4330, 7937, 8427, 2740, 3897, 1264, 334, 1100, 7047, 6292, 4583, 807, 449, 8624, 6368, 6380, 5893, 7598, 7806, 5197, 6877, 7136, 4202, 7111, 3528, 768, 781, 1676, 1810, 6875, 2801, 7929, 902, 1422, 4686, 9494, 5853, 873, 5065, 4803, 6456, 3596, 925, 8848, 6024, 2616, 6328, 1628, 1391, 6783, 4243, 7564, 1462, 8501, 3653, 2345, 3501, 1433, 1657, 8574, 5554, 7500, 2833, 2737, 2218, 8223, 1509, 4899, 3159, 3707, 3123, 1965, 6131, 7227, 1970, 2024, 2034, 2301, 2164, 2225, 2273, 6124, 5167, 2404, 3392
6998, 7276, 6723, 7394, 4843, 8826, 9629, 2609, 9489, 9929, 8707, 8786, 7617, 4590, 836, 6287, 1890, 7157, 8585, 3681, 5295, 1091, 4748, 5069, 5870, 1755, 4862
8248, 7734, 9456, 1308, 9896, 8909, 9900, 1968, 8755, 6538, 9742, 797, 7600, 163, 3407, 4301, 9374, 9976, 7511, 8996, 227, 9709, 9213, 7661, 2623, 7328, 7174, 5786, 8914, 7989, 307, 3721, 3746, 7622, 9423, 9347, 5025, 5621, 9436, 7547, 680, 6146, 2311, 9223, 9688, 2387, 7792, 6395, 7176, 561, 6036, 830, 4825, 2771, 2432, 2816, 4921, 8058, 7973, 737, 738, 812, 884, 921, 924, 2793, 2645, 2078, 3439, 4648, 5174, 1635, 1118, 4164, 5320, 1172, 3488, 1187, 1314, 3109, 5789, 3667, 3247, 5144, 2934, 1558, 6591, 3764, 5440, 2745, 2066, 6269, 3553, 4524
8567, 9367, 3536, 5689, 8731, 9795, 9825, 8332, 8656, 5934, 8545, 9676, 5301, 9298, 1368, 941, 9661, 4905, 7481, 7080, 9766, 209, 411, 8741, 9083, 9689, 7750, 1527, 3219, 5905, 1181, 8925, 3037, 4605, 2679, 7048, 8001, 3443, 6350, 8020, 1062, 2515, 4118, 5272, 742, 761, 3224, 3820, 9021, 8185, 8881, 5898, 2772, 1786, 1053, 3116, 9194, 1382, 1171, 1908, 2451, 7004, 3957, 8685, 1432, 5043, 1880, 3153, 6625, 3275, 1838, 2259, 3169, 4094, 4104
8993, 1395, 7260, 60, 8578, 9396, 9481, 9668, 9924, 8905, 8613, 2180, 123, 197, 1967, 2925, 8961, 9634, 3834, 189, 1897, 2887, 8434, 9594, 9928, 1041, 4838, 7140, 8506, 7944, 5024, 232, 4703, 7774, 9019, 238, 8281, 837, 5186, 9682, 8960, 6715, 8639, 5543, 7967, 6973, 8035, 452, 6635, 7477, 8921, 1707, 537, 635, 2764, 3559, 2206, 3029, 2407, 8318, 5342, 1672, 6243, 7485, 1864, 641, 972, 7183, 7374, 1131, 2438, 710, 2332, 6468, 4716, 9105, 5198, 832, 2528, 7064, 2490, 7506, 6672, 1107, 1056, 3454, 9012, 1182, 7024, 1543, 5930, 4852, 5487, 1533, 2374, 6984, 4871, 7208, 4405, 2676, 3420, 2568, 3917, 2862, 4586, 5425, 7826
9059, 8380, 5742, 6489, 3808, 9971, 332, 8950, 7496, 6101, 3766, 7742, 8193, 5977, 6077, 744, 6758, 1578, 7133, 8403, 982, 8337, 7832, 4937, 9067, 7739, 4503, 5961, 8750, 4015, 4031, 2124, 2950, 3973, 3565
2, 6160, 6867, 7362, 7581, 9457, 9677, 2657, 18, 1090, 3140, 7098, 8492, 9295, 9212, 47, 3735, 9062, 2992, 8844, 9125, 8918, 3034, 97, 2344, 2577, 3843, 9368, 8596, 8547, 5629, 6360, 8383, 5571, 9798, 8432, 6242, 8393, 9118, 9509, 5053, 618, 2236, 6421, 1771, 6871, 9316, 3353, 7092, 9711, 9236, 3208, 460, 1814, 2317, 9177, 5635, 5773, 5997, 9784, 8546, 5841, 542, 8662, 9656, 5864, 7830, 579, 1220, 4845, 1222, 2147, 627, 2825, 6670, 9077, 4290, 7727, 6673, 8877, 4241, 5010, 782, 6845, 6728, 7858, 887, 3701, 5860, 1485, 2485, 938, 4514, 5126, 9517, 4321, 4048, 9247, 5490, 2952, 7331, 5116, 4824, 6349, 2498, 3693, 4267, 2586, 4022, 2466, 4418, 1697, 5460, 3082, 2045, 5999, 2505, 6669, 3281, 2090, 5959, 4163, 3927, 4955, 6977
156, 15, 5520, 7155, 7954, 9767, 4379, 25, 4011, 6474, 7192, 8958, 9237, 9998, 1725, 4025, 7460, 9243, 3884, 8026, 8228, 6239, 8165, 4480, 6546, 7440, 8031, 8582, 9064, 3438, 5351, 8364, 3261, 2761, 2744, 3949, 7458, 3911, 6685, 7828, 9437, 2461, 7881, 2056, 4675, 5216, 6979, 533, 1822, 6300, 7161, 1262, 4811, 1242, 4725, 3359, 2979, 4354, 3906, 4030, 2735, 8261, 1135, 3419, 3633, 4233, 6364, 1232, 2326, 1975, 1246, 8597, 3621, 5206, 1396, 5692, 3658, 5161, 1503, 1508, 5154, 3013, 4156, 5041
1385, 7998, 6335, 9009, 6743, 3755, 5710, 7975, 9698, 9556, 7757, 8187, 7781, 3268, 3166, 3036, 3980, 5882, 9006, 4414, 2039, 2248
2115, 8476, 8945, 765, 5293, 9925, 7516, 7258, 7951, 1962, 6045, 1855, 9051, 2517, 5224, 7275, 7915, 265, 9014, 9394, 7988, 9360, 1737, 514, 5500, 9827, 4194, 6790, 5788, 3912, 2406, 1060, 9251, 7455, 2853, 1594, 6323, 2318, 7966, 7627, 3132, 6583, 1473, 5557, 5754, 2624, 3451, 5967, 4068, 2232, 2262, 7432, 5013, 6043, 5097
3676, 4913, 8998, 180, 104, 1622, 3145, 9589, 4987, 3781, 439, 7653, 9835, 4923, 6959, 9328, 8073, 4043, 4792, 7632, 3133, 975, 4168, 3043, 5526, 1682, 5909, 4126
7924, 2619, 7928, 945, 9870, 1754, 4443, 7807, 7087, 4863, 9339, 7089, 3449, 9312, 91, 3217, 4709, 6735, 8002, 8534, 9967, 9499, 2728, 8494, 7809, 7095, 3397, 4493, 4504, 569, 9885, 9575, 7314, 8134, 5998, 9158, 8965, 7960, 1655, 8252, 9684, 4805, 5744, 3866, 9011, 7497, 9279, 293, 2210, 3853, 4425, 9504, 9720, 6302, 8794, 1869, 1974, 9503, 2640, 382, 5445, 7035, 8648, 8872, 8409, 421, 6063, 7269, 4466, 1966, 6351, 8196, 8616, 1872, 6510, 7122, 998, 5807, 9122, 3136, 3238, 494, 1801, 3363, 8006, 4101, 9061, 2424, 538, 2139, 554, 1811, 1309, 2223, 6128, 8937, 588, 2393, 4333, 6250, 4148, 7618, 9040, 2732, 3880, 8089, 3103, 3573, 5747, 6964, 5386, 5914, 740, 6928, 9017, 7054, 6610, 8715, 9904, 4728, 842, 2686, 867, 6488, 2618, 8059, 3332, 933, 4467, 5906, 8754, 9264, 7996, 1351, 4167, 984, 5630, 6609, 9414, 7672, 7556, 1394, 6428, 4080, 1175, 2341, 5104, 1183, 6961, 1219, 8483, 7871, 1285, 2125, 2048, 3741, 4840, 6484, 8944, 1370, 1866, 5947, 1415, 4620, 5319, 6336, 4882, 5371, 5966, 6416, 2121, 1726, 7470, 8127, 3122, 7273, 2884, 3508, 3183, 2116, 3522, 5897, 1930, 1972, 2103, 2428, 5178, 3321, 6825, 2094, 3600, 4727, 2514, 2268, 7542, 2947, 2520, 3264
9046, 8093, 3538
9130, 7207, 28, 1002, 6228, 8054, 4609, 9652, 71, 4939, 9777, 9786, 9856, 9864, 7359, 9317, 9607, 4576, 1673, 5952, 5739, 8713, 4755, 1529, 5556, 9218, 5838, 240, 2233, 4616, 5044, 8303, 584, 9180, 277, 7927, 8257, 4299, 6154, 5723, 3722, 9268, 1188, 4985, 916, 2065, 8365, 5826, 8608, 9030, 4995, 8122, 501, 1421, 6701, 3678, 2664, 8074, 714, 3347, 7984, 6240, 8683, 8878, 4049, 773, 6413, 6589, 789, 936, 2832, 5856, 5061, 905, 3662, 5221, 5149, 6577, 6133, 1096, 3806, 1129, 4779, 7471, 5896, 8046, 2731, 4441, 1282, 1381, 5078, 1476, 6892, 2734, 1616, 4216, 1702, 1710, 2751, 3047, 1719, 2351, 4147, 5004, 2146, 4186, 3575, 4309, 3472
3, 66, 272, 6866, 9398, 9818, 9920, 5442, 9648, 7562, 40, 2465, 5012, 7405, 7472, 9785, 9843, 9917, 51, 2211, 3442, 8446, 8783, 8973, 8983, 3825, 5720, 8132, 7212, 3360, 6574, 1115, 3055, 2036, 133, 3184, 4809, 7329, 9096, 9234, 5203, 2930, 170, 276, 3695, 5444, 7283, 8246, 8649, 6379, 5119, 9466, 6515, 199, 9119, 5649, 4426, 6649, 1603, 4558, 6011, 4639, 5532, 9721, 985, 7050, 5498, 3932, 4734, 4904, 331, 2702, 4435, 4670, 6267, 9488, 2561, 406, 8548, 2879, 9266, 1714, 9599, 6074, 576, 4878, 6849, 6463, 6742, 3870, 8181, 2567, 6201, 2914, 5690, 6202, 817, 2612, 3550, 4960, 7796, 9198, 859, 1346, 942, 3894, 7376, 5308, 7222, 981, 1397, 6544, 6903, 7724, 2993, 5393, 1007, 1008, 5800, 8542, 7835, 2192, 1835, 7732, 1143, 2690, 6404, 1164, 2398, 5675, 6025, 5112, 7241, 1413, 1454, 2694, 6073, 6988, 5009, 1490, 7272, 4157, 1638, 3100, 1524, 1554, 5118, 6181, 2009, 2179, 1741, 3307, 5288, 2850, 3080, 2784, 3594, 3543, 3572, 3364, 3178, 4532
2081
3586, 8376, 7130, 4294, 8655, 9447, 8229, 7049, 7895, 7584, 9939, 6509, 7106, 7860, 1287, 9327, 5781, 8398, 99, 5883, 7869, 9439, 9836, 3201, 8852, 8486, 7118, 4612, 9578, 3074, 6330, 9314, 9846, 6445, 9354, 1079, 3569, 6895, 9007, 1293, 2810, 6401, 6394, 9789, 2584, 8200, 3181, 1125, 9657, 8308, 8603, 352, 3471, 4536, 7425, 8183, 946, 8640, 7728, 6774, 441, 1778, 3578, 8802, 9570, 9775, 2019, 9678, 3623, 6945, 8322, 491, 1365, 4553, 8753, 9831, 8902, 6831, 8569, 1410, 7000, 8390, 8504, 4637, 5949, 8573, 7995, 6953, 2502, 8481, 8048, 653, 5106, 657, 2809, 7634, 8955, 9567, 1776, 4672, 729, 2760, 1534, 2805, 6244, 748, 8622, 9357, 9412, 6702, 1882, 6504, 2214, 5449, 8517, 3608, 4966, 1666, 4217, 898, 3574, 6841, 4430, 4324, 6180, 8711, 4618, 5270, 7382, 978, 3840, 5731, 1035, 5715, 9642, 2785, 6437, 3799, 5595, 4155, 4596, 3365, 1595, 9042, 1241, 4039, 6455, 7441, 2033, 3076, 3114, 8151, 3009, 7863, 3487, 2203, 5276, 8286, 1455, 6823, 3070, 1750, 2543, 5422, 1713, 3803, 4740, 5377, 6914, 4778, 6170, 5765, 2743, 4798, 7186, 1865, 2027, 1911, 3548, 4487, 5617, 2092, 7082, 5082, 5583, 3546, 7302, 2932, 6114, 3388, 3172, 3033, 4107, 3749, 5850
4121, 181, 5451, 2916, 9501, 7495, 3356, 4438, 9451, 8615, 1518, 9952, 67, 6237, 8677, 8939, 2621, 3079, 7165, 9240, 5225, 7700, 7752, 8579, 9468, 759, 2596, 8686, 9813, 9931, 93, 3176, 4112, 7521, 7811, 9980, 437, 2818, 5079, 6424, 136, 7028, 7342, 9621, 140, 2310, 8712, 3039, 6729, 8146, 9614, 8361, 8828, 2995, 8053, 6071, 1946, 6348, 8521, 303, 6090, 7608, 8906, 3862, 6972, 378, 3097, 3728, 4204, 7215, 3650, 3902, 6778, 9869, 1225, 3245, 1818, 5834, 7788, 1159, 3760, 5980, 712, 2959, 5681, 1836, 776, 5704, 8278, 5364, 3530, 4745, 5049, 6255, 7993, 920, 4169, 7537, 7454, 4046, 4337, 3494, 7512, 1303, 2831, 1310, 4828, 4994, 3331, 1585, 4765, 4408, 7220, 2227, 7200, 3925, 3752, 4381, 2982, 5936
8259, 7756, 9993, 6803, 5287, 14, 3656, 9580, 9632, 8769, 4757, 6565, 6901, 9606, 8408, 1751, 4242, 8886, 111, 1629, 9351, 988, 9804, 6830, 8869, 1212, 169, 4653, 7914, 8498, 204, 4786, 8696, 9622, 6431, 1803, 8436, 8450, 2942, 4116, 6278, 4329, 7251, 4963, 9373, 1687, 1920, 435, 5228, 6480, 7346, 8119, 451, 8830, 3690, 6430, 516, 6779, 7310, 7876, 7804, 9803, 4790, 4019, 8563, 2963, 6341, 5045, 7437, 652, 2328, 4371, 3098, 1773, 2401, 788, 8568, 3516, 819, 4770, 5034, 7958, 8086, 6786, 2409, 4566, 5954, 3924, 1057, 1064, 1497, 1243, 6542, 4720, 1684, 8101, 2553, 3398, 3861, 6092, 8296, 3972, 1515, 6173, 5937, 4087, 3292, 1569, 4436, 5322, 6227, 4508, 5283, 7078, 5939, 5938, 1800, 2177, 5902, 3326, 1942, 5979, 6687, 3838, 2258, 2380, 2429, 2723, 5724, 6490
9842, 9954, 1167, 8949, 9551, 7834, 8015, 6479, 9664, 80, 5430, 9824, 3312, 9712, 3191, 5749, 7339, 125, 4699, 5972, 7387, 403, 7991, 8974, 4547, 5686, 7145, 8727, 9346, 6334, 5603, 1567, 317, 4074, 2008, 4051, 7180, 8420, 8681, 368, 1653, 4177, 6755, 8124, 1724, 4568, 4763, 8440, 5755, 6769, 834, 6390, 6620, 6467, 9752, 1464, 502, 5068, 3108, 5513, 3518, 8433, 1844, 7261, 2957, 5638, 7910, 686, 4429, 5148, 1795, 8533, 6645, 3351, 3338, 861, 1216, 3777, 7197, 943, 7307, 963, 4485, 1176, 1185, 5306, 2580, 3785, 2705, 7642, 4136, 1471, 4804, 6015, 7498, 8182, 6067, 2521, 5360, 3285, 7288, 3499, 3430, 3436, 5857, 3045, 4510, 3712
4, 342, 749, 8018, 8678, 9013, 9807, 3626, 5016, 39, 565, 1452, 5372, 8491, 9205, 7508, 9448, 8995, 396, 6621, 949, 6505, 1445, 1770, 6548, 7845, 8541, 8805, 8497, 6008, 4495, 3274, 8611, 6218, 3313, 8652, 2219, 659, 7071, 6088, 8908, 6339, 5956, 5036, 3465, 4509, 5047, 8047, 8465, 9386, 5381, 4983, 8883, 7083, 8372, 1341, 827, 2114, 4122, 9994, 4855, 5233, 6449, 8314, 3318, 2444, 6843, 3137, 1237, 3072, 4212, 1401, 1428, 6613, 6848, 2922, 1612, 6624, 2383, 5434, 2573, 2574, 4690, 5054, 3226, 7423
107, 9108, 5219
1299, 8862, 3453, 5062, 9350, 9847, 9950, 8049, 8457, 4645, 2523, 6818, 3787, 4719, 4084, 4893, 7397, 2892, 4356, 1357, 3709, 6717, 4345, 2944, 7662, 4655, 7319, 3929, 5772, 3514
3788, 6606, 9944, 5577, 63, 8392, 9110, 6667, 1907, 263, 4006, 5241, 5868, 380, 8864, 707, 3478, 1620, 865, 5940, 3078, 4945, 6501, 3139, 5109, 6069, 6366
5158, 6908, 2555, 7188, 6378, 2439, 428, 6109, 9550, 681, 2267, 1248, 9037, 4128, 3599, 4788, 5157
9755, 1936, 4864, 8176, 8518, 8836, 9951, 4095, 7717, 4392, 3212, 6238, 7590, 4523, 149, 1105, 4268, 9919, 398, 5923, 9039, 4375, 6137, 2841, 3540, 6054, 7213, 8219, 8705, 9133, 4385, 8735, 259, 4105, 8602, 8658, 3983, 5809, 1798, 5253, 7859, 372, 379, 2292, 8791, 4347, 433, 5674, 5763, 7079, 5854, 497, 5539, 9455, 5125, 5423, 2756, 8288, 3700, 2138, 1632, 6691, 8402, 9732, 8034, 3198, 2117, 787, 7061, 7279, 7885, 5825, 939, 4067, 8964, 6607, 7221, 7372, 1873, 1925, 4090, 4009, 6094, 1721, 1412, 1420, 7036, 2977, 3684, 2452, 6950, 1915, 2436, 2759, 5741, 2371, 2964, 6678, 3742, 3427
5, 567, 8425, 9323, 9723, 3341, 8543, 8399, 4710, 8583, 8912, 4646, 6931, 4066, 9811, 145, 3206, 8245, 4278, 6954, 7768, 1938, 9274, 3158, 4515, 5644, 5812, 7475, 187, 2571, 2991, 6387, 6815, 6171, 3227, 9555, 226, 3805, 4783, 7978, 9416, 346, 6995, 8765, 2386, 2290, 5815, 7112, 3288, 8385, 5255, 5256, 8847, 5450, 6727, 7370, 5474, 5299, 4223, 463, 8636, 9337, 4636, 546, 6208, 7108, 551, 3373, 8160, 3624, 8104, 8414, 1250, 3832, 1383, 965, 1522, 4629, 6745, 778, 794, 1197, 6406, 6876, 2697, 7776, 841, 7419, 1392, 1615, 6817, 8195, 6846, 7456, 1000, 9566, 4542, 5784, 5129, 2084, 2792, 5552, 3154, 3527, 3940, 1634, 2198, 2905, 8105, 3057, 3664, 2293, 2948
1374, 1935, 4527, 9624, 8131, 1830, 8262, 5993, 9452, 2366, 255, 6353, 6441, 9705, 7726, 6178, 4839, 9808, 5798, 2091, 8953, 544, 563, 3378, 8560, 5517, 6241, 4199, 5271, 4572, 8832, 2929, 2670, 1160, 1893, 7299, 8260, 1406, 7406, 6483, 7504, 4069, 2692
1621, 7378, 1525, 553
2711, 4318, 8008, 9267, 1772, 8315, 9812, 9970, 4661, 2325, 8126, 983, 3435, 194, 1680, 3500, 5145, 7229, 9520, 9996, 9805, 6253, 241, 3901, 5790, 5803, 6575, 9115, 9321, 4423, 2983, 5524, 7867, 9220, 8808, 9148, 6464, 386, 2927, 5141, 9349, 9850, 3997, 8027, 6704, 473, 997, 7673, 9027, 9485, 9534, 8520, 3704, 610, 620, 844, 1605, 1611, 5481, 9299, 669, 4297, 6091, 6149, 8431, 7965, 1434, 6554, 7665, 8374, 7191, 1927, 4119, 1971, 2397, 3336, 5407, 8149, 3994, 928, 3467, 937, 4477, 2688, 7490, 2691, 2804, 8312, 3148, 7573, 4065, 1058, 1749, 6152, 1961, 4289, 6584, 6377, 1170, 5727, 1226, 1466, 1512, 4732, 5706, 9647, 9708, 3492, 1326, 2359, 6452, 5400, 1712, 4819, 5399, 1583, 6521, 3845, 2591, 1636, 9430, 2611, 5329, 2025, 6719, 1885, 6153, 6457, 2047, 2229, 2812, 5461, 4244, 3257, 3644, 3463, 4585
8023, 13, 1083, 9450, 9601, 3299, 5181, 9281, 8307, 5886, 2305, 3931, 7127, 3778, 6343, 8679, 2277, 4257, 7563, 8956, 9918, 7487, 7413, 9778, 8475, 8910, 6498, 8235, 2172, 6511, 5978, 2053, 356, 688, 8920, 6658, 495, 934, 559, 7686, 4135, 586, 3790, 673, 9814, 8625, 7560, 720, 7503, 728, 5627, 5114, 2158, 5839, 893, 3049, 1597, 7865, 6337, 8220, 1087, 4530, 7428, 7052, 6006, 4747, 1240, 6819, 2503, 1895, 6730, 1602, 4890, 6640, 7551, 5590, 5259, 2202, 2504, 2559, 3143, 5284
8555, 9694, 322, 4691, 5252, 7510, 8230, 7398, 6951, 490, 7166, 911, 6978, 6996, 3425, 8428, 3962
8566, 9685, 6791, 8484, 6608, 7274, 9958, 2974, 9945, 9539, 9526, 3745, 6864, 7999, 9546, 1541, 8726, 308, 2590, 7013, 8838, 6690, 8599, 3946, 6254, 6665, 9193, 5063, 7899, 1831, 6912, 5113, 8471, 9830, 8140, 4984, 6477, 1484, 4089, 678, 7566, 4674, 4810, 2265, 783, 3300, 5732, 8382, 8976, 799, 2314, 8916, 875, 1677, 2527, 6599, 7900, 969, 7038, 1018, 3979, 4926, 6738, 7292, 8632, 4676, 5240, 4331, 3377, 1983, 5296, 1829, 5639, 1200, 6053, 6644, 5070, 1272, 1330, 4296, 5544, 7067, 1319, 1327, 2720, 4261, 3534, 1348, 8725, 4225, 8831, 3943, 7270, 2779, 3993, 5777, 1940, 2276, 3291, 3484, 4802, 4083, 4464, 2564, 2967, 7014
9799, 3568, 8810, 119, 6206, 2378, 2327, 1898, 9244, 3480, 7025, 1997, 1933, 993, 5844, 4614, 7056, 2460, 3284, 6800, 4120, 6303, 2650
2581, 7, 9724, 5403, 2480, 9216, 9770, 9294, 72, 6190, 6974, 8942, 4247, 2560, 7203, 3768, 9569, 6294, 2249, 4701, 7293, 8623, 9292, 674, 8601, 5783, 7170, 5479, 9538, 9855, 6927, 2136, 9633, 2361, 3780, 3329, 9250, 9088, 5820, 4835, 8394, 9992, 3096, 279, 9352, 9897, 281, 7255, 4662, 8065, 5751, 4448, 7821, 3409, 7280, 8607, 6592, 9003, 3004, 4200, 466, 9444, 2681, 2739, 7799, 2191, 9388, 2375, 564, 5612, 8168, 9817, 7420, 603, 6044, 6639, 5819, 5766, 7842, 7851, 8061, 8512, 9370, 700, 1162, 9310, 8825, 733, 7353, 9371, 739, 1426, 752, 8885, 2285, 3032, 5230, 1009, 2646, 2984, 4382, 4667, 1294, 1366, 4603, 3305, 3015, 3824, 6792, 1335, 2522, 1482, 4993, 6462, 4880, 8449, 1625, 1708, 3460, 6886, 4631, 2753, 3286, 2994, 2155, 2471, 8477, 7081, 2379, 2837, 4649, 6247
4388, 9458, 9665, 9936, 7897, 7552, 7586, 7716, 3370, 160, 8774, 7857, 7753, 8071, 9837, 2976, 8889, 970, 6522, 419, 906, 8962, 7892, 8570, 8849, 3294, 8813, 361, 5633, 4911, 7652, 3228, 6130, 464, 7123, 4785, 2738, 2854, 545, 8038, 8977, 5799, 646, 5303, 6344, 4516, 1448, 6944, 2874, 5965, 7784, 6668, 3987, 5572, 1320, 7242, 1535, 4775, 3403, 4102, 6317, 2064, 5805, 2122, 4918, 6047
5326, 30, 76, 1249, 5726, 7747, 9227, 1005, 5075, 46, 4522, 8397, 9073, 9492, 9523, 6315, 7651, 2011, 3713, 9092, 9306, 9666, 2654, 9859, 132, 1136, 8503, 8619, 139, 6443, 6550, 6634, 9315, 4124, 1480, 9290, 8363, 9787, 6028, 5708, 9257, 244, 2710, 3007, 8680, 3605, 876, 2597, 309, 2859, 5266, 5545, 9297, 9275, 4793, 2525, 8729, 6957, 9260, 6840, 9982, 5020, 4143, 7445, 8233, 8823, 8242, 521, 3515, 2604, 3221, 2754, 2978, 3868, 1891, 2109, 5050, 5454, 7233, 597, 2958, 4350, 5432, 631, 2660, 4505, 8846, 5057, 1878, 814, 4535, 4731, 5182, 6617, 6955, 5092, 7656, 7525, 1029, 1034, 4434, 6797, 8733, 1068, 1998, 1126, 4279, 1842, 4885, 5134, 1257, 5691, 5842, 7060, 4076, 5168, 2539, 2869, 2542, 8272, 5183, 4281, 3477, 5778, 2304, 7373, 1856, 1955, 2648, 7385, 3229, 9156, 4295, 4705, 6174, 2635, 3954
5836, 9765, 6874, 4560, 811, 3411, 7886, 488, 6688, 4028, 2364, 2430, 1190, 6412, 831, 4472, 6042, 5462, 6367, 2237
9428, 515, 4274, 8103, 8894, 7698, 687, 1850, 154, 5822, 7889, 9838, 5365, 6141, 1388, 7748, 6740, 7576, 7930, 7976, 2582, 6970, 2721, 1457, 4713, 1047, 7094, 8605, 3011, 6355, 4771, 6683, 7872, 6850, 2722, 1024, 5156, 4976, 1324, 4920, 2338, 1827, 4659, 4818, 6081
392, 3682, 9975, 2032, 8708, 4538, 8173, 8815, 9060, 9215, 9796, 7245, 2685, 7216, 8661, 9590, 9863, 2965, 301, 4575, 9490, 353, 2447, 4357, 8371, 8732, 3725, 388, 1826, 5827, 8186, 2644, 5976, 9417, 440, 1690, 1688, 489, 7896, 757, 7507, 8172, 2367, 6003, 1049, 1340, 3483, 3710, 7055, 2529, 7773, 7754, 6869, 5226, 1782, 3680, 1957, 2190, 1984, 4366, 4541, 2933, 2330, 6333, 5146, 2673
3259, 3750, 6283, 9181, 9047, 129, 4248, 9972, 2637, 6398, 5875, 7744, 1081, 233, 7994, 8387, 9278, 8400, 8610, 7190, 6958, 915, 6104, 4056, 4190, 9200, 6752, 4525, 7090, 5250, 5971, 2860, 8084, 1963, 9884, 6737, 1151, 8367, 8981, 4099, 6358, 1304, 3287, 5962, 1575, 2433, 4376, 8268, 4931, 9167, 1857, 6288, 7369, 8095, 3468, 4081
8459, 7350, 8600, 9773, 826, 2185, 1268, 4895, 587, 2350, 212, 2876, 9332, 9549, 568, 9943, 7932, 8009, 7982, 311, 6022, 6534, 9342, 2472, 5137, 5818, 7626, 8554, 7524, 3048, 2631, 2620, 519, 2059, 2989, 6159, 701, 722, 793, 7002, 5032, 7027, 2321, 3672, 1298, 4482, 7211, 3120, 8997, 4012, 2256, 2642, 2414, 5117, 3819
8, 2814, 881, 9475, 3421, 9747, 9596, 4868, 1465, 5642, 4582, 3967, 5384, 2975, 5166, 1559, 5507, 1952, 7223
4245, 7904, 3464, 9560, 2904, 2533, 6127, 5103, 8642, 4677, 4050, 9487, 4465, 6985, 9548, 9565, 459, 5774, 1675, 1551, 5546, 468, 5176, 8352, 2531, 507, 7360, 9930, 612, 2315, 4344, 3990, 7467, 2449, 4351, 1477, 4254, 860, 5733, 1157, 6595, 1806, 954, 7873, 8670, 6138, 5743, 6212, 2766, 6037, 1429, 1491, 1941, 3297, 3726, 6676, 2828, 3263, 4139
4367, 7765, 43, 7466, 8210, 8931, 9927, 9189, 9170, 8806, 2516, 8007, 6700, 1624, 7332, 4900, 1996, 5107, 5416, 6301, 6922, 8156, 7882, 6020, 7218, 1260, 8519, 6110, 1186, 6923, 9654, 7426, 6309, 1431, 5443, 2486, 3827
6230, 9753, 9659, 9366, 8720, 3481, 8499, 8952, 9080, 3928, 9915, 7943, 7296, 9106, 9211, 103, 3782, 5728, 5904, 9432, 9960, 1793, 6021, 5368, 188, 1820, 8764, 8792, 9132, 8502, 5833, 6142, 2239, 1048, 2415, 3895, 8202, 7389, 312, 5713, 8329, 9304, 6911, 6562, 7582, 1904, 2395, 3694, 6143, 6363, 8343, 4750, 1150, 634, 3214, 7971, 529, 3673, 1149, 7623, 4853, 8221, 4000, 7019, 4483, 1403, 4140, 7443, 4137, 6129, 1819, 4395, 4813, 6491, 8336, 5064, 8014, 3330, 1147, 6518, 1206, 5088, 5098, 1267, 4253, 4925, 3091, 5618, 5817, 2312, 3657, 7069, 7068, 4486, 3266, 3652, 5153, 7766, 2940, 5343, 5598, 3241, 3831, 3683
7434, 7459, 9449, 9891, 5758, 2790, 5582, 5553, 5919, 5346, 118, 2457, 8163, 3926, 5363, 7815, 363, 7453, 6281, 6385, 5238, 8224, 6432, 806, 5958, 7364, 7517, 2382, 5887, 8424, 6066, 7046, 2368, 2377, 2509, 8194, 4179, 3429
7761, 2508, 3697, 9256, 8421, 330, 3517, 7001, 377, 6307, 1223, 8325, 926, 1163, 8489, 3675, 5071, 2946, 7103, 1291, 5429, 2029
9018, 7655, 9510, 54, 6975, 7291, 9895, 2483, 3095, 8511, 4422, 8227, 8249, 8692, 234, 5210, 5808, 3042, 6162, 7044, 524, 2226, 5660, 5336, 5830, 6512, 1723, 6359, 7163, 4173
9683, 429, 8456, 2896, 8841, 8604, 9440, 8435, 9134, 86, 1823, 7771, 9583, 1404, 1917, 555, 2530, 9876, 8052, 1887, 216, 8333, 8697, 8766, 9023, 9887, 5548, 2118, 5486, 267, 8033, 4229, 6965, 5779, 4668, 358, 3372, 5666, 5876, 9459, 8094, 8948, 9469, 8139, 9790, 434, 6419, 482, 9879, 7852, 2497, 9759, 2800, 4800, 7238, 5229, 3382, 7921, 5142, 8453, 3337, 4307, 4847, 5578, 5396, 1919, 1233, 9082, 9611, 7206, 1398, 8068, 3127, 2381, 7285, 4185, 3280, 1851, 4003, 5038, 2652, 5697, 4688, 1991, 5561, 2491, 4047, 4339
9714, 5388, 6726, 7917, 1362, 3948, 9986, 3138, 5673, 9084, 8934, 211, 6001, 7707, 3111, 9544, 5852, 5420, 8682, 273, 667, 3066, 808, 7689, 3250, 4959, 5680, 5849, 5737, 891, 8901, 7465, 425, 9961, 4981, 8884, 5302, 7866, 9221, 9841, 496, 3532, 9333, 550, 8693, 4059, 3775, 5745, 4021, 616, 4042, 7057, 7337, 9613, 3498, 1739, 8327, 1139, 6009, 3552, 4973, 9563, 2551, 5811, 7884, 3211, 4827, 956, 2615, 8485, 4407, 7718, 4005, 1645, 5776, 8419, 1562, 1092, 9076, 4791, 1130, 5640, 3593, 1191, 2707, 8598, 6099, 2096, 1311, 4652, 4693, 7120, 1442, 3088, 5824, 2519, 9165, 2337, 4723, 1528, 7442, 3531, 2880, 5736, 5463, 2636, 3220, 3686, 3440, 3110, 5614, 3739, 1912, 4625, 2153, 4574, 2264, 3012, 6450, 3839, 2653, 8092, 2815, 4600, 3308
9, 9530, 8845, 7281, 3083, 3412, 4181, 1168, 5475, 2605, 1678, 6245, 8366, 3246, 8043, 3945, 3814, 4386, 4718, 6566, 9291, 2698, 4733, 1695, 7891, 2222, 3355, 4979
4343, 5251, 7298, 7464, 8370, 7075, 8870, 3115, 1858, 78, 481, 3734, 6992, 8347, 9933, 9871, 9305, 1950, 4870, 2966, 9093, 4079, 8723, 8630, 4141, 8734, 6527, 6012, 1331, 292, 2998, 7493, 5992, 7527, 7593, 3811, 5007, 7847, 3903, 3369, 9026, 8287, 510, 4396, 7021, 7239, 8211, 7545, 8752, 5076, 2251, 8575, 549, 4644, 5339, 8820, 9427, 3564, 877, 7833, 2170, 4940, 5796, 5907, 3417, 6033, 775, 3705, 6647, 7074, 1208, 9692, 857, 3589, 8133, 8175, 868, 5373, 2075, 4557, 6425, 1119, 8030, 2536, 8178, 1066, 1587, 7256, 1086, 5162, 6698, 2213, 8265, 9542, 1879, 4372, 1536, 4971, 3756, 1259, 5341, 5806, 1281, 6960, 4540, 6749, 4537, 4604, 3374, 4479, 3708, 5928, 6516, 2886, 3199, 6018, 5172, 1794, 4941, 2297, 2689, 2106, 5410, 2388, 6519, 3461, 3606
5492, 2849, 7782, 8814, 9585, 8829, 5489, 343, 7099, 6000, 3579, 2331, 5843, 2355, 1155, 5437, 1199, 6233, 7502, 8617, 4459, 5944, 3126
6286, 9038, 8834, 6943, 6777, 2532, 6200, 9981, 8069, 5247, 4474, 6870, 9512, 5455, 8277, 6026, 2373, 6991, 190, 6155, 6581, 7244, 8700, 7980, 6369, 230, 1378, 1727, 3635, 5593, 5880, 9263, 8405, 5138, 268, 1245, 7003, 7540, 9470, 9498, 319, 9496, 7236, 1976, 6897, 3320, 3469, 9000, 3813, 8627, 9001, 9081, 5366, 3761, 9124, 894, 9618, 370, 3921, 7417, 8237, 4917, 5941, 5512, 6666, 486, 3981, 2986, 6837, 7690, 3003, 4814, 2005, 4457, 6427, 8154, 598, 4325, 6397, 7023, 621, 6622, 2280, 4178, 3762, 756, 758, 5208, 5951, 2120, 803, 6059, 6222, 7639, 1743, 7178, 3175, 6156, 2684, 8523, 2300, 6306, 4237, 3101, 3632, 4936, 1694, 1427, 6962, 2144, 1902, 4220, 1302, 1951, 5394, 4175, 1342, 1765, 5645, 2882, 5591, 6597, 2002, 3149, 4761, 4715, 6256, 6915, 5022, 2813, 2788, 3112, 3793, 3509, 5955
9582, 2302, 9142, 9322, 5768, 4602, 4276, 8028, 5599, 9513, 5942, 9340, 9969, 9282, 8714, 2544, 2607, 1446, 9717, 1981, 1886, 9968, 591, 8897, 9691, 6761, 385, 4110, 6681, 8339, 3053, 2242, 7812, 5160, 8612, 7162, 1325, 5414, 615, 5879, 7941, 655, 1316, 7574, 8941, 6884, 8673, 4630, 1958, 2230, 2709, 6318, 1288, 4928, 4184, 7625, 955, 7620, 4192, 6881, 5234, 3017, 6329, 8614, 7254, 9625, 6312, 2780, 3975, 6048, 1656, 5096, 7402, 1631, 4545, 8323, 1780, 3798, 5573, 1949, 5397, 3849, 3958, 4235, 7371, 2953, 6296, 6145
9660, 20, 6375, 9296, 9628, 4018, 4685, 2725, 3094, 5991, 8871, 9334, 5214, 7461, 9809, 7888, 9949, 7167, 8793, 393, 1740, 7290, 4952, 6692, 1748, 511, 5884, 8078, 6213, 9100, 4946, 1843, 6917, 8274, 930, 5332, 7474, 6209, 4062, 7345, 1015, 3180, 1104, 4227, 1123, 5558, 7715, 1435, 1506, 1532, 4411, 4462, 2104, 8213, 4252, 5258
10, 8633, 9157, 9533, 9602, 9639, 9906, 3002, 5081, 9562, 8660, 4433, 8369, 3242, 8609, 9376, 8803, 3577, 4933, 5656, 138, 5685, 7898, 8098, 8855, 2678, 3277, 9573, 5080, 6585, 6195, 1502, 217, 1859, 2018, 5698, 9865, 8081, 5899, 7831, 4036, 7939, 8691, 3871, 289, 3703, 6118, 6987, 7733, 9557, 2632, 6291, 6389, 8201, 9776, 4002, 2000, 8982, 7645, 8161, 395, 1796, 5140, 3776, 7743, 4073, 453, 4851, 6705, 2699, 7844, 7463, 9419, 1705, 5101, 9401, 4348, 2602, 648, 625, 5155, 4133, 7320, 7058, 704, 6262, 2360, 1729, 6641, 9109, 6293, 2970, 4035, 5534, 3474, 3789, 2043, 4795, 3610, 8199, 6967, 7381, 5000, 6078, 1229, 2826, 2960, 7947, 1317, 1703, 4520, 2270, 6095, 8285, 2747, 6102, 1604, 3563, 6210, 3719, 3648, 7648, 1960, 3182, 2061, 3857, 5671, 2173, 4393, 6507, 3944, 2668, 5628, 5085, 7819, 3156, 3075, 4172
3938, 9894, 7033, 8699, 9725, 9335, 8377, 42, 4313, 4563, 7588, 8016, 9643, 9702, 9875, 7575, 3649, 112, 280, 3982, 4191, 5459, 9908, 8987, 7228, 6982, 9500, 150, 5946, 6384, 7268, 8898, 8876, 205, 2846, 8667, 9853, 6417, 9821, 958, 223, 4638, 5205, 8064, 8264, 245, 1660, 5506, 5877, 8664, 1614, 1011, 5485, 6282, 7816, 8112, 8857, 296, 5869, 8443, 9973, 4588, 6279, 2847, 4598, 9400, 7741, 412, 4634, 4831, 8123, 8153, 3426, 4209, 455, 5317, 8882, 7907, 8244, 483, 602, 1783, 7356, 7007, 4283, 8300, 3763, 4555, 5761, 3269, 7303, 7874, 1934, 8280, 4469, 8088, 661, 9345, 3089, 6788, 2042, 734, 7451, 2394, 2552, 854, 4823, 9091, 3888, 880, 2524, 7377, 7587, 7836, 1355, 888, 1921, 4394, 3679, 1017, 1481, 1069, 5933, 1542, 3952, 1137, 3335, 1192, 7619, 2638, 5180, 1566, 5601, 4272, 2095, 1424, 2467, 2405, 6182, 5323, 5493, 3135, 5509, 2547, 1774, 7137, 3757, 3557, 3860, 2468, 2700, 3278, 2928, 5890, 3254, 3163, 4384, 4627, 4454
7509, 7931, 7486, 1648, 64, 3209, 9819, 8853, 9192, 89, 9937, 4008, 9214, 9033, 6653, 5889, 142, 5011, 5900, 2362, 165, 4211, 8562, 8747, 4700, 6471, 528, 220, 9043, 3961, 5340, 735, 9155, 9561, 9284, 6858, 4127, 442, 520, 1177, 2298, 6741, 8771, 2340, 4860, 5931, 9102, 4496, 4445, 7150, 9735, 1393, 2279, 2450, 3956, 3807, 2055, 1038, 7311, 5077, 4919, 1447, 4193, 1296, 3850, 4990, 3841, 4528, 6396, 1899, 1992, 2013, 4390, 4972, 8709, 2493, 3027, 3207, 4389
9669, 7184, 6868, 9748, 9962, 55, 7964, 8037, 9041, 9103, 9380, 8179, 124, 2752, 3874, 7349, 8493, 8835, 9581, 5220, 9886, 3155, 146, 6629, 8531, 9329, 9603, 1329, 3024, 4238, 6499, 9460, 179, 306, 4816, 7390, 7933, 6714, 3521, 3125, 8866, 4152, 9506, 4549, 271, 9302, 6115, 436, 5086, 6614, 6175, 1903, 8930, 298, 6722, 6942, 4982, 409, 1438, 3157, 9528, 4230, 381, 7879, 415, 1861, 7237, 9636, 6308, 6447, 7323, 7536, 957, 614, 3810, 4797, 5910, 8319, 4196, 562, 848, 1973, 1278, 6305, 7505, 6568, 6623, 654, 885, 3598, 3887, 8289, 3252, 4410, 2069, 7787, 6533, 3333, 7959, 4799, 5519, 2003, 909, 1328, 2706, 8710, 6151, 6111, 5969, 6619, 1231, 2400, 5353, 1207, 2557, 7181, 4841, 2130, 7318, 1279, 1982, 3629, 8335, 9564, 5105, 1321, 6219, 4218, 4989, 1877, 3177, 6220, 6611, 1781, 2677, 4160, 1874, 5516, 5446, 2182, 8311, 4250, 3772, 3358, 6187, 2628, 2569, 6596, 2704, 3628, 3547, 3786, 3134
9995, 7601, 1050, 9832, 36, 698, 4513, 6070, 6891, 8401, 9301, 4317, 9730, 9005, 77, 4040, 5468, 6225, 7950, 8326, 8665, 8355, 9913, 8391, 1547, 7409, 9696, 3996, 106, 2454, 3933, 862, 913, 5785, 7934, 152, 7189, 7823, 9598, 9873, 9318, 5712, 7956, 1894, 7159, 7909, 8530, 662, 4948, 8022, 9090, 3395, 6383, 8991, 7981, 9722, 5491, 1437, 5159, 9788, 8818, 3218, 5128, 7580, 5261, 9781, 9511, 9922, 5846, 6989, 7202, 2595, 2649, 2193, 4512, 8842, 5831, 9111, 7609, 9410, 1109, 8811, 547, 3001, 3433, 4346, 8386, 835, 6543, 4859, 8290, 6879, 589, 736, 7407, 7780, 9600, 7906, 2838, 3794, 4708, 7640, 8940, 9718, 663, 711, 5562, 682, 2052, 2456, 2469, 7838, 9395, 6836, 8621, 8913, 6031, 5028, 9626, 2540, 5810, 7883, 4455, 5670, 790, 4742, 8559, 1787, 6473, 9201, 9840, 5033, 6120, 7922, 2250, 2968, 4195, 883, 2112, 7088, 4837, 5349, 932, 7875, 3171, 947, 3482, 1470, 1849, 3998, 4817, 1046, 4970, 1683, 4848, 1845, 9258, 1120, 3904, 6514, 3240, 1337, 1980, 4584, 1360, 5647, 1367, 6824, 1458, 3592, 4741, 7042, 4310, 1496, 4559, 5569, 3523, 5327, 1501, 1516, 3170, 2001, 2773, 1689, 2320, 3367, 5348, 4894, 7411, 2885, 1833, 3601, 3969, 3021, 2088, 5282, 2015, 2820, 2479, 2289, 4424, 2187, 3872, 5066, 5541, 4224, 2412, 2546, 4696, 3595, 2931, 4738, 3273
11, 2390, 4284, 9848, 5695, 9701, 6832, 1953, 6796, 4679, 7920, 8271, 535, 3642, 7185, 8645, 3006, 5056, 7447, 3869, 833, 5984, 6695, 8728, 8253, 7789, 8003, 4291, 6782, 6936, 5683, 5436, 9169, 341, 7393, 9605, 3717, 2872, 321, 1662, 9269, 1922, 4969, 7039, 375, 3935, 418, 8313, 6882, 5209, 7911, 6628, 461, 3418, 498, 2068, 5035, 7913, 9645, 8743, 2861, 7825, 8979, 2145, 4154, 7643, 1209, 2241, 8637, 3560, 9474, 1165, 6547, 7195, 3309, 8819, 1179, 7697, 1544, 1460, 4398, 5605, 5527, 1617, 4271, 4311, 3058, 3452, 2255, 7151, 3434, 3060, 5700, 5471, 4111, 5267
1373, 430, 6760, 9174, 9532, 7422, 7010, 7399, 770, 68, 7513, 7520, 9461, 9616, 9300, 4420, 8070, 8258, 8279, 7115, 2990, 9829, 155, 3909, 7864, 8888, 9235, 9404, 166, 5111, 5246, 6994, 7062, 9572, 6327, 713, 2123, 7338, 219, 4024, 6918, 7494, 8479, 9063, 9903, 4158, 8790, 9195, 4884, 4544, 7818, 8551, 5330, 2426, 9104, 9384, 2324, 2893, 4145, 4328, 4874, 8565, 7824, 8737, 9204, 410, 2004, 5464, 7702, 4977, 2716, 7045, 7231, 4109, 2627, 9325, 9861, 2622, 9065, 6503, 2421, 9888, 6947, 592, 8526, 9486, 9738, 3812, 692, 649, 4812, 1799, 5873, 7621, 7740, 7793, 731, 3889, 5478, 6999, 4858, 4666, 3040, 824, 2463, 931, 940, 967, 1275, 7694, 1026, 2354, 5413, 1663, 8021, 9178, 6272, 6448, 4277, 6528, 7172, 1097, 3081, 1251, 7948, 1292, 5702, 7063, 1469, 6093, 6615, 1505, 3976, 2808, 1717, 5433, 1757, 2570, 3986, 4579, 1888, 1999, 3848, 2729, 3753, 2163, 4564, 6266, 4023, 4914, 2651, 6235, 6075, 3922, 5415
4949, 5874, 9262, 9355, 350, 8654, 9482, 1871, 6569, 8988, 201, 8776, 3567, 8130, 4543, 9545, 8975, 539, 2441, 5163, 5408, 585, 6446, 1760, 850, 6314, 2845, 989, 1156, 3233, 4061, 8932, 5248, 3276, 2781, 3882, 3381, 4601, 4501
8903, 9543, 5115, 7523, 7624, 9228, 9983, 1042, 7543, 9161, 8593, 4658, 215, 5693, 7764, 3293, 168, 8184, 9816, 8330, 196, 3051, 9036, 9171, 6322, 8887, 9358, 8638, 8809, 5291, 6203, 8768, 5748, 6172, 8214, 5511, 7226, 8115, 7294, 371, 636, 5465, 8458, 4182, 4842, 5746, 8980, 6865, 4282, 3637, 4830, 5215, 2875, 7404, 5274, 858, 864, 2565, 2549, 3815, 8929, 1016, 3493, 7680, 1020, 5456, 7738, 3899, 3960, 8218, 4651, 5988, 2836, 8716, 1852, 4833, 6392, 1889, 5908, 2152, 3141, 2492, 4342, 2476, 3883, 2601, 4103
9139, 7357, 16, 8159, 9883, 7905, 2939, 9687, 206, 3503, 6189, 6234, 8120, 8816, 8254, 1692, 218, 8821, 286, 5237, 2671, 4258, 4098, 402, 6436, 2348, 446, 6361, 456, 643, 724, 2126, 5926, 1021, 2020, 3587, 7286, 5730
12, 9514, 50, 2453, 5390, 3545, 3918, 1006, 8060
3113, 5223, 5265, 5505, 8972, 9208, 7683, 4368, 3475, 35, 2119, 2943, 5021, 8454, 8767, 9309, 9462, 48, 7029, 7128, 8113, 9453, 9946, 49, 5175, 6236, 7532, 8080, 9844, 6643, 7721, 9431, 8701, 3406, 2662, 816, 85, 3524, 5678, 7154, 8800, 8963, 90, 1347, 3216, 6833, 8148, 9681, 8966, 5709, 3496, 108, 1146, 5480, 5717, 8353, 9641, 1352, 7578, 2283, 174, 1221, 1379, 2041, 2319, 3743, 4511, 7217, 8270, 4363, 2199, 253, 2072, 6271, 8935, 9402, 260, 5738, 6064, 6939, 7674, 5431, 4986, 6100, 5213, 2074, 1198, 362, 5932, 6249, 5395, 3090, 5721, 6400, 5046, 4494, 7533, 2588, 580, 6347, 8865, 607, 5337, 2806, 3867, 904, 5093, 726, 2194, 5622, 6265, 6393, 5457, 5676, 1909, 3324, 3566, 4115, 4650, 1461, 9034, 4608, 6040, 7997, 5347, 6524, 3456, 899, 1609, 6880, 6466, 8324, 2195, 8539, 977, 7109, 6125, 5663, 3583, 5242, 3792, 1022, 5290, 7429, 1121, 5067, 5179, 6642, 6827, 3688, 8356, 4401, 1265, 4573, 8375, 8527, 1350, 6766, 4624, 1449, 1479, 5659, 3988, 1486, 4174, 6041, 5722, 3666, 1901, 1706, 2999, 5005, 5083, 3130, 5537, 6938, 5533, 2353, 4613, 6919, 3014, 5929
6136, 3754, 5245, 7962, 8589, 9229, 9252, 7629, 8719, 7126, 8854, 5970, 9726, 2169, 3908, 224, 8348, 9224, 9397, 9710, 9743, 9364, 2881, 8384, 7312, 327, 1145, 2799, 4762, 9035, 9997, 2824, 7783, 333, 706, 7096, 7611, 5935, 6123, 7479, 9697, 9727, 4361, 843, 6537, 5694, 7386, 6530, 4687, 3698, 7462, 3222, 7324, 7446, 779, 2274, 5204, 8702, 845, 796, 5581, 5718, 823, 3428, 5837, 8441, 907, 6713, 4759, 5130, 2641, 2589, 6731, 5110, 1082, 2016, 1545, 6586, 6194, 1228, 1400, 4044, 6148, 4789, 4416, 6920, 2863, 7034, 2127, 4315, 2575, 6721, 2667, 2794, 3106, 3791, 4724, 3837
7729, 4991, 9704, 9794, 34, 5795, 5924, 8451, 9658, 8496, 9942, 4737, 9617, 9191, 7731, 214, 4519, 8091, 9107, 9734, 745, 9932, 9700, 264, 1202, 6907, 4663, 1375, 313, 340, 3386, 5150, 6564, 9612, 9222, 5421, 2655, 7663, 7841, 527, 6331, 7670, 780, 6257, 7476, 9362, 4187, 5470, 8444, 7659, 608, 647, 5986, 9095, 1307, 8644, 2920, 4409, 3858, 5358, 6747, 4924, 4305, 1349, 1475, 3092, 1647, 5925, 2913, 6980, 1913, 2201, 4707, 2566, 3384, 2778, 3510, 3555
1280, 9381, 8856, 261, 7820, 9289, 6014, 335, 1230, 9754, 422, 709, 866, 7647, 5392, 1290, 4657, 4014, 3344, 5662, 6342, 5518, 2682, 5791, 3691
4892, 9935, 22, 1592, 3196, 8584, 8463, 7703, 3050, 6826, 3232, 6822, 131, 3016, 4606, 7344, 8251, 6216, 5669, 900, 2873, 4943, 762, 5585, 8297, 4189, 7572, 290, 7304, 9126, 2288, 5611, 2140, 1252, 7868, 9476, 8107, 6285, 6409, 7935, 9716, 6188, 1070, 9782, 1003, 5913, 7594, 3892, 577, 6126, 622, 8100, 8773, 8234, 9153, 1668, 2917, 6633, 723, 9353, 6502, 786, 7605, 3966, 5194, 1313, 7352, 4232, 8378, 2767, 5994, 6310, 1027, 1841, 7723, 1122, 2442, 4599, 6724, 8217, 2579, 3361, 3362, 2105, 4950, 1900, 1918, 3061, 2216, 4932, 2419, 3179, 4978, 4151
4967, 29, 7101, 9619, 3696, 8938, 1747, 4240, 4263, 8672, 5196, 6662, 750, 7363, 2176, 1556
5190, 6161, 2902, 6887, 8167, 9588, 8653, 6460, 1201, 8150, 6767, 5249, 4909, 3105, 8558, 2659, 5131, 328, 2489, 8606, 3659, 6553, 5964, 6010, 7957, 5542, 8085, 7309, 4288, 2511, 9308, 1549, 5729, 5099, 9477, 9114, 3424, 8012, 5374, 5120, 1728, 4269, 3655, 1670, 7040, 3304, 5613, 7017, 6221, 2871, 2656, 2510, 2501, 4898, 4419, 5867, 3505
5835, 9820, 5285, 9608, 9650, 9737, 4551, 8666, 3525, 7107, 8799, 6930, 2550, 7778, 7355, 3279, 5711, 6932, 5503, 2626, 7131, 458, 2220, 6298, 5189, 715, 5441, 543, 1546, 7539, 6056, 7610, 9099, 8226, 6905, 7026, 879, 1256, 4942, 6002, 2822, 2252, 6352, 3249, 3865, 6313, 4752, 1540, 5152, 5027, 7596, 2287, 4886, 8577, 1699, 6861, 1847, 7772, 1905, 3041, 2923
4075, 23, 4578, 6414, 8438, 9541, 9630, 3614, 6556, 8904, 7925, 6497, 128, 9965, 7569, 6686, 6186, 8549, 4910, 7637, 5515, 2889, 6019, 6434, 3195, 7091, 284, 1756, 8650, 9426, 6185, 9415, 7979, 5567, 6399, 8860, 9941, 391, 7267, 9495, 3431, 5641, 8263, 6423, 4215, 4872, 642, 2693, 3507, 6559, 8410, 8706, 671, 1301, 6050, 1956, 7514, 9225, 1944, 4821, 7282, 1284, 1785, 4907, 980, 6916, 7550, 8947, 1071, 9587, 1094, 9497, 4610, 3930, 7277, 4897, 8780, 1411, 2054, 1581, 3272, 2736, 1571, 2724, 6604, 6674, 2142, 7149, 8205, 7401, 6196, 6773, 2613, 4507, 8116, 6346, 3073, 6997, 2513, 6718, 5775, 8396, 4730, 4201
9303, 6506, 9389, 4207, 4453, 6388, 2877, 5257
1443, 2474, 8873, 8757, 9947, 5793, 6716, 5631, 4781, 4412, 9421, 269, 8422, 9175, 9413, 9293, 6324, 5143, 5922, 5995, 1937, 6163, 7119, 4756, 8158, 8917, 2545, 9758, 6709, 9390, 871, 917, 4142, 7483, 8576, 5987, 7110, 2507, 3779, 4681, 4669, 3099, 1526, 1643, 5466, 6913, 8850, 3905, 3732, 6805, 3561, 2303, 6968, 3117, 5269, 3651, 3977, 6748
3963, 8891, 8580, 8933, 56, 70, 7745, 6540, 8770, 9483, 9955, 345, 2037, 2357, 158, 6215, 962, 8388, 4665, 2399, 523, 518, 5307, 9576, 1499, 1576, 889, 3379, 7158, 1884, 815, 1686, 3387, 7602, 6357, 2295, 3455, 2890, 5404, 7565, 4577, 1344, 1407, 6734, 5212, 5482, 5594, 6205, 2050, 6744, 1832, 3164, 4452, 2080
6632, 6652, 9454, 4129, 6570, 3767, 6150
9923, 9311, 73, 3394, 7484, 8946, 9577, 126, 4369, 6893, 9280, 2307, 7946, 534, 7414, 192, 7449, 9239, 9899, 3995, 5982, 5510, 8788, 3733, 536, 6165, 7313, 374, 6812, 7801, 9098, 9150, 4500, 7435, 3283, 8482, 7379, 8108, 4975, 8851, 695, 1977, 2221, 9097, 8669, 2915, 3296, 1511, 2110, 4340, 2186, 2137, 3118, 1665, 1161, 3774, 1196, 1211, 1661, 4796, 5575, 4569, 1848, 2028, 3687, 4592, 6697, 2100, 4086, 2554
297
1358, 52, 9680, 4678, 151, 7198, 4721, 6860, 4387, 8275, 3491, 4208, 4958
3771, 9892, 5584, 6168, 7306, 8919, 9592, 2481, 121, 9199, 9540, 9071, 4404, 8487, 6872, 1203, 5538, 9434, 9874, 5042, 7691, 8295, 8114, 7030, 4621, 5865, 3627, 4355, 4374, 9285, 474, 7204, 7416, 4640, 3520, 702, 1031, 6576, 9206, 3408, 6147, 818, 1613, 3322, 874, 9254, 4335, 996, 2006, 1752, 2985, 3604, 1356, 3542, 1498, 2776, 3147, 3950
6223, 21, 7301, 9615, 9185, 74, 2518, 4671, 4736, 6894, 7271, 8057, 556, 9867, 3385, 177, 9695, 195, 9733, 7114, 6539, 8110, 314, 6525, 7919, 3830, 7072, 8316, 2135, 3446, 6391, 7712, 2038, 8837, 4373, 4615, 6193, 1531, 7179, 4077, 8177, 892, 3235, 7219, 1128, 1315, 6475, 1807, 1386, 1430, 2762, 2499, 3301
17, 7515, 44, 6799, 1574, 359, 540, 1698, 9719, 7018, 1659, 8690, 948, 5059, 1626
3529, 6855, 9989, 8775, 6904, 7846, 6856, 472, 4826, 560, 7631, 1028, 5858, 5435, 4214, 1764, 7974, 4567, 3414, 5084, 2482, 8954, 4751, 2608
9627, 4312, 3314, 693, 4968, 5029, 7085, 6684
1010, 6017, 7541, 3311, 7664, 8874, 130, 8943, 7491, 7786, 5555, 9987, 7607, 3634, 1821, 7335, 1809, 5990, 7940, 8147, 4338, 3876, 4033, 4001, 2416, 4889, 2160, 4326, 5888, 4780
8255, 1218, 5549, 24, 445, 7225, 8019, 9392, 9772, 9372, 8334, 9056, 4113, 9116, 9760, 4463, 7499, 9232, 7549, 3031, 7837, 3327, 3380, 4704, 8247, 6261, 6084, 5108, 9491, 231, 2097, 9672, 254, 9246, 9579, 9914, 274, 8415, 9595, 3030, 288, 8968, 304, 872, 9420, 5589, 7016, 7926, 8344, 9728, 2600, 509, 6990, 7232, 7682, 5559, 8804, 8413, 5705, 3062, 7583, 3640, 2749, 4146, 767, 3349, 7678, 7805, 7730, 798, 820, 8302, 1372, 4365, 5239, 4776, 6775, 5367, 3325, 6107, 8951, 1173, 2063, 3533, 5829, 8212, 5672, 5792, 1564, 1450, 3282, 3416, 5091, 2224, 9383, 1745, 1853, 2625, 3984, 6655, 2058, 2370, 4123, 3352
8986, 9591, 5453, 5244, 1768, 5417, 666, 5915, 4595, 7473, 578, 262, 764, 9166, 4531, 9154, 2665, 8169, 8544, 336, 9979, 4562, 8868, 7908, 633, 6593, 2798, 2803, 717, 2955, 7797, 2269, 7135, 2629, 8164, 8817, 2701, 2973, 3357, 1514, 5232, 2757, 4236, 2346, 4695, 2423
19
478, 1651, 6260, 7794, 8206, 8778, 6381, 5378, 5894, 6207, 7250, 7760, 7688, 2154, 98, 2167, 3855, 8550, 8742, 9882, 8188, 8011, 2431, 6660, 5696, 8782, 1141, 7968, 7124, 9926, 171, 1777, 3890, 8360, 9137, 176, 1802, 5840, 8298, 9330, 9984, 4589, 5310, 8240, 7424, 8111, 9085, 7152, 3796, 300, 1059, 3692, 9020, 302, 3202, 3558, 7696, 7800, 7438, 9050, 7795, 2852, 7684, 7949, 1537, 5074, 8922, 6966, 6601, 7839, 477, 3939, 5802, 5950, 7022, 1158, 465, 512, 3162, 5756, 7468, 8651, 1106, 5333, 476, 5620, 8345, 1189, 2243, 8238, 8801, 479, 3323, 4205, 4391, 4680, 7141, 8340, 3086, 9344, 2128, 2748, 7529, 1032, 8978, 1610, 1063, 9231, 6106, 668, 5597, 6023, 1333, 785, 1550, 4857, 8749, 847, 7952, 7902, 7153, 966, 3466, 6191, 7695, 1441, 4768, 1405, 7916, 1095, 4221, 6226, 5458, 3444, 6079, 3740, 1590, 1987, 5469, 7555, 1369, 2703, 5483, 1380, 1492, 6061, 1644, 6626, 4846, 6572, 4854, 1817, 1758, 1766, 3526, 4471, 1892, 3641, 2234, 4773, 2384, 8273, 7759, 2708, 6157, 3617, 6732
5136, 31, 6902, 8404, 8301, 6971, 6696, 5026, 354, 9331, 9679, 7139, 2496, 8042, 9571, 8641, 1142, 5560, 6602, 6461, 5438, 5637, 987, 4754, 2891, 1805, 5655, 6252
5192, 5602, 9907, 9802, 6321, 6263, 8561, 8863, 8657, 275, 2207, 2343, 5195, 2209, 360, 373, 7722, 8204, 500, 9283, 517, 1916, 7334, 7762, 8416, 5171, 1824, 1054, 4988, 5379, 7658, 3611, 3168, 4964, 3643, 3914
7142, 4088, 6784, 7065, 7814, 75, 4054, 9780, 5236, 8320, 6899, 1572, 7945, 5402, 6372, 8522, 9029, 9535, 804, 3556, 6762, 918, 3513, 2538, 8152, 8321, 1213, 1255, 4319, 7986, 5657, 2425, 3609, 5661, 5095, 2715, 3389
9248, 9964, 8911, 8500, 9382, 62, 9822, 7534, 82, 7685, 8540, 8588, 9905, 105, 3765, 9209, 120, 9286, 5623, 650, 9045, 9978, 8535, 4930, 248, 3744, 5863, 7480, 1444, 4957, 7100, 9418, 7687, 4654, 9173, 8317, 7890, 2819, 7559, 1154, 9744, 1837, 8646, 7775, 8269, 2162, 7247, 4470, 960, 5391, 986, 3769, 2306, 7134, 1588, 1312, 5523, 2962, 1674, 5861, 2281, 2175, 1530, 6618, 5052, 5974, 8136, 6781, 5199, 2347, 2712, 2768, 6179, 5177, 6198, 2763, 3142, 5528, 3489, 3685
3366, 1504, 457, 9479, 8198, 487, 8118, 1098, 3188, 8990, 1236, 5072, 2204, 4400
8892, 3197, 9974, 2633, 8191, 6060, 9586, 6733, 8099, 1582, 235, 656, 8703, 8936, 4234, 9219, 3821, 9145, 2246, 2376, 4517, 4468, 4561, 5610, 7633, 548, 7878, 619, 5530, 6108, 7336, 3152, 849, 8994, 6270, 7300, 5687, 2936, 3716, 5828, 8368, 7923, 1579, 2196, 2954
1627, 8789, 9378, 9559, 7375, 8515, 9202, 2240, 5100, 2260, 9912, 8145, 414, 8586, 198, 8875, 4626, 6052, 4287, 6121, 9184, 2996, 5472, 4134, 7196, 8216, 869, 367, 2299, 8772, 404, 6508, 8349, 3187, 7528, 6231, 3270, 3916, 802, 7400, 1718, 992, 4635, 5132, 6807, 4406, 9057, 8721, 4106, 5169, 3863, 1896, 994, 2639, 5133, 2935, 1266, 7681, 1364, 1423, 5006, 2506, 2802, 2358, 3738, 5376, 2420, 6532, 6354, 2610, 7059
4906, 8992, 9441, 4085, 8513, 3910, 8004, 6956, 4478, 9868, 6057, 4502, 6798, 1075, 1244, 2987, 299, 1353, 2391, 2901, 8822, 186, 4052, 4053, 4130, 6937, 7677, 8675, 8634, 6541, 228, 991, 4879, 5616, 6900, 8144, 8985, 9052, 6754, 7713, 829, 6304, 5574, 5814, 7963, 9851, 9953, 7102, 5211, 605, 697, 7297, 9094, 2443, 6526, 9151, 3854, 531, 7392, 2777, 4197, 4660, 8025, 9025, 8299, 8192, 2266, 5579, 9086, 1580, 6338, 7535, 8618, 8745, 5345, 3447, 4298, 2672, 2592, 4262, 7530, 3077, 4548, 7144, 6277, 6453, 1117, 7654, 6536, 2245, 5750, 2630, 3618, 3816, 4440, 1354, 6166, 7201, 7646, 1409, 4399, 4362, 6631, 1451, 5719, 2599, 3450, 2197, 2333, 1860, 2888, 4166, 6055, 3723, 2308, 2675, 5787, 4246, 3342, 2907, 3636
282, 7650, 9715, 2323, 9783, 6739, 8442, 7827, 1954, 9403, 4092, 8236, 7234, 6770, 5547, 3319, 3119, 4255, 5389, 2830, 7736, 6420, 2165, 6523, 4565
2044, 6946, 8171, 61, 1926, 3736, 8072, 9653, 4938, 6551, 7671, 5764, 182, 4622, 8684, 9584, 8029, 6793, 1055, 9176, 5911, 8748, 9693, 566, 593, 4497, 6896, 626, 7641, 679, 3818, 8305, 6422, 9160, 4427, 4836, 8358, 3647, 3473, 2541, 7450, 2899, 2495, 2746, 4869
6319, 9044, 6804, 7105, 5380, 9387, 8010, 247, 4684, 9101, 8698, 9288, 9536, 1089, 351, 3817, 4314, 6878, 7992, 9508, 8190, 9854, 7693, 3375, 7209, 1133, 6039, 6103, 6757, 4256, 5001, 953, 9800, 6693, 1074, 3151, 4929, 1924, 6472, 5878, 3951, 1646, 1513, 3670, 2410, 7853, 5514, 7308
7977, 9141, 8423, 9909, 9131, 207, 1846, 5311, 7125, 9343, 5405, 9048, 5165, 5596, 6898, 5859, 8508, 7567, 4461, 7104, 3873, 1599, 7518, 8594, 974, 5361, 5260, 4029, 5334, 8381, 9635, 3663, 6082, 3243, 1738, 5536, 5565, 3544
8452, 6909, 4570, 6076, 7877, 9845, 225, 852, 2099, 8553, 1640, 9163, 8785, 5504, 2937, 4446, 9203, 3067, 1180, 4664, 2770, 5804
9363, 3502, 7173, 9144, 9307, 167, 3974, 9902, 7526, 959, 270, 7011, 4451, 338, 9168, 9422, 1775, 5665, 5586, 1854, 4431, 4832, 927, 8516, 8129, 7333, 4364, 2821, 2396, 1910, 1194, 4285, 3448, 3343, 3985, 3069, 6853, 1419, 3724, 4447, 6320, 2336, 1789, 7322, 3215, 4896, 6888
26, 5734, 9136, 6264, 6135, 347, 8557, 9140, 670, 3315, 4902, 999, 732, 6699, 2459
5316, 9963, 1193, 9522, 4611, 1883, 147, 467, 3102, 3936, 6771, 8467, 161, 6495, 6557, 8406, 8464, 8893, 9326, 9898, 664, 7699, 8062, 2843, 2174, 8536, 919, 8628, 1947, 4806, 366, 2184, 7066, 7205, 7246, 9638, 4308, 407, 2217, 4706, 7177, 7972, 408, 2851, 3165, 7278, 1715, 2369, 7531, 9272, 4641, 1144, 2910, 4743, 532, 2244, 4767, 7168, 600, 4935, 5235, 5632, 8170, 6531, 3584, 4633, 5540, 7714, 689, 2894, 4114, 9801, 694, 1989, 4492, 5782, 2683, 5383, 4286, 870, 3071, 7187, 9745, 3506, 4698, 3645, 6176, 1650, 5039, 8209, 7341, 1652, 7171, 4450, 4506, 1557, 2189, 3616, 4632, 3953, 6949, 1993, 7676, 3376, 2284, 2445, 4219, 2313, 2500, 2666, 4656, 3591, 4026
5502, 1538, 9138, 8055, 9741, 4370, 2010, 4176, 4891, 9670, 3457, 3602, 6828, 7613, 582, 929, 7457, 5948, 8331, 7615, 3068, 6852, 3590, 8812, 8971, 3316, 6122, 4689, 1361, 3859, 1788, 5845, 7354, 4711
828, 5164, 94, 9516, 8900, 4861, 8292, 172, 2726, 9991, 2988, 6603, 1138, 5222, 6487, 3886, 8695, 9075, 557, 3919, 4903, 6520, 7749, 3310, 8470, 3747, 6035, 7987, 2829, 5023, 1108, 9662, 4877, 8051, 8524, 6561, 6711, 5847, 1555, 3674, 1716, 3399, 2049, 2108
2148, 348, 1286, 2247, 5862, 6470, 7614, 8827, 5227, 8927, 9703, 4458, 9356, 7953, 6578, 3000, 8739, 4619, 6768, 9739, 3255, 5328, 2897, 5570, 3410, 9699, 6500, 1990, 2634, 6442, 2417, 3093, 4867
2576, 3804, 6582, 9032, 6549, 6072, 143, 448, 5419, 6746, 8283, 7843, 7501, 791, 9270, 475, 8858, 3847, 3396, 719, 1769, 2271, 2085, 1036, 6016, 5684, 3265
3248, 9438, 4320, 6753, 122, 9881, 320, 9066, 4749, 369, 5298, 6600, 4070, 5447, 8109, 2275, 7421, 6789, 2842, 2956, 2427, 3253, 3026
968, 5281, 6251, 7570, 3131, 1664, 3689, 9761, 1834, 7571, 3458, 7235, 444, 7317, 9746, 3665, 9188, 9916, 438, 3802, 6408, 6844, 8460, 599, 5094, 7006, 8266, 6707, 730, 3497, 1166, 3607, 7955, 6677, 4965, 5439, 5609, 1052, 8989, 4873, 3192, 5927, 3150, 3881, 2458, 4292, 6545, 1671, 4149, 3390
4587, 8688, 9058, 9609, 890, 7595, 4683, 8514, 9478, 3345, 4010, 7257, 7315, 6650, 2422, 541, 5268, 6926, 7482, 7418, 8659, 5563, 4045, 7638, 8373, 3059, 8389, 9196, 5945, 8784, 7746, 1948, 7710, 792, 8045, 2060, 2031, 1608, 6851, 5173, 7548, 4744, 1088, 1127, 3551, 2868, 4580, 3383, 4476, 2012, 5885
5087, 339, 9472, 1067, 6112, 1494, 1619
243, 7751, 6859, 9022, 2733, 9552, 1600, 470, 9385, 944, 3898, 5794, 4460, 5406
6651, 7358, 9217, 1440, 365, 9646, 5851, 9255, 159, 9446, 9736, 9893, 8722, 5668, 1078, 2098, 9858, 6981, 5017, 7240, 1623, 5280, 2455, 337, 9518, 6630, 6454, 5218, 5566, 7755, 4117, 6411, 3167, 416, 6689, 469, 4526, 6494, 6811, 6598, 3702, 7557, 8689, 594, 7649, 1271, 725, 7798, 6085, 7148, 6889, 5769, 1093, 1565, 3008, 1102, 5375, 5677, 4259, 3878, 4581, 6710, 2572, 4787, 3346, 6217, 5508, 4996, 5231, 4097, 1906, 5564, 4934, 4998, 4954, 2253, 5030
8843, 3947, 7351, 9610, 2143, 5895, 315, 6656, 8359, 4007, 3833, 3955, 4999, 1488, 8005, 3441, 8762, 1779
9740, 8040, 8142, 178, 9731, 9749, 9480, 7321, 8267, 645, 4554, 9690, 7214, 6274, 6612, 637, 7076, 2598, 772, 9143, 3823, 5369, 6671, 7604, 5452, 4293, 7666, 8067, 1439, 6780, 5652, 4228, 2981, 7224, 2166, 4844, 7093, 5427, 5735, 7053
32, 6679, 8082, 9649, 59, 6921, 7790, 7813, 95, 7603, 6555, 2663, 9644, 6814, 5903, 1363, 6720, 8724, 4820, 1939, 7412, 4829, 8282, 1870, 6097, 6164, 6558, 825, 7704, 4927, 961, 9369, 1004, 1323, 8090, 4922, 1169, 8117, 6062, 5752, 6785, 5608, 7164, 1929, 3236, 1994, 4722, 4144, 2856, 6030
1101, 6580, 7489, 8342, 9537, 4488, 705, 9230, 8077, 4607, 3124, 1289, 5185, 2487
8928, 5473, 2067
33, 326, 2535, 2949, 5382, 8687, 9379, 4888, 1606, 8338, 96, 2181, 6482, 6513, 8473, 8926, 9249, 6289, 9707, 4591, 9515, 8970, 1235, 1399, 8162, 6402, 325, 8079, 9127, 9226, 9762, 8694, 1804, 1040, 6275, 1039, 9089, 1371, 4159, 1389, 4280, 6410, 9348, 8647, 690, 5426, 5648, 3915, 5312, 7822, 9190, 950, 3128, 951, 7912, 2316, 2585, 6345, 1472, 8899, 1667, 2014, 6838, 1463, 2865, 1881, 2848, 5201, 1637, 1767, 2356, 2895, 4915, 2614, 3759, 4758
9424, 5338, 9849, 8781, 8346, 200, 5650, 6636, 252, 572, 5866, 8411, 2969, 2898, 3784, 800, 9277, 878, 5624, 7289, 4682, 1478, 2835
9525, 9443, 2558, 7725, 114, 6268, 9519, 9966, 9655, 8455, 141, 8309, 9774, 2526, 8137, 8746, 4108, 2741, 6476, 318, 2159, 9465, 8430, 9121, 9852, 3964, 7630, 7262, 6657, 4623, 4091, 6535, 1134, 2687, 5040, 3371, 651, 8631, 8704, 2587, 2750, 7116, 6184, 727, 9068, 6616, 1649, 7330, 1322, 5535, 8328, 4249, 1258, 4444, 4341, 5187, 2076, 1520, 1693, 2478, 3415, 5716, 3625, 5821, 5019, 7086, 2205, 6694, 6750, 2719, 3063, 5576, 6140, 3846, 3258, 3783
9640, 4210, 8066, 9074, 8959, 69, 1359, 3893, 8587, 4171, 84, 7431, 9253, 9806, 9877, 113, 8128, 8445, 9399, 246, 5297, 9393, 9878, 258, 4360, 7936, 285, 5658, 6192, 8626, 7410, 6682, 9706, 5048, 1224, 6034, 6478, 5771, 4808, 3303, 9187, 8143, 8795, 3085, 595, 8097, 1568, 4997, 3005, 6736, 3619, 8138, 5073, 3231, 6438, 6809, 7810, 912, 7735, 5920, 6941, 6821, 1044, 5102, 4093, 1227, 2462, 5872, 2951, 1277, 3923, 5325, 8000, 3800, 3193, 1414, 2718, 3971, 5767, 2878, 4822, 3549, 3613, 6365, 1744, 3920, 1784, 3822, 6405, 2392, 6068, 2797, 2997, 2908, 6049, 3023, 3829, 3035, 3751
4772, 5588, 1495, 101, 3056, 5646, 9934, 6567, 8141, 193, 9507, 249, 9128, 9313, 1792, 7628, 6948, 4055, 4264, 5604, 1013, 3432, 3504, 4013, 5037
6496, 38, 4428, 8896, 9866, 9901, 7210, 9152, 6675, 7880, 8736, 7850, 6325, 250, 5060, 8447, 4442, 9055, 4876, 6371, 9004, 349, 7668, 8967, 9183, 357, 7403, 8671, 401, 5643, 9233, 420, 6433, 6493, 4063, 8507, 5355, 8241, 8861, 4550, 2900, 9631, 639, 6929, 9377, 1876, 699, 1669, 5654, 760, 2349, 4358, 8013, 810, 4058, 5943, 4850, 1073, 1696, 2593, 7316, 1124, 5202, 1178, 4417, 8207, 3064, 5314, 3773, 4222, 6167, 2807, 2765, 4556, 2844, 3748
37, 7156, 9911, 3541, 1261, 9287, 1051, 2742, 5653, 8581, 5051, 4403, 1791, 6829, 691, 5277, 6038, 3019, 7037, 1828, 4726, 886, 9411, 903, 4533, 6485, 6098, 3422, 2022, 3262
3907, 2556, 5344, 5634, 5989, 766, 5279, 135, 164, 4702, 8243, 9031, 9985, 8999, 6924, 5529, 9792, 9810, 7769, 8760, 7854, 6418, 8041, 8552, 753, 1928, 4782, 9113, 2171, 4642, 7554, 5496, 6426, 4300, 9405, 2294, 3046, 2494, 413, 9207, 423, 8412, 7522, 5760, 9123, 499, 3334, 6273, 3856, 9069, 4597, 9686, 6646, 4866, 2606, 3306, 1945, 4875, 3205, 8867, 8304, 741, 5568, 5273, 3809, 4951, 9162, 9238, 6469, 9763, 2755, 2363, 9464, 813, 6517, 2643, 7347, 8505, 8024, 838, 6627, 4777, 5139, 1986, 1570, 1045, 5309, 1037, 7138, 9319, 9078, 9210, 4807, 1080, 6326, 2365, 1418, 3190, 4735, 4017, 6080, 1521, 5770, 3864, 9072, 3885, 3302, 4697, 3828, 1867, 2141, 5801, 2464, 2286, 3223, 3160, 3615, 5495, 2562, 3203, 3495
8125, 1076, 9663, 4571, 117, 1254, 6976, 7644, 8833, 7077, 9910, 9375, 7616, 7366, 7635, 3174, 9529, 1978, 5636, 6458, 3891, 809, 5823, 2903, 6842, 3622, 6835, 1681, 1641, 1679, 2603, 5626, 3937, 3260, 6158
41, 1633, 9273, 1709, 8208, 1701, 9880, 6725, 5278, 2021, 9024, 2150, 7265, 5521, 6560, 3576, 5354, 7012, 6638, 2912, 4534, 5848
9574, 9467, 480, 7785, 9524, 462, 3795, 4266, 5762, 7395, 4794, 6214, 570, 2133, 7701, 5707, 1733, 2717
6486, 3290, 8761, 4764, 5263, 6465, 8490, 92, 2208, 7032, 7708, 8197, 7266, 7538, 8239, 8797, 213, 7388, 8592, 9054, 256, 4020, 400, 2669, 6224, 6297, 8135, 450, 609, 5193, 5264, 3661, 6004, 8174, 910, 3298, 1273, 6032, 5008, 7848, 2769, 2945, 6374, 5217, 2157, 2113, 3251, 3612, 4546
583
5352, 65, 8354, 9713, 3582, 7194, 9554, 5424, 7367, 7862, 9768, 6046, 506, 5313, 4138, 7918, 9558, 617, 7248, 660, 1825, 3660, 6119, 6373, 3519, 3405, 2413, 6664, 1654, 3173, 2578
9553, 2129, 229, 9338, 4739, 6637, 3486, 4499, 6211, 2101
6759, 8461, 9527, 8756, 9435, 2883, 9834, 9921, 2261, 162, 6708, 7692, 8017, 6311, 5912, 8306, 6802, 3851, 344, 3585, 6169, 6765, 8532, 9839, 3129, 9365, 3535, 405, 1402, 7415, 8036, 8474, 7763, 1276, 454, 7903, 3877, 571, 1111, 7711, 8495, 683, 6906, 4060, 8426, 2102, 8032, 4100, 1731, 4801, 990, 5124, 6005, 7020, 2200, 1085, 6854, 6952, 5304, 6259, 6813, 6963, 3354, 3770, 4203, 3959, 3267
7169, 8984, 10000, 7051, 7132, 1408, 7705, 5254, 2864, 6594, 4153, 2335, 7606, 7861, 4334, 2727, 6258, 6661, 4359, 5499, 4353, 4421, 3852, 4593, 5324, 6751, 5200, 3186
9956, 7983, 8063, 5428, 5243, 185, 7430, 7669, 8439, 6756, 8763, 513, 7985, 8155, 7492, 7340, 1148, 4961, 6763, 855, 4953, 971, 4402, 1065, 6132, 6862, 2093, 4397, 7553, 1584, 1862, 3639, 2758, 4594, 3289, 2131
3737
2291
7408, 57, 1685, 5816, 7597, 8538, 9531, 7031, 5625, 9406, 8044, 127, 1305, 2372, 3084, 3317, 4150, 8157, 2385, 7348, 8537, 9259, 8417, 8572, 4849, 484, 2168, 5757, 716, 1586, 7803, 8880, 9361, 9359, 6451, 5275, 1077, 7970, 9860, 1377, 9671, 7147, 6787, 2035, 7009, 7901, 1001, 6295, 7612, 5385, 4481, 5682, 1099, 1283, 1722, 2030, 4323, 2714, 2440, 3941, 2026, 4489, 6925, 2857, 4162
7478, 1761
2411, 9604, 7599, 6065, 5780, 5975, 1113, 7469, 1390
8480, 8595, 1110, 7990, 7160, 1591, 4717, 3758, 9425, 2023, 2263, 9751, 5973, 6199, 3437, 5335, 7287, 2909, 7938, 3965, 4239, 1808, 3554, 4078, 5002, 3340
9791, 2488, 6340, 8923, 5015, 9182, 7084, 3989, 7808, 2470, 840, 8231, 7097, 1214, 4004, 5522, 2696, 3638, 3715
58
6857, 2855, 8250, 1033, 9147, 9999, 251, 6117, 8676, 8915, 3121, 7546, 323, 5321, 5356, 8777, 6573, 7384, 6407, 581, 1025, 3570, 5409, 7779, 3970, 9015, 9823, 4449, 908, 1417, 952, 6183, 3900, 3706, 5587, 1436, 6134, 8462, 6986, 2475, 5188, 4352
5401, 8957, 522
134
79, 7193, 8510, 9757, 8407, 8215, 9117, 6873, 7325, 7591, 3797, 9320, 1487, 6083, 7561, 6086, 2149, 1700, 5759, 4096, 432, 8222, 3968, 9172, 5551, 6934, 7720, 5891, 718, 4692, 2866, 9568, 2918, 5003, 6058, 5968, 6706, 2594, 4694, 6276, 2062, 3087, 8166
81, 6229, 6376, 9484, 157, 1932, 3668
2402, 4712, 7585, 1746, 2783, 9750, 7893, 6403, 7043, 4188, 8840, 1153, 8564, 2534, 3225
5292, 9862, 5350, 2823, 6703, 6820, 9857, 8256, 2661, 1184, 7961, 795, 935, 5996, 5147, 5714, 4521, 4170, 3934, 5701, 3729, 8740, 2924, 5207, 1691, 3714, 1711, 4432, 4383, 5592, 3239, 3028
83
9889, 6105, 3580, 8718, 3052, 2834, 7015, 6280, 6290, 2057, 3571, 7391, 672, 3731, 7577, 9408, 7129, 4992, 2296, 6579, 3401, 2188, 4887, 4198
87
88
8924, 3107
6362
9442, 4231, 2796, 5699, 4815, 9002, 2339
8056, 8106, 3711, 9674, 6801, 6013, 5985, 2082, 7243
1704
397, 7448
7767, 5058, 8121, 1797, 8796, 7544, 8590, 1253, 2774, 9261, 6806, 266, 5606, 8907, 9957, 7856, 2926, 1132, 9324, 6648, 558, 4377, 1507, 3581, 1234, 6415, 923, 5600, 6284, 3727, 8879, 3537, 4729, 4760, 6246, 1318, 4518, 4498, 5797, 1618, 1812, 3044, 5525
102
7113, 8357, 1589, 2083, 1274, 1425
896, 8759, 7589, 5679, 6883, 4071, 6776, 2272
110
746
3010
115
183
613
8744, 3204, 5881, 4306, 1816
137
144, 7182, 9473, 237, 4490, 5300, 3677, 6429, 4413, 6299
4032, 6029, 1863, 2352, 2817
148
4766
3896, 8341, 7264, 6587, 8472, 7452, 4647, 8528, 9990, 6588, 3237, 7636, 784, 4912, 8276, 856, 4251, 6590, 7361, 5412, 2132, 2782, 6444, 5014, 5477, 5488, 7942, 3588
3485
2484
173
9120, 6439, 8779, 7592, 7849, 8798, 8294, 9797, 4784, 771, 2408, 4082, 6885, 6089, 1839, 1300, 1332, 2111, 5753, 1459, 4183, 7709
9505, 202, 6459, 4456
394
1247
191
504
684
1043
2695
9391, 6435
769
221
203
291
2086
9445, 552
2087
2617
590
236
601
8556, 4916, 5357, 5615, 1732
2046
1815, 2583, 9407, 2007, 3445, 1607
278
283
2786
2437
9179, 1943, 7719, 1474
3020
1453
295
2212
964
305
324
1875, 9769, 9341, 383, 2730, 5703, 5418, 2911, 6356, 4302, 4349, 5813, 4753, 4016
846
2040
1270
384
1552
390
1736, 9521, 9164, 1639, 4327, 5127
525
426, 9593, 3620, 708, 1563
427
6177, 2938
447
611
3631
471
1964
492
6316
1014
503
628
4769
1813
526
6839, 8730, 1023, 3699
530
3597
696
751
573
575
2235
596
624
1336
3244
1493
630
3368
632
638
644
1763
1215
675
3065
721
1468
3234
3146
743
747
763
3054
1152
777
801
8787
805
822
853
863
901
3842
3144
1735
3161
2446
1483
3978
2282
1084
2278
1140
3671
1238
4180
4273
5398
1263
2473
3200
2680
1306
1339
2183
4064
1523
1500
1489
2329
1553
3256, 3875
1577
1596
1959
1598
1730
2827
1914
1923
2089
2178
2215
2548
3423
