1, 7230, 8001, 3766, 7496, 8807, 3224, 27, 9298, 9828, 1578, 2772, 6625, 8663, 9676, 1053, 4714, 8881, 4118, 5069, 7617, 4956, 5961, 9489, 4748, 8750, 7481, 9673, 1181, 3162, 1755, 7750, 3820, 8674, 9016, 4439, 9766, 7133, 8786, 3470, 7157, 941, 836, 9338, 8690, 4793, 8545, 6101, 1091, 7817, 7018, 9021, 8403, 4937, 1880, 6723, 2548, 1630, 1659, 3018, 7394, 2448, 8591, 2238, 3666, 4980, 3153, 3957
2498, 8744, 9656, 8393, 9212, 185, 4321, 7606, 7786, 6669, 9295, 4434, 9956, 3082, 4334, 2093, 9517, 9784, 3735, 7940, 164, 6924, 9368, 7858, 5490, 9457, 7098, 4306, 5116, 9062, 1800, 2039, 6673, 3549, 453, 7757, 5997, 5555, 513, 7362, 542, 8547, 1809, 1222, 4953, 3034, 627, 7491, 8063, 3244, 7985, 7331, 7669, 2236, 3980, 4889, 971, 3842, 7335, 1065, 8546, 8596, 1148, 6670, 6977, 7541, 6867, 6728, 3186, 6160, 7861, 3036, 1697, 6633, 1771, 3852, 5254, 4824, 6491, 2758, 5999, 5428, 7830, 4845
3505, 5973, 3965, 8167, 934, 9778, 3931, 6006, 8220, 8625, 3655, 2857, 3659, 8920, 4257, 471, 8475, 9601, 1602, 8910, 3424, 1083, 1240, 5613, 6767, 5002, 4288, 5181, 6730
4278
4489, 5757, 4849, 9168, 270, 57, 5385, 9359, 9406, 9531, 7612, 7901, 1377, 7597, 1001, 9860, 127, 2030, 5816, 7031, 8880, 9902, 7970, 7173, 6295, 5625, 7526, 8537, 2336, 6925, 8572, 9422, 9144, 4431, 8417, 1099, 8157, 927, 338, 5275, 7322, 9671, 9307, 3317, 8538, 484, 1854, 3985, 6888, 8516, 3069, 1584, 7333, 9259, 6853, 6787, 8129, 2026, 4481, 959, 7803, 4447, 6320, 1077, 1305, 3974, 5665, 7011, 1194, 4285, 6451, 1775, 1983, 7009, 3941, 2372, 1419, 9361, 3502, 1586, 5458, 4364, 1283, 3448, 2821, 9363, 4832, 8044, 3215, 1910, 5682, 2035, 7348, 1685, 7147, 1722, 3343, 1789, 4896, 3084, 2385, 3185, 4150, 2168, 7408, 3724, 2396, 4162, 2440, 2714, 4451, 5586
4503, 7742, 9795, 8567, 9553, 4499, 9471, 8707, 4094, 2040, 332, 8925, 6287, 5272, 3940, 1877, 5905, 4015, 4843, 6794
6799, 9825, 5977, 8337, 6007, 4862, 5301, 2661
8952, 9369, 9366, 7131, 3694, 8202, 4829, 825, 3188, 1403, 3683
9226, 8338, 96, 6513, 4498, 1881, 1113, 2774, 2014
9886, 7184, 8835, 9636, 6619, 9329, 8493, 6111, 6340, 9380, 7959, 9603, 3638, 124, 3134, 6151, 9460, 3521, 6629, 3024, 8866, 4410, 1903, 5516, 4196, 298, 4218, 7933, 8231, 415, 2003, 2704, 6614, 3989, 3925, 1270, 5015, 6596, 9103, 3157, 7237, 5446, 7323, 2212, 6219, 3358, 8710, 6187, 7349, 6175, 1278, 4799, 5220, 5363, 4989, 1982, 6623
9929, 7515, 8020, 1626, 8529, 4270, 209, 411, 5870, 9053, 982, 3275, 4739, 6998, 9367, 1786, 4962, 9059, 9661, 7263, 5315, 8380, 2079, 8731, 6489, 1062, 8585, 7832, 1382, 540, 9629, 4137, 6211, 948, 1698, 4605, 4905, 1171, 2259, 3681, 1432, 8185, 1890, 6350, 5059, 3801, 3116, 3787
2, 8874, 10000, 18, 3876, 7664, 9711, 3639, 6017, 8155, 9247, 9125, 2147, 7340, 62, 855, 7727, 8492, 8187, 9077, 7975, 8383, 4290, 2335, 7607, 9236, 9798, 6871, 3634, 8763, 1090, 7998, 7781, 460, 5860, 7553, 5582, 6594, 552, 5635, 5959, 2485, 562, 7492, 6845, 2864, 701, 4022, 9006, 6712, 9316, 2045, 887, 5773, 8918, 6763, 6661, 6242, 4353, 4033, 5710, 4267, 2727, 4414, 2248, 7705, 5882, 4593, 9698, 1821, 6751, 2586, 5200, 6132
1010
4672, 9354, 1607, 5164, 1108, 2214, 9314, 8640, 6244, 6308, 1410, 9991, 9075, 4107, 7895, 8481, 4487, 352, 8390, 628, 5731, 7223, 1865, 4596, 3548, 9836, 4778, 491, 2007, 3365, 9412, 9662, 6509, 7382, 5422, 748, 8398, 5949, 6394, 4966, 8695, 2543, 5583, 7634, 2829, 5222, 2809, 5850, 3487, 8292, 7749, 9042, 7441, 4612, 2950, 8286, 7118, 4637, 7995, 7584, 1534, 1587, 2584, 7186, 2019, 3803, 7130, 3919, 3445
7168, 7972, 8170, 2511, 8536, 147, 2894, 7246, 8464, 9801, 7714, 161, 7177, 8893, 9963, 9898, 8467, 2910, 8209, 5383, 9522, 9272, 4921, 366, 2851, 4806, 6949, 2313, 3953, 4641, 3936, 467, 5632, 7205, 4935, 4450, 1650, 600, 6557, 1269, 5540, 8628, 2500, 694, 7171, 4632, 755, 3645, 3616, 919, 6531, 1883, 7531, 5316, 8406, 7278, 4633, 1557, 1193, 3376, 1715, 1993, 4611, 8062, 3102, 6176, 5039, 4308, 2445, 4506, 3506, 2683, 2666, 4743
8294, 9536, 9256, 2145, 4689, 7103, 8556, 6200, 7457, 8010, 9101, 9797, 9741, 9387, 3772, 8421, 247, 4256, 7761, 9508, 2138, 1223, 9120, 9800, 2946, 5380, 6103, 2111, 3316, 6307, 8190, 2884, 4176, 5001, 5252, 330, 8489, 351, 7613, 9138, 9670, 3590, 5502, 8798, 8055, 383, 7992, 7001, 2408, 8325, 512, 8698, 3817, 5429, 7354, 8971, 3430, 6472, 7693, 695, 9288, 6693, 7592, 7308, 771, 1538, 5845, 1646, 1361, 4082, 5753, 929, 3151, 8812, 953, 1788, 6122, 6828, 4891, 1074, 6039, 1089, 6804, 7615, 9044, 1732, 2043, 3602, 4784, 6439, 3375, 1332, 3068, 5357, 7209, 3517, 4929, 7849, 7105, 1459, 5948, 6757, 5071, 6089, 7853, 1839, 4711, 1924, 3951, 4314, 5878, 4684, 6885
8370, 4396, 4604, 6012, 6233, 8287, 9093, 1858, 9542, 7426, 8845, 4870, 6749, 8175, 3284, 118, 3326, 9018, 3708, 5172, 6335, 208, 9871, 4459, 7833, 1970, 252, 292, 5492, 5992, 9933, 4718, 6033, 721, 3417, 6566, 8829, 339, 3115, 6698, 2282, 4079, 8030, 3204, 6527, 5489, 3579, 8769, 6018, 481, 6000, 8723, 8347, 8366, 4582, 5341, 4733, 8752, 6421, 5979, 5475, 7075, 8630, 5887, 5907, 775, 8870, 3903, 7281, 3083, 3589, 7464, 3564, 3814, 2473, 8211, 7891, 7914, 2170, 1067, 1086, 2331, 1168, 9427, 5928, 1288, 5087, 5076, 9472, 2297, 3355, 1803, 2998, 1879, 1794, 7847, 6647, 3126, 5384, 7545, 4141, 5339, 2605, 4540, 2886
8497, 1770, 6069, 6088, 8018, 3313, 1445, 4212, 39, 4945, 6218, 6624, 8541, 9807, 6621, 7508, 3626, 4122, 6366, 8047, 9994, 2383, 380, 1207, 1907, 6008, 9944, 8392, 7083, 6501, 4983, 8678, 1452, 263, 6848, 8372, 8611, 8652, 8465, 5381, 749, 3078, 6613, 7845, 949, 8314, 8908, 8864, 6667, 5109, 2573, 6505, 7071, 9110, 3465, 1123, 565, 3226, 5434, 6606, 1612, 5036, 3103, 1101, 9205, 1149, 659, 3139, 1237, 707, 3478, 6843, 1336, 2444, 8491, 827, 865, 5047, 7423, 9013, 9386, 8883, 3137, 5016, 5233, 1047, 8995, 6548, 1929, 4855, 6339, 1341, 5241, 1401, 3072, 1428, 5372, 9448, 4509, 6449, 8805, 1620, 2922, 5054, 2114, 2574, 4690, 5940, 3318, 3274, 4006, 4495
9572, 7658, 9300, 6272, 68, 6999, 9384, 9486, 7063, 9802, 219, 7762, 9532, 5569, 1824, 6266, 770, 5433, 4145, 1049, 1663, 824, 2123, 7045, 7338, 1251, 6056, 5873, 2685, 4023, 2365
9987, 7169, 8844, 5571, 9177, 4153, 9445, 8432, 4326, 4397, 4955, 7132, 3437, 8943, 8439, 7051, 9118, 4338, 5499, 5126, 5629, 1704, 5881, 3843, 5875, 1408, 6743, 5841
3
66
817, 1397, 3360, 9398, 6649, 4157, 3307, 5118, 6073, 51, 4558, 7796, 9843, 9917, 6074, 8649, 9599, 8973, 985, 857, 3178, 7222, 133, 9818, 9266, 170, 5649, 5720, 7272, 5444, 3560, 5690, 2398, 1454, 272, 7724, 9119, 1714, 7329, 5393, 3825, 1603, 354, 6988, 8246, 376, 3550, 9785, 8181, 6574, 1115, 2702, 1044, 7241, 5800, 3442, 4809, 6903, 1554, 2879, 8548, 2081, 2179, 8983, 1638, 2914, 6025, 9466, 8388, 6742, 7376, 3610, 2465, 5288, 859, 3695, 6515, 2567, 7835, 981, 4904, 4426, 1008, 4639, 3100, 1143, 7562, 2993, 1346, 6544, 2955, 6849, 1741, 5012, 5112, 1413, 4620, 7212, 2549, 2463, 5532, 2009, 3543, 5442, 2291, 4960, 6202, 4096
5009, 40, 4878, 6866, 9920, 6463, 5675, 3906, 1164, 3572, 3594, 4670, 7472, 5308, 2850, 1007, 3184, 1524, 3932, 3894, 2703
6530, 5813, 37, 7479, 9035, 9743, 9911, 2911, 8441, 9341, 9769, 2113, 2016, 9229, 6721, 779, 3222, 8160, 3837, 9727, 8854, 4016, 2742, 5718, 6148, 5694, 2863, 6731, 9411, 8348, 327, 6713, 7037, 8719, 333, 5703, 7034, 9997, 7096, 843, 7629, 1634, 3541, 8581, 3826, 7962, 9710, 5204, 2730, 9287, 7611, 8702, 6485, 6839, 7462, 2575, 691, 1655, 706, 2794, 742, 3019, 3698, 4302, 2799, 2641, 4759, 903, 6136, 6537, 5581, 6829, 7126, 1082, 5418, 4416, 1875, 1051, 5837, 7324, 4724, 4726, 1791, 1261, 6123, 6356, 9397, 3422, 3791, 3106, 5051, 1400, 6194, 1545, 4403, 4044, 2680, 3754, 4753, 7386, 7156, 1828, 6038, 2274, 5110, 5935, 3428, 4762
8182, 6657, 7991, 1649, 8681, 3045, 8949, 6616, 5755, 8974, 9774, 834, 6600, 6815, 2741, 1073, 5187, 9881, 2687, 6753, 4430, 6268, 9852, 7498, 4341, 6015, 651, 7330, 1693, 7421, 6769, 7086, 5068, 9068, 3415, 3338, 1724, 1092, 2558, 6535, 6750, 5576, 5537, 4568, 8109, 2957, 4510, 3248, 2750, 5430, 3285
8514, 5408, 9482, 6851, 6269, 3667, 9355, 5025, 9713, 9900, 5852, 7746, 8996, 1558, 1127, 6314, 541, 921, 5020, 7547, 1308, 989, 2868, 7367, 3407, 5789, 1760, 4573, 9262, 7973, 1187, 4744, 6591, 6506, 4580, 2012, 9002, 4648, 2087, 3439, 4476, 2816, 3405, 4815
8672, 5439, 5609, 6178, 7955, 9544, 5993, 7787, 6726, 6408, 8131, 8560, 9808, 7101, 9452, 3220, 9714, 575, 730, 3150, 7689, 9705, 4407, 4959, 4625, 8953, 616, 3012, 8485, 9076, 3378, 9746, 1264, 4652, 9188, 4791, 8598, 466, 5420, 8901, 4973, 8832, 8460, 8693, 6009, 6677, 7442, 4572, 4527, 5745, 6251, 2670, 8260, 5811, 2692, 1830, 7235, 9961, 3607, 3688, 3088, 7917, 891, 5271, 8989, 7406, 2176, 1052, 5673, 6241, 3531, 6707, 3250, 7570, 1311, 7866, 6483, 1664, 5776, 4149, 4574, 1747, 3700, 3739, 2153, 2551, 5798, 2216, 4967, 1964, 3192, 4069, 3532, 2080, 4693, 2302, 2458, 2337, 3379, 4965, 3775, 3110, 2880, 4240
8956, 7309, 7647, 7990, 9308, 3143, 2656, 6819, 9918, 9675, 7563, 6460, 89, 5392, 9754, 5663, 9814, 7160, 9751, 1110, 7560, 4717, 1462, 3340, 7937, 5542, 8085, 7551, 6014, 5070, 9450, 261, 5335, 8480, 445, 2510, 7040, 3247, 4269, 7413, 9588, 335, 5662, 356, 2489, 5886, 9114, 9289, 5374, 6221, 8653, 1290, 6969, 6161, 8606, 6553, 495, 4909, 3875, 9391, 2158, 5867, 6511, 2909, 5978, 5627, 7428, 4898, 7865, 7293, 6498, 4239, 1280, 5190, 7487, 5839, 7820, 5518, 1676, 1453, 2053, 4865, 2504, 902, 3299, 1895, 5590, 7052, 4419, 8307, 1087, 2305, 5114, 3758, 1808, 1205, 1230, 6887, 6199, 6337, 2172, 2659, 6131, 4014, 3453, 2263, 7503, 1597, 4890, 4657, 7127, 6640, 7287, 3049, 3790, 2871, 5259, 5835, 5099, 4135, 6342, 5284
9339, 7871, 6128, 9011, 7035, 2350, 2223, 7089, 4728, 6510, 9040, 842, 3238, 5104, 6428, 613, 1811, 6580, 7807, 3508, 820, 8715, 8342, 7273, 1866, 5314, 2428, 2686, 6250, 3699, 4466
9420, 4174, 8029, 7583, 8785, 8305, 7678, 4113, 2063, 2600, 2058, 2152, 1372, 3327, 182, 5549, 8415, 9914, 254, 6946, 8019, 2025, 9163, 304, 4121, 3984, 2044, 8344, 7225, 8748, 1313, 2770, 9595, 767, 3818, 6990, 8072, 8247, 913, 1218, 4664, 4938, 3282, 2625, 8302, 2097, 4446, 4146
9747, 5034, 8194, 9654, 5724, 7876, 9351, 9622, 6430, 7958, 6278, 8156, 8101, 8886, 7882, 110, 9373, 9993, 9606, 6512, 144, 1189, 5238, 5937, 5287, 9895, 6110, 6779, 3421, 7815, 7310, 2328, 8259, 6359, 1684, 9510, 9170, 5808, 5939, 7346, 5642, 8093, 806, 5830, 881, 3684, 6975, 5310, 4786, 5938, 6309, 1362, 1465, 1996, 8163, 7044, 1687, 2429, 2258, 6490, 2705, 2377, 4508, 2796, 2964, 3429, 7364, 3861
4
1555, 4877, 6437, 4217, 8900, 898, 8308, 4536, 6170, 7987, 9007, 4188, 6401, 9939, 9678, 3840, 9831, 4324, 9657, 8802, 3674, 5765, 449, 3749, 580, 1241, 1125, 3799, 3009, 8753, 1815, 2496, 3399, 8051, 5883, 8322, 2502, 6035, 6841, 3586, 3886, 3172, 6114, 5023, 3608, 5847
3788
4472, 9470, 6581, 4691, 5306, 4294, 6252, 8962, 9694, 6666, 8523, 7236, 190, 3112, 6026, 191, 5740, 5758, 230, 6222, 7023, 8834, 4917, 3921, 9000, 5880, 6256, 6991, 6777, 4457, 486, 9038, 3320, 370, 4178, 5366, 5591, 7980, 6397, 7639, 9081, 490, 9124, 2373, 598, 621, 7166, 7244, 699, 6915, 3635, 758, 5951, 6042, 6369, 805, 5462, 2280, 5455, 8154, 1765, 7690, 7003, 911, 5394, 3292, 6870, 9981, 8237, 3793, 3762, 1245, 7178, 2882, 1427, 3509, 2788, 3469, 5593, 8555, 5072, 6286, 3175, 6837, 5138, 6962, 6427, 2005, 3404, 3761, 6874, 2300, 4237, 3962
5376, 3361, 3016, 869, 3892, 5006, 9126, 7935, 4606, 2288, 295, 8789, 9559, 4771, 6724, 131, 1918, 8586, 9153, 3196, 290, 6826, 198, 7059, 8584, 1122, 6508, 8875, 8107, 8378, 7344, 9057, 9935, 4134, 3796, 6188, 2935, 1036, 9378, 5132, 6052, 9782, 3187, 404, 7375, 8349, 9202, 1592, 8251, 8515, 4635, 5100, 6285, 7703, 1627, 622, 3362, 3311, 8145, 9476, 6231, 8773, 4599, 3270, 6121, 1266, 7594, 723, 4950, 5669, 4189, 2358, 2996, 786, 2579, 5472, 8772, 5913, 802, 2506, 6502, 7352, 6409, 900, 6807, 3050, 1027, 1841, 4106, 6354, 5611, 8721, 5313, 2610, 3061, 5994, 6822, 9912, 4232, 3232, 3738, 7868, 8463, 3179, 6216, 1364, 5219, 1423, 6310, 2442, 5169, 3863, 4151, 1718, 2873, 1896, 5585, 1900, 5194, 3966, 2105, 4932, 2299, 4978, 2420, 2802
5795, 9700, 4751, 34, 7663, 7974, 9612, 9794, 9989, 3384, 6564, 5924, 7476, 2778, 1647, 313, 2817, 9734, 8451, 8954, 249, 9942, 9191, 4707, 4826, 7846, 9095, 9617, 293, 9222, 6341, 5358, 8775, 340, 7659, 7731, 472, 2459, 7729, 4924, 5421, 4214, 5237, 9932, 6029, 9704, 5084, 5858, 4305, 8444, 4032, 7670, 4663, 8496, 6331, 5925, 625, 647, 2913, 6855, 1192, 6747, 1375, 6257, 4653, 745, 8091, 7631, 4519, 4906, 6907, 1028, 6856, 4187, 1128, 3199, 3555, 1202, 5986, 1349, 4409, 4070, 1863, 1769, 1475, 7841, 1860, 2608, 2352, 6904, 1913, 3386, 3092, 5150, 3414
6185, 8263, 3651, 4669, 1301, 8947, 7569, 9413, 9947, 7925, 7267, 4142, 8116, 6497, 7277, 6255, 2896, 6604, 6718, 8549, 9587, 6748, 6773, 8576, 9495, 3930, 2724, 6913, 2736, 2507, 5793, 3073, 8873, 8757, 8850, 2303, 7149, 4412, 1483, 1461, 8422, 4215, 7483, 4907, 8396, 6311, 5641, 671, 9965, 4897, 8410, 3561, 5786, 6196, 3195, 917, 7979, 9426, 7091, 5567, 6040, 4910, 7401, 3905, 1291, 5631, 1443, 6686, 2370, 5466, 1937, 5269, 2513, 4681, 6163, 2474, 3272, 4075, 3779
7561, 5526, 7475, 9811, 9, 8636, 7978, 9566, 1306, 5450, 8245, 4515, 6387, 5891, 6876, 8425, 8222, 4126, 9723, 8543, 9323, 6931, 173, 718, 6783, 9172, 9555, 6208, 7419, 4636, 8407, 4120, 8414, 2948, 4066, 4542, 7632, 7456, 6706, 9416, 8105, 8166, 7720, 1487, 9244, 778, 9328, 3227, 6800, 8998, 413, 4792, 9117, 5844, 3206, 432, 3546, 794, 8385, 7025, 3523, 2378, 3664, 6873, 8847, 546, 4168, 6817, 6846, 5398, 6206, 7776, 4629, 822, 3527, 841, 5552, 3158, 9835, 6086, 975, 9568, 2149, 3145, 5644, 3087, 7378, 7591, 6362, 2386, 5759, 3341, 5815, 6959, 1898, 1622, 6083, 3568, 5812, 2424, 3832, 3133, 4614, 6058
8357, 9904, 1289, 7556, 4080, 8006, 6302, 5807, 6928, 7470, 4101, 3522, 9575, 8077, 8483, 9967, 9504, 3217, 5998, 554, 8252, 3994, 9684, 5914, 4493, 6735, 4840, 708, 5445, 6488, 2210, 5968, 8409, 7672, 7618, 426, 1589, 7087, 8494, 8965, 8534, 3719, 4148, 9870, 9720, 1869, 4805, 6063, 2728, 588, 9537, 8616, 5179, 2947, 6609, 4425, 3853, 7489, 1754, 7809, 4467, 7122, 7996, 2520, 933, 7314, 6610, 2555, 6351, 3332, 1351, 4167, 6961, 1183, 1974, 2203, 5966, 9061, 2139, 1394, 1966, 8648, 3866, 1474, 8089, 2640, 5178, 4443, 3952, 2116, 4488, 2121, 6964, 3122, 3573
9763, 3604, 7691, 6323, 9892, 8487, 2406, 58, 3205, 9206, 6638, 4782, 9031, 9880, 3372, 2606, 9592, 9254, 4534, 5557, 3856, 7204, 9464, 818, 525, 5097, 9251, 1613, 9072, 6646, 9810, 5989, 7516, 5788, 3864, 7416, 614, 5083, 5143, 8760, 7452, 7770, 765, 6168, 7554, 8552, 733, 423, 7138, 447, 6790, 9434, 9792, 2478, 493, 499, 5139, 9238, 1928, 2985, 6273, 8919, 7275, 3408, 4777, 9162, 6426, 2464, 5848, 7265, 5273, 5278, 2021, 8945, 9394, 6517, 838, 9285, 6583, 4017, 996, 3046, 1031, 1473, 5013, 1045, 1080, 1596, 6147, 5967, 3132, 4068, 4404, 7432, 5344, 2487, 2171, 7627, 1737, 1721, 5538, 2006, 4194, 1945, 4951, 6834, 3160, 3597, 2494, 3302, 4702, 6080
5, 8073, 8399, 9757, 6995, 8810, 9274, 8104, 119, 7370, 9320, 145, 8583, 7108, 7112, 268, 5474, 4783, 3057, 8195, 6406, 396, 9799, 5784, 439, 3624, 7653, 5299, 8765, 5003, 1523, 4391, 3288, 8912, 6934, 1997, 5679, 1197, 1392, 1250, 1615, 3968, 1700, 3043, 4694, 2866, 4692, 4646
2847, 7007, 5946, 7268, 8443, 9643, 9335, 9345, 4394, 2547, 1137, 1774, 1424, 5053, 6417, 3860
6993, 1019, 8371, 5286, 7073, 9409, 9429, 7773, 7754, 8708, 175, 6552, 7199, 9215, 9815, 9890, 3339, 210, 757, 3104, 5916, 6139, 7365, 7082, 9590, 9826, 301, 7427, 6003, 3048, 604, 9620, 4947, 9417, 2418, 7259, 399, 417, 8075, 9490, 424, 2941, 7249, 431, 1688, 4908, 443, 489, 8466, 9146, 5921, 4834, 1519, 7507, 4883, 4575, 7737, 7175, 922, 5976, 4541, 8895, 1957, 9060, 5963, 7252, 7216, 9863, 8039, 1560, 1340, 1345, 2309, 6869, 2919, 1548, 7245, 2972, 7146, 1931, 2447, 3400, 1984, 2022, 5494, 4539, 2658
7305, 329, 45, 9135, 9837, 7753, 8448, 1338, 9079, 8824, 3462, 5412, 6144, 3402, 7295, 9940, 8102, 3630, 9049, 425, 3730, 5119, 3485, 2334, 5799, 5123, 3200, 5294, 5387, 6386, 703, 4131, 8071, 797, 7942, 8341, 1320, 1376, 3512, 5497, 4911, 3646, 6248, 2874, 2020, 2924, 3294
9647, 7867, 6149, 9349, 9430, 6584, 7665, 9520, 6153, 179, 7573, 4318, 3901, 9850, 1772, 194, 241, 5803, 8520, 5145, 620, 3492, 5524, 9148, 3331, 6575, 5706, 1326, 6852, 9805, 8149, 5790, 6452, 9996, 386, 928, 9299, 1611, 3644, 473, 5399, 7965, 8312, 9220, 560, 1851, 9321, 1961, 4065, 1226, 5481, 2229, 6152, 4244, 844, 6091, 6253, 3566, 6457, 5407, 1512, 2591, 2691, 6554, 2812, 8431, 5727, 9485, 4477, 8008, 1583, 3257, 6719, 1636, 2983, 3997, 4732, 7490, 7026, 2325, 2397, 6464
9780, 9809, 9949, 31, 7461, 8449, 9440, 4946, 75, 1572, 7921, 9334, 5779, 7285, 3180, 987, 7238, 8435, 5551, 8404, 216, 5396, 7715, 5561, 2891, 8697, 9023, 5136, 9331, 5319, 3280, 8139, 7142, 4252, 2994, 4339, 8033, 6209, 5095, 5655, 675, 6971, 9296, 4003, 3208, 5884, 5560, 1740, 3389, 6372, 5402, 1398, 8604, 1917, 2725, 5214, 2190, 6902, 2118, 2381, 6419
6
1759
1787, 3504, 152, 8991, 711
2284, 5782, 9745, 3591, 7676, 7187, 9638, 3584, 9326, 4219, 5235, 664, 407, 7066, 408, 1144, 4114, 532, 7341, 6495, 7699, 6771, 870, 4698, 4492, 3071, 1947, 4026, 1293, 4656, 2189, 2174, 4767, 4706, 2184, 2217, 2244, 2369
4102, 6480, 8563, 5107, 111, 2457, 9803, 1078, 4019, 1963, 3098, 4173, 8450, 516, 2486, 9632, 3972, 6162, 7756, 6173, 8869, 788, 1436, 7332, 4422, 6565, 6542, 9046, 2963, 7655, 5443, 4868, 2509, 4367
4673, 5411, 6529, 9493, 8635, 2858, 6764, 7444, 3490, 7829, 3413, 9028, 7558, 107, 5089, 5170, 5289, 8284, 9149, 1343, 5031, 5359, 9959, 5511, 8478, 7327, 7969, 1969, 7396, 8488, 629, 4974, 743, 8890, 222, 839, 2134, 2161, 239, 4165, 6571, 257, 3942, 8643, 8859, 9070, 3295, 4303, 5135, 9433, 3648, 4034, 3459, 8203, 8509, 1734, 6027, 387, 2389, 9129, 9988, 4027, 6481, 7326, 4260, 4794, 508, 3562, 6440, 8310, 9010, 7368, 4415, 2231, 1561, 1061, 573, 9108, 9463, 5318, 623, 5531, 1184, 8293, 1762, 4628, 9271, 2795, 3350, 6370, 9245, 8083, 7380, 2435, 2787, 4437, 6795, 6197, 7143, 1517, 2342, 3835, 1988, 9771, 979, 5957, 4234, 3836, 2961, 1216, 2017, 1387, 7439, 2228, 2980, 4057, 4265, 6816, 4275, 1742, 5331, 3230, 2156, 4746, 2563, 3991, 3669, 6332, 2713, 5918, 2294, 7117, 5370, 4304, 2976, 3271
4842, 8214, 5471, 9036, 1460, 7294, 8003, 1552, 9161, 52, 4679, 8645, 9983, 7286, 9848, 3289, 7913, 7697, 5746, 1889, 8979, 3497, 321, 151, 1544, 7151, 7523, 6234, 9139, 7185, 4649, 8330, 1662, 8929, 5291, 215, 9269, 218, 1042, 7738, 7825, 2115, 5730, 8115, 9645, 5274, 8313, 9701, 5465, 297, 4678, 8637, 8887, 4098, 8768, 3815, 6832, 8254, 8821, 5700, 7543, 7195, 7357, 9605, 8120, 9169, 5577, 1692, 5693, 418, 8819, 8218, 6860, 8253, 456, 8184, 4154, 7764, 535, 4833, 8728, 5926, 7624, 6172, 654, 864, 7905, 3006, 1165, 9680, 8980, 7920, 2219, 833, 8458, 3960, 1021, 6203, 9543, 5527, 3051, 8159, 7393, 1339, 4651, 7478, 1188, 2126, 4271, 4291, 1761, 8271, 5605, 7193, 3058, 2601, 8275, 2437, 5209, 5988, 3491, 1922, 4342, 4182, 5035, 6936, 5436, 2348, 2390, 6189, 2476, 5115, 2671, 7775, 3293, 4721
5619, 9697, 7312, 7446, 7783, 9224, 2127, 8589, 6920, 2589, 9726, 5245, 6098, 845, 8384, 5130, 4789, 5970, 1228, 6586, 3262
9451, 2596, 7342, 8239, 4546, 8906, 7220, 9869, 1006, 8592, 8797, 7454, 9931, 2769, 6533, 64, 9813, 6424, 8053, 8828, 9980, 9468, 81, 2310, 83, 7537, 9240, 92, 1303, 3530, 6374, 93, 6237, 6972, 9054, 6729, 1946, 8677, 122, 1932, 2995, 6229, 303, 8579, 7538, 7848, 7266, 140, 910, 6778, 7993, 4765, 7752, 157, 3752, 4745, 8174, 8761, 181, 6224, 7165, 3176, 4408, 201, 213, 2982, 9614, 8924, 8197, 256, 6090, 4046, 7200, 319, 2416, 1231, 5217, 8939, 4204, 400, 4337, 2215, 7708, 450, 5364, 6376, 8712, 712, 4347, 3670, 8615, 4112, 5980, 2278, 4381, 5681, 8361, 9621, 759, 1273, 4828, 5008, 2818, 8686, 2959, 5936, 4432, 6004, 5049, 3494, 3650, 2208, 7028, 5225, 1084, 9501, 1654, 7512, 1225, 7215, 7032, 2621, 3631, 8490, 3097, 7811, 2619, 1518, 6032, 5263, 2323, 5834, 4994, 3728, 4764, 4438, 2916, 7495, 1836, 2157, 2945, 3661, 6486, 3290, 7388, 3039, 3668, 5167, 3760, 3862, 5193, 5833, 3499
7, 8550, 6061, 3641, 4274, 6023, 9984, 3526, 7800, 7949, 9085, 2128, 7141, 98, 5734, 7930, 154, 8759, 4713, 7688, 8273, 6157, 6381, 8778, 8238, 300, 1777, 4221, 7952, 8103, 9926, 1623, 8011, 7438, 2431, 7424, 4680, 6970, 1651, 847, 1817, 7529, 2432, 4961, 8922, 668, 4286, 1324, 9020, 7759, 3391, 4857, 5365, 8605, 896, 7794, 8111, 8345, 1735, 4589, 2852, 3617, 4902, 1208, 6264, 6626, 2722, 3011, 7968, 6850, 3444, 2633, 1766, 5620, 4683, 6660, 3692, 6079, 4659, 5074, 4854
1112
2971, 8815, 6772, 8732, 353, 8751, 9872, 3725, 3992, 567, 5550, 8661, 5146, 1826, 2647, 3025
3345, 5424, 2446, 8659, 9609, 9374, 8776, 5885, 7194, 2786, 8354, 9223, 5945, 2645, 5144, 3383, 3233, 2078, 3553, 6446
4357, 9975, 3682, 7660, 6810, 7433, 9977, 7802, 3483, 4366, 7679, 2933, 388, 8379, 1690, 8172, 3170, 9597, 8629, 685, 2330, 7896, 7791, 2537, 6113, 4538, 2644, 2367, 3710, 8186, 5725, 6333, 4336, 2032, 4104, 6021, 2881, 5018, 3632
6232, 2673, 5226, 7777, 9796, 2870, 7758, 9087, 2529, 440, 3680, 1456, 1295, 5827, 1720, 5651
7577, 9889, 84, 9706, 6127, 7412, 1224, 6682, 6595, 6821, 7904, 5658, 7129, 3893, 6037, 6435, 3571, 3263, 1675, 6138, 1277, 7467, 3193, 8143
8, 9619, 9333, 2815, 7057, 5736, 3696, 2636, 1191, 4021, 1442
2384, 8749, 8188, 9050, 7124, 7696, 1024, 9136, 7976, 9140, 4818, 6572, 8557, 9231, 7250, 9882, 7795, 8978, 9838, 9137, 5950, 7839, 8651, 477, 7916, 6355, 7695, 9344, 3740, 5156, 7889, 397, 6106, 5378, 999, 5802, 8894, 6081, 515, 5597, 4768, 8206, 3890, 7152, 6740, 7748, 6776, 732, 5696, 7872, 4920, 8340, 785, 5840, 7468, 6601, 3558, 5756, 1063, 1380, 5822, 1590, 6260, 6141, 1987, 7153, 2167, 2272, 2338, 6732, 3423
4992, 7360, 6676, 3063, 9640, 69, 5546, 7431, 9878, 9806, 7410, 285, 6212, 9565, 9487, 113, 2449, 8795, 9877, 8959, 3613, 3231, 4887, 2712, 9399, 7873, 5872, 6290, 5102, 5207, 6068, 6809, 4093, 6280, 9393, 4198, 2046, 8587, 6361, 4210, 5048, 8138, 8626, 1568, 468, 954, 8352, 7936, 6405, 3971, 2797, 4808, 3990, 6579, 595, 5920, 612, 4465, 4822, 5767, 984, 710, 746, 4997, 5743, 860, 9074, 1941, 9187, 6438, 5103, 6985, 4254, 1359, 1429, 4050, 1157, 3052, 3726, 9560, 5073, 6192, 8718, 5733, 1414, 5774, 1491, 1551, 1806, 8128, 2766, 2531, 6365, 3464, 3587, 7391, 1784, 2392, 2188, 4171, 2828, 2481, 4245, 2908, 5771, 2904, 6739, 3325, 4677, 2878, 3401, 2951, 6941, 4344, 5297
5336, 8568, 7251, 6270, 8227, 5507, 9580, 6066, 7434, 8249, 6803, 451, 8007, 819, 6431, 4436
8108, 9141, 73, 9847, 4340, 5165, 4461, 5575, 9150, 6085, 3107, 8669, 4569, 6494, 1738, 6812, 3709, 6717, 2100, 8722, 9518, 9950, 7313, 7755, 4592, 534, 5566, 9280, 7240, 594, 6689, 6811, 7358, 5231, 4655, 4480, 1599, 5333, 4893, 5017, 6889, 1068, 1977, 9048, 1299, 7662, 2523, 4787, 7649, 4526, 1511, 2186, 2966, 4998, 3118, 7484, 4369, 3733
8411, 6150, 5650, 33, 5648, 8079, 8781, 8907, 1318, 9849, 8121, 1812, 8926, 9089, 8346, 8970, 9379, 8899, 9957, 5312, 9127, 7599, 9249, 1804, 1797, 6345, 2865, 5525, 1072, 4377, 741, 7822, 9348, 4760, 3915, 3537, 9277, 1767, 800, 1637, 3784, 6246, 1389, 9190, 6459, 1132, 6806, 1253, 2895, 1472, 3128, 2585, 4129, 1507, 6632, 5797, 5600, 4758, 5058, 5624, 5606, 4280
9479, 3673, 9737, 6921, 4752, 8502, 6679, 4140, 7971, 4922, 7813, 5189, 7790, 1004, 3652, 3657, 3130, 7704, 1699, 2204, 2626
10, 7585, 9033, 9533, 9819, 7898, 4363, 8564, 7486, 9109, 6653, 395, 6078, 138, 4172, 8562, 8747, 8081, 9561, 9284, 7043, 217, 3002, 4933, 8201, 9192, 3857, 7150, 3156, 289, 4496, 9906, 2695, 5698, 2493, 1703, 5340, 8853, 8771, 8957, 2632, 4433, 4880, 5000, 4445, 4851, 4919, 5534, 6293, 3671, 6507, 9401, 4193, 2088, 7311, 8161, 2402, 1317, 7931, 4127, 4972, 8660, 5080, 4133, 2783, 5011, 3850
854, 6182, 3679, 42, 4634, 7816, 8898, 6745, 9875, 9500, 6282, 9821, 9702, 150, 8064, 8882, 3938, 8699, 9400, 4454, 223, 7356, 9908, 4831, 602, 2042, 3426, 5459, 8016, 7587, 4773, 4313, 3135, 5323, 823, 8300, 7228, 464, 4785, 1614, 7137, 3163, 2405, 6982, 5601, 4563, 8664, 7575, 7377, 1566, 4588, 1355, 7874, 1481, 2928, 4627, 1783, 4469, 4283, 4087, 4823, 2638, 3649, 2846, 4272
1648
1848, 9923, 5564, 8851, 6651, 8689, 9343, 9635, 9097, 6630, 6454, 126, 8423, 9446, 2944, 8381, 159, 5405, 6898, 9217, 9350, 207, 2098, 7557, 9239, 9646, 4356, 5982, 3394, 5334, 9858, 5401, 384, 9255, 416, 1906, 4645, 7379, 9736, 2533, 469, 7125, 4581, 3243, 5668, 5565, 6410, 7518, 5677, 6165, 8049, 1307, 4954, 7449, 4345, 1577, 810, 3167, 7435, 5859, 6217, 974, 9131, 1665, 1043, 9909, 9893, 4500, 1093, 3346, 6082, 8457, 8862, 2892, 5280, 1743, 1357, 6411, 7397, 1440, 5260, 8482, 5769, 5062, 8594, 6818, 6697, 3929, 4934, 2455, 6598, 3514, 4117
9102, 9557, 6195, 3364, 1796, 3027, 4002, 2055, 6118, 9639, 6967, 4008, 1859, 1038, 2826, 6858, 6389, 4860, 2602, 6471, 8098
11, 8809, 9816, 16, 9171, 2939, 3309, 9358, 7226, 8638, 7039, 5683, 9228, 446, 6882, 643, 6322, 1455, 1617, 3060
4441, 9130, 475, 8054, 9032, 5739, 3662, 4186, 9607, 5061, 9652, 7984, 1529, 3396, 6240, 6549, 9864, 5838, 4755, 5556, 3003, 9218, 9270, 2085, 936, 1719, 6577, 3472, 773, 1710, 5856, 853, 7471, 5311, 1282, 4576, 4259, 1255, 4147, 5952, 1421, 4616, 5723, 1874, 5826, 3678, 2351
5077, 9776, 4389, 6210, 6262, 6095, 9155, 7939, 704, 4549, 6585, 6403, 4990, 2018, 3277, 5628, 4211, 5140, 3182
5105, 3874, 8179, 8335, 2696, 9748, 6722, 8037, 7536, 4160, 9041, 4004, 322, 9302, 7181, 379, 381, 7097, 1329, 7084, 5014, 6499, 8289, 9528, 1438, 4238, 6714, 3252, 5086, 1973, 2182, 4816
6159, 8736, 9591, 5244, 9183, 4876, 7135, 9332, 8009, 4327, 7316, 9943, 9901, 9979, 8459, 9631, 2754, 4442, 3828, 9055, 5137, 8868, 2629, 5060, 8507, 8817, 3773, 9377, 2900, 2765, 6496, 6279, 311, 2256, 8164, 9521, 8896, 336, 4595, 8861, 9342, 7027, 2593, 2965, 7210, 9773, 7002, 722, 5915, 7880, 2807, 9866, 6433, 7982, 5279, 519, 6675, 6371, 568, 7403, 7524, 8986, 578, 7473, 3819, 2423, 666, 4562, 1298, 7932, 4850, 3064, 717, 6493, 5032, 793, 7908, 8241, 6534, 1669, 2472, 9164, 5654, 2844, 6593, 1124, 3441, 3896, 4417, 6349, 2269, 7148, 2321, 3450, 4236, 6325, 4923, 1768, 8169, 4695, 2631, 2642, 7668, 5453, 1696, 2071, 8447, 5643, 3315, 5818, 2414, 1876, 4428, 4020, 2346, 7797, 4531, 2665, 3114, 4012, 2329, 5202, 2349, 7211, 2620, 4358, 2803, 3978, 2960, 3357, 4895
8738, 7887, 389, 4380, 9159, 3999, 1573, 1840
9017, 945, 6540, 5386, 9312, 9158, 2094, 7054, 2341
9541, 23, 1581, 8780, 6997, 6716, 3507, 5987, 9497, 284, 6019, 6050, 346, 1944, 7119, 8904, 6423, 7637, 7282, 2693, 4756, 6414
9883, 9687, 4311, 6782, 6547, 6865, 7911, 8743, 4208, 7789, 8716, 5695, 5748, 3637, 9474, 7643, 8816, 3434, 498, 3883, 5215, 7680, 8593, 656, 2861, 4658, 858, 7404, 1852, 4258, 6436, 3493, 3141, 4111, 3418, 5908, 1953, 6628, 2068, 3503, 3935
9928, 5487, 2438, 3996, 7183, 9682, 189, 8281, 8993, 2887, 7944, 5342, 1041, 1107, 8905, 6973, 8921, 7208, 7477, 2764, 972, 6715, 832, 3420, 8613, 6468, 1131, 2528, 4716, 6243, 4838, 7374, 2568, 2676, 4871, 5425, 5543
12, 8080, 9641, 4494, 9431, 2662, 50, 2074, 6265, 8113, 5932, 5242, 3867, 3144, 6524
672, 8445, 9930, 9253, 2997, 9548, 6105, 8642, 2834, 8000, 8670, 9408, 3800, 7810, 8066, 3580, 459, 5325, 1227, 7735, 3731, 2296, 678, 6478, 3822, 8097, 6034, 3751, 6736, 3085, 3005, 3297, 2718, 3829, 6049, 3023
3312, 563, 9525, 3253, 5603, 7339, 9438, 8124, 7145, 5298, 7197, 9842, 8727, 3371, 5447, 4051, 7262, 5040, 4699, 3351
3406
3988, 35, 6041, 9946, 48, 5046, 1706, 6393, 6236, 4986, 174, 6919, 6466, 8701, 5093, 3545, 4368, 6271, 3324, 1121, 2072, 4650, 1198, 8800, 1449, 5175, 2943, 5337, 3918
4578, 105, 1014, 5996, 6523, 72, 8540, 9294, 9370, 8740, 8442, 7247, 9310, 5199, 130, 8317, 9817, 8136, 2560, 6781, 3714, 8512, 6044, 5714, 8256, 1162, 9744, 4631, 6294, 4255, 6770, 9088, 3032, 729, 8269, 2285, 7203, 5861, 5437, 795, 960, 5500, 5751, 8477, 3769, 5701, 4247
5206, 2761, 4577, 7192, 5594, 25, 7161, 8031, 8958, 9237, 9576, 7745, 7155, 3949, 4233, 9955, 6215, 70, 1344, 8597, 9437, 9998, 5404, 7881, 1407, 8364, 156, 2735, 7602, 9483, 158, 8582, 4379, 4011, 6474, 3805, 6239, 4665, 4725, 6364, 2326, 4452, 345, 6685, 8261, 8770, 8933, 7440, 4025, 5216, 5482, 3261, 3633, 7954, 533, 4030, 5212, 8228, 3387, 4675, 5307, 7458, 1832, 3963, 4223, 9243, 7565, 2037, 6744, 653, 8891, 5161, 3658, 1396, 1262, 8580, 8165, 6357, 815, 2357, 6300, 9064, 889, 2461, 5692, 3621, 3366, 1135, 4354, 1160, 8146, 6205, 1232, 1686, 6979, 3911, 3480, 3359, 1499, 1508, 6734, 6546, 2890, 1725, 1884, 2744, 3455, 2295, 3884, 7828, 3438, 5147, 3013, 4811
5265, 9063, 7824, 9461, 1717, 4564, 7062, 2729, 1221, 3986, 3040
9462, 7109, 49, 7721, 6643, 260, 2588, 9208, 3113, 2806, 4511, 5622, 8935, 2041
9822, 1691, 7085, 4930, 3142, 6247, 3489, 2962
13
709, 5249, 9477, 8012, 3105, 1156, 5131, 8856, 5120, 8595, 7957, 7017, 8679, 8023, 328, 9381, 8235, 5791, 893, 4078, 3304, 9281, 7938, 7686, 2559, 3778, 8558, 5729, 3344, 8150, 6343, 6658, 9425, 2902, 4747, 1728
2339, 8988, 2441, 4825, 6036, 9389, 7315, 539, 9423, 5563, 617, 7328, 8975, 7600, 884, 737, 4164, 3660, 1962, 6046, 7792, 8130, 5352, 3519
8822, 8004, 9851, 6798, 9441, 7144, 2353, 4298, 4052, 6956, 9953, 4246, 6055, 4085, 9052, 2391, 4497, 6526, 8745, 4362, 183, 697, 3447, 4166, 8192, 186, 2592, 7201, 8618, 9094, 4440, 228, 2675, 6304, 6536, 7646, 7677, 9151, 4502, 8634, 9025, 8985, 299, 7713, 6115, 605, 2775, 6166, 2901, 6937, 8025, 3854, 4879, 2672, 5787, 5814, 6338, 1580, 4402, 7535, 4130, 1818, 3618, 6277, 2907, 9868, 8144, 9086, 7654, 7297, 2824, 6453, 829, 5579, 7963, 3910, 5211, 3077, 8299, 1409, 5616, 991, 2888, 6754, 1354, 6057, 1075, 1117, 3723, 7392, 6900, 2443, 4660, 2333, 1353, 4399, 7530, 4863, 8513, 4053, 4548, 8675, 3816, 2630, 5574, 6631, 2197, 2987, 5719, 3342, 2266, 2308, 3636, 4197, 5345, 2599, 2777, 4262, 5090, 4478
14, 5228, 4329, 8210, 7453, 9927, 4179, 5553, 2380, 8498, 3838, 2814, 7765, 8086, 2177, 6020, 8692, 3771, 2975, 1920, 5283, 4566, 6092, 2790, 6227, 3656
1723
2929, 1935, 5196, 5517, 2312, 9613, 3552, 5614, 8266, 8884, 9986, 8938, 7571, 3665, 956, 6545, 3066, 255, 7317, 7465, 9761, 273, 9841, 5737, 5824, 4981, 7504, 7120, 7337, 2519, 2096, 5927, 5281, 550, 4263, 1033, 1139, 599, 8327, 7006, 7299, 9916, 7884, 5849, 5463, 1562, 9084, 968, 3802, 4723, 6353, 9165, 1130, 1739, 6844, 7718, 7726, 8262, 1645, 4873, 4839, 5640, 4199, 2615, 3211, 3839, 3689, 4005, 3305, 3948
6881, 9142, 9015, 3249, 8777, 8897, 8028, 8614, 9968, 3798, 7162, 615, 8339, 7371, 2780, 3258, 4110, 6183, 1631, 4192, 2242
8303, 28, 905, 9856, 8608, 6228, 8683, 789, 8365, 9030, 4299, 8858, 1381, 277, 3806, 8878, 9180, 4049, 6892, 2146, 6701, 719, 8283, 4779, 3847, 644, 8713, 7927, 4216, 6154, 3575, 1002, 2240, 4995, 1673, 9268, 2832, 8046, 3804, 4985
8511, 5958, 3926
9556, 8147, 4421, 9677, 9009, 6862, 5990, 3693, 1959, 1220, 3268, 2160, 7581, 4594, 3902
9804, 8519, 4242, 6786, 8408, 102, 9449, 9891, 6901, 7046, 5660, 6830, 8806, 9596, 8424, 7466, 204, 9189, 234, 3827, 4064, 8296, 4770, 5166, 5919, 435, 6281, 8224, 6432, 7163, 7218, 1126, 524, 4720, 9475, 8931, 8696, 7078, 1515, 6301, 7517, 6700, 2409, 8119, 6385, 1057, 1064, 2401, 5416, 7804, 7437, 3095, 3398, 5902, 3458, 1559, 4757, 3606, 2154, 4116, 6922, 2483, 3516, 5045, 5322
15
302
2301, 8574, 1779, 6429, 8762, 6328, 8525, 100, 6368, 7343, 8468, 9241, 128, 6875, 7047, 8848, 9610, 1114, 8501, 2404, 7136, 6299, 7929, 8668, 9938, 2024, 1239, 7806, 781, 8843, 9764, 7008, 294, 4490, 315, 8624, 334, 4686, 3022, 9651, 1433, 6808, 5197, 6292, 3392, 3897, 7111, 6380, 1391, 8359, 5853, 7284, 6910, 4803, 3603, 2164, 1366, 9336, 4583, 5580, 3501, 4007, 1488, 3528, 3707, 2225, 1422, 7351, 4899, 8005, 6456, 2218, 1509, 3720, 4529, 4999, 3596, 6680, 4330, 2740
2517
2979, 7069, 8343, 9432, 3782, 523, 6030, 4483, 8799, 774, 3146, 9099, 7296, 3035, 5728, 9649, 879, 5368, 1504, 3041, 1965, 6129, 4279
7061, 21, 5473, 8316, 6378, 9615, 5423, 6094, 932, 4418, 3198, 134, 8057, 9586, 9919, 7213, 5253, 6733, 5828, 177, 9732, 3446, 8892, 3716, 9145, 6525, 235, 5762, 9550, 3125, 3983, 2762, 3821, 3888, 8791, 2371, 2518, 8836, 7301, 4038, 7219, 5809, 7395, 9867, 9951, 6475, 3795, 7114, 3599, 4523, 556, 5674, 8705, 3764, 4963, 1915, 7036, 8176, 9974, 8703, 4266, 8288, 3334, 5854, 7072, 787, 2936, 1510, 2439, 2841, 1430, 7300, 4375, 8099, 6109, 1733, 2368, 3212, 6894, 4468, 7885, 3780, 2086, 7717, 4392, 5763, 6908, 1792, 1807, 6391, 1873, 1925, 5158, 5610, 3385, 2733, 3924, 3612
9480, 1990, 3287, 3000, 4228, 8268, 6180, 9200, 8927, 9690, 5452, 2598, 7093, 9278, 9972, 233, 4931, 5735, 7053, 7090, 5501, 8084, 6671, 6470, 3410, 645, 5369, 8067, 4293, 6578, 6288, 9703, 6612, 3823, 7666, 7214, 637, 4099, 5862, 6283, 9740, 8827, 9884, 5227, 9731, 5971, 7190, 6274, 2148, 8400, 6737, 8142, 7953, 5962, 1439, 1151, 8610, 6398, 5427, 2981, 4458, 2637, 8981, 5328, 4844, 4248, 2433, 2634, 3255, 4056
9767, 760, 7158, 5041, 4156, 5520, 3164, 5351, 7460, 1576, 3755, 2056, 5154
1610, 6135
3443, 8839, 8826, 8656, 9971, 9689, 44, 3037, 3169, 3565, 2077, 8741, 2609, 9719, 1527, 6425, 3808, 8332, 1166, 2677, 2451, 9194, 3486, 6637, 583, 7005, 9623, 676, 2906, 2101, 715, 5484, 7739, 5094, 5295, 8685, 4607, 3219, 5906, 6758, 7276, 5934, 3536, 5151, 2679, 7080, 8193, 2129, 1574, 2515, 1569, 7004, 9083, 7048, 4790, 5689, 2477, 4031, 5742
5528, 8911, 8646, 8942, 9216, 9371, 4521, 4957, 94, 9209, 9783, 9724, 9403, 9388, 120, 2471, 9897, 9674, 882, 6974, 2155, 3956, 248, 7827, 9045, 7842, 8106, 747, 1009, 281, 5230, 9003, 282, 9382, 6792, 9992, 9633, 4383, 4200, 3436, 6663, 4170, 9770, 7170, 4382, 7255, 7890, 1530, 7134, 674, 9286, 6190, 7280, 752, 7821, 7234, 5391, 2646, 9569, 2837, 4968, 2136, 3276, 9250, 6886, 5523, 2191, 3096, 7243, 1294, 2984, 4835, 1335, 8500, 1837, 2480, 1490, 6420, 4654, 1598, 3319, 2306, 2162, 6179, 6164, 4936, 7799, 3768, 4662, 5547, 3934, 5974
17
761, 7818, 9178, 2622, 9616, 1054, 5111, 8526, 8258, 6235, 9174, 8565, 5602, 9829, 6615, 5379, 8416, 4964, 9065, 7621, 155, 4988, 8657, 9283, 9903, 4024, 166, 6448, 8790, 9204, 9888, 8070, 9195, 7694, 1505, 5246, 275, 1373, 7010, 7334, 500, 7793, 9861, 7494, 7702, 3922, 7172, 4969, 6263, 8279, 350, 8021, 886, 7740, 373, 7231, 8551, 4858, 9404, 9235, 6947, 6994, 8479, 3914, 8737, 6503, 9104, 5702, 9907, 517, 4158, 8888, 2954, 2627, 8561, 3909, 592, 5478, 6075, 7948, 2990, 7513, 7115, 3812, 4874, 4666, 2893, 731, 5413, 9325, 6760, 940, 3643, 5464, 5415, 2570, 931, 3976, 4109, 7422, 8204, 9738, 5954, 967, 1026, 2163, 6528, 2716, 2773, 4827, 1097, 7520, 7864, 1129, 7399, 3373, 5192, 4328, 3987, 3701, 1816, 1275, 7722, 3889, 2785, 8863, 3690, 2354, 2343, 2422, 1757, 2421, 4812, 6327, 6918, 1888, 3168, 4277, 3753, 4914, 2004, 3848, 2209, 2207, 2221, 4884, 2324, 5330, 2426, 5171, 4579, 4977, 6093, 4090
3927
4155, 6945, 7012, 5377, 6895, 5781, 6455, 8603, 7425, 8955, 2027, 8573, 9447, 6504, 3201, 557, 5106, 2049, 3569, 6831, 4618, 8517, 1365, 1070, 1666, 6330, 6561, 1287, 9642, 2810, 2137, 3578
7610, 9304, 1169, 8724, 8764, 7164, 5618, 9106, 9915, 8577, 103, 7778, 9644, 961, 4273, 9608, 6143, 8198, 6097, 7596, 8329, 6555, 487, 6785, 7389, 7019, 9211, 8282, 5285, 9132, 7107, 8117, 457, 4722, 7068, 458, 5027, 9650, 2395, 6905, 7772, 5903, 6932, 2220, 5598, 581, 6558, 4253, 7623, 5441, 9753, 6518, 5343, 2905, 7766, 3266, 4853, 1025, 3481, 4715, 2923, 3214, 1150, 1206, 1236, 6911, 1267, 4400, 2940, 6814, 4750, 4486, 5160, 2822, 4820, 5608, 4144, 5752, 7443, 3091, 3330, 6562, 4395
1322
4097, 160, 7094, 5633, 6360, 8620, 1217, 7154, 97, 646, 6654, 8350, 9990, 3237, 8076, 4912, 8758, 4316, 8418, 7589, 7784, 2254, 5664, 7568, 8774, 6659, 9547, 9948, 4251, 316, 3844, 6344, 9197, 6590, 355, 5477, 8038, 3588, 9265, 8813, 1116, 2089, 7579, 9502, 5607, 504, 1782, 5805, 1870, 7894, 8889, 5892, 6588, 4332, 2674, 784, 9833, 4475, 4072, 4084, 938, 7586, 8395, 7652, 3913, 7870, 4485, 1204, 1384, 2122, 8469, 7242, 7675, 2839, 5467, 5305, 8087, 6605, 2854, 6933, 2789, 5960, 5362, 4736
4514
5236, 8052, 4230, 3556, 358, 7852, 9628, 7888, 918, 9887, 4227, 7139, 2715, 2104, 5578, 1506, 1748, 4018, 2497, 3094
19
1621, 4949, 6538, 8909, 9709, 9768, 9442, 2793, 7638, 7734, 163, 5440, 9347, 9213, 4207, 9196, 283, 9436, 5874, 1813, 7418, 9303, 8389, 3721, 585, 830, 1314, 7989, 738, 792, 6119, 3551, 5320, 924, 2311, 2140, 4061, 1608, 5163, 7511, 2617, 6664, 4010
1677, 9958, 7292, 9193, 6738, 7899, 8484, 783, 2564, 4331, 7566, 135, 4674, 7999, 8191, 4261, 5063, 9539, 5639, 1484, 5777, 1201, 3745, 9546, 3300, 3979, 308, 8632, 8976, 9945, 7900, 4315, 1541, 3946, 8726, 7067, 3993, 5296, 2967, 9830, 8787, 448, 9685, 454, 2276, 9526, 7013, 7274, 4676, 1330, 3291, 2527, 4225, 8566, 8838, 1829, 8916, 7270, 3943, 6477, 6644, 799, 4984, 6599, 1272, 2590, 6053, 2974, 6912, 6608, 8140, 3534, 1412, 969, 6665, 8599, 8831, 6690, 1018, 1348, 5732, 4802, 6254, 3488, 1200, 1319, 5113, 1327, 2314, 8471, 4464, 2366, 8725, 6864, 5240, 3377, 1753, 4083, 6791, 4089, 7014, 2779, 1831, 1940, 7038, 5741, 4810, 2265, 8382, 3484, 2720, 4926, 4296, 5544
20, 5697, 9134, 9459, 9535, 9660, 1015, 2425, 9683, 4371, 1887, 8453, 86, 4307, 5548, 7290, 87, 7206, 9759, 9876, 7814, 8068, 5038, 1532, 4958, 7345, 4668, 5661, 2491, 2800, 4088, 5426, 5229, 8301, 8321, 8078, 8793, 8213, 4952, 6461, 392, 8641, 393, 7945, 8042, 5037, 8094, 429, 8766, 9879, 7474, 9100, 5991, 4462, 6696, 6943, 5026, 4688, 6692, 8274, 8152, 9571, 8871, 5332, 5637, 5621, 6762, 6375, 6784, 1991, 6899, 7167, 8456, 930, 9082, 4800, 1843, 6965, 1142, 5258, 2652, 4685, 1233, 9583, 2763, 8333, 8522, 2530, 3056, 5486, 4054, 3337, 5657, 5558, 2538, 6602, 3920, 5666, 4062
997, 3435, 2927, 4297, 2611, 7191, 6377, 7684, 9970, 1605, 1712, 2047, 9027, 9115, 4819, 5400, 1749, 8315, 3425, 3463, 1406, 1466, 4585, 6521, 9534, 3704, 2804, 8374, 3500, 1971, 8808, 4361, 3336
8903, 121, 6695, 2872, 7447, 4103, 1016, 1020, 4282
9611, 5438, 4185, 7986, 8948, 526
1531, 4517, 9185, 7712, 5825, 9219, 1798, 149, 9467, 9695, 6137, 7179, 9455, 7923, 462, 2717, 5371, 570, 619, 1582, 7590, 1386, 7859, 8177, 2246, 2038, 4626, 8402, 1744, 4385, 3197, 4095, 3830
8125, 9527, 9375, 7077, 117, 3174, 6759, 9529, 9365, 2903, 8306, 162, 4571, 8756, 9834, 5124, 7644, 3129, 1085, 3851, 9910, 7711, 8833, 6765, 405, 2102, 6952, 8532, 8032, 8474, 3877, 1254, 3622, 8461, 7635, 3895, 683, 7903, 4060, 8036, 6336, 1681, 4801, 1076, 6169, 1111, 6976, 6854, 1641, 2883, 1276, 1978, 5823, 2261, 3535, 1679, 3891, 1731, 3267, 6802, 6708, 7616, 3937, 6813, 5912, 3959
9524, 6054, 6607, 6539, 314, 8936, 369, 7372, 7706, 480, 5687, 5510, 6678, 4788, 5125, 6223, 5157, 2436, 5539, 2938, 6177, 2292, 2651, 2977, 4615
22
5149, 4939, 6582, 2731, 7843, 8257, 3265, 5419, 2576, 3347, 2751, 2664, 916, 3390, 4609, 1476, 6072, 8074
7304, 9353, 5410, 4943, 7196, 2917, 994, 9184, 7400, 7681
9019, 9924, 9634, 3559, 4852, 7826, 8434, 8318, 123, 1897, 7506, 7260, 4405, 7140, 8960, 197, 8961, 2862, 3917, 5930, 7774, 9012, 8639, 8578, 9594, 7024, 2206, 8506, 452, 3834, 9396, 9668, 9481, 1711, 1847, 3454, 537, 2925, 3029, 9105, 7967, 635, 641, 4927, 7070, 7064, 2407, 7485, 2267, 4091, 6635, 1056, 6672, 8035, 1182, 5198, 1672, 1395, 1533, 1543, 5186, 1707, 6984, 4703, 4586, 1864, 1967, 2490, 2180, 5024, 2332, 2374
9604, 63, 9324, 9505, 2356, 7856, 1751, 2614, 8647, 3767, 3759, 1892, 5866, 9515, 7767, 4159, 4518, 7544, 5780, 572, 878, 4682, 1390, 8590, 6284, 8879, 7198, 3368, 6652, 1463, 2848, 8473, 1040, 1399, 950, 1606, 4915, 5975, 5338, 4644, 2316, 6289, 2835, 6648, 1478, 3727, 6065, 2181, 4888
9722, 8141, 9111, 9598, 9832, 7934, 9507, 101, 8022, 106, 8530, 5810, 4559, 193, 3601, 5670, 6031, 2546, 7609, 5033, 682, 2931, 4346, 5327, 5261, 5159, 3397, 3240, 4055, 4837, 5028, 3021, 1680, 2187, 3273, 4224
4730, 6559, 9415, 8158, 9941, 4872, 6346, 4781, 8706, 391, 9421, 5515, 7550, 6805, 3977, 6399, 871, 9175, 9225, 980, 6674, 2142, 2054, 8205, 8650, 6968, 4821, 1284, 9390, 1526, 8917, 1956, 6709, 3117, 3614, 4507, 4448
5612, 5964, 9627, 4092, 3744, 4701, 9978, 5403, 9715, 9538, 2581, 5820, 6927, 9173, 6321, 4892, 6618, 8601, 8607, 6198, 7736, 3765, 2403, 3538, 6684
6823, 8622, 99, 5715, 9567, 6520, 2760, 3181, 1079, 9407, 2726
24, 2541, 9579, 9653, 8968, 6084, 8684, 288, 9056, 5672, 3625, 7641, 872, 6261, 5792, 6655, 8171, 9372, 7450, 2899, 5705, 6896, 6422, 2224, 4704, 3352
503
1872
3213, 5055, 8189, 9667, 4901, 4774, 9008, 7716, 8969, 7636, 9729, 8472, 5191, 6382, 6940, 5871, 4206, 7519, 5572, 505, 2921, 5832, 3065, 3539, 5176, 4161, 8928, 3228, 4484, 5855, 4532, 7855, 1210, 4617, 5953, 2782
5589, 9693, 225, 7926, 9772, 78, 9160, 80, 9116, 9383, 4123, 3030, 7016, 7877, 2099, 9392, 626, 9203, 231, 8334, 9232, 509, 9845, 8951, 9760, 7805, 4776, 5367, 3380, 5239, 566, 1055, 4427, 5091, 5559, 8358, 8212, 1450, 679, 3067, 4869, 7549, 8553, 6793, 1950, 4570, 7499, 1173, 7682, 4836, 5911, 3533, 8452, 3945, 3647, 4647, 6551, 3640, 2495, 6107, 4181, 1640, 1926, 2746, 3473, 3736, 4365, 3031
9491, 593, 9584, 8413, 9672, 5984, 4463, 8804, 5923, 1180, 2937, 7459, 7730, 9728, 7671, 7728, 7232, 5504, 7837, 8436, 852, 6076, 5804, 6775, 5829, 1035, 1154, 3349, 4622
3691, 9692, 8734, 3412, 9291, 1030, 7074, 3210, 7493, 7256, 8043, 4940, 1243, 4372, 5944, 2355, 9530, 3246, 8133, 2213, 7298, 9305, 3203, 868, 6960, 2698, 1331, 7593, 8820, 5796, 1155, 3374, 8265, 3734, 1536, 1259, 5843, 1281, 4343, 7021, 2106, 2318, 2482, 1619, 1678, 6245, 2388, 2251, 6516, 2075, 5162, 3705, 4971
26, 9166, 639, 4063, 5232, 826, 8967, 8207, 9004, 9154, 1736, 6167, 9233, 262, 8554, 8671, 9152, 7626, 8997, 401, 1268, 5355, 8013, 7350, 587, 7850, 633, 6022, 1178, 1639, 3075, 3495, 2876, 3120, 2798, 4058, 4222, 5417, 4482
3900
6077, 2413, 9896, 8373, 65, 5268, 8045, 8654, 9545, 2989, 8914, 3173, 6146, 4543, 7482, 2031, 8784, 238, 2066, 9742, 4524, 9688, 7661, 4501, 3381, 4108, 7710, 2060, 8058, 7862, 5173, 1118, 9558, 9456, 4453, 660, 6650, 3059, 5257, 7595, 7257, 7622, 9976, 1968, 4138, 5174, 2387, 7176, 1300, 6926, 4301, 1635, 6569, 1825, 1948, 3746, 8755, 4587, 6388, 5699, 2934
7603, 32, 6002, 9960, 8082, 8499, 59, 8990, 8792, 3348, 5713, 4000, 6861, 8336, 8014, 6062, 6298, 6930, 8221, 4925, 6313, 5088, 5098, 5711, 1323, 1820, 3241
9519, 9551, 7116, 114, 4249, 9465, 9966, 2521, 6334, 1653, 5716, 5043, 7387, 320, 9066, 6479, 5148, 8420, 6789, 502, 5638, 7642, 4444, 4074, 7910, 6390, 727, 5460, 6645, 2580, 7630, 8455, 6694, 9443, 5749, 8533, 1520, 6755, 2427, 2159, 3582
382
973, 5448, 9756, 6051, 7264, 5007, 7892, 4775, 7361, 8180, 9665, 3479, 5488, 9936, 5981, 7657, 8570, 2867, 4769, 6522, 754, 485, 6890, 3403, 6444, 8437, 7857, 1844, 8050, 4918, 6130, 6983, 2064, 6944, 6587, 1868, 5184, 2151, 5901
1838
2912
4847, 7981, 7875, 9600, 364, 9788, 7159, 7580, 663, 2479, 3171, 7409, 7956, 4284, 1437, 2250, 2001, 4708, 3047
8811, 8913, 9090, 9301, 6543, 4848, 5541, 9395, 6948, 8818, 8386, 9873, 8665, 9128, 5128, 365, 4040, 8559, 2052, 3998, 4772, 4738, 611, 9781, 5831, 1495, 2015, 5785, 9913, 8621, 3239, 1013, 803, 2885, 3367, 8391, 3794, 1109, 7823, 3969, 7838, 2412, 1470, 4859, 1683, 1833, 1845, 6383, 4264, 5491, 3395, 2469, 5066, 2532
9952, 6465, 6297, 5451, 5704, 7521, 5079, 5775, 1159, 609, 8521, 1446, 6071, 5264, 5536
143, 7207, 9317, 9786, 71, 6413, 9777, 6746, 7359, 6133, 6589, 8122, 4309, 4590, 2271, 714, 1152, 3722, 7501, 5684, 5078, 5896, 2734, 1096, 5004, 1702, 2233, 5044, 5221, 6016
8290, 9318, 4424, 7883, 9730, 7780, 2540, 4817, 986, 9718, 4455, 736, 9201, 7601, 3933, 2456, 1337, 7950, 9005, 2649, 4741, 3218
29
4042, 8419, 3131, 6099, 3308, 6001, 9563, 8934, 438, 9624, 9221, 7707, 7363, 8092, 3813, 6450, 6441, 4600, 3881, 3138, 4292
6318, 47, 9322, 5195, 8673, 4602, 9513, 3017, 5414, 8941, 9999, 5587, 6681, 5096, 908, 7620, 8462, 3849, 2048, 1172, 9147, 2607, 5898, 4276, 955, 6117, 4630, 3567, 1325, 7254, 7625, 1656, 5188, 1958, 1949, 2230, 3121, 5356, 2953
8244, 412, 8987, 5317, 7907, 9894, 8377, 7033, 5485, 888, 2252, 7588, 5205, 7451, 1549, 1017, 8264, 1435, 1542, 5869, 1660, 8667
30, 2539, 9982, 8233, 9022, 521, 5050, 6174, 5432, 5266, 9315, 2604, 4460, 8733, 3605, 4535, 7651, 1136, 5454, 5182, 5134, 4076, 6443, 1955, 1995, 5075, 5794, 5691
2723
3713, 5778, 5168, 2710, 5183, 9297, 9306
9275, 7525, 8503, 243, 3898, 4295, 2319, 3221, 7747, 6315
9787, 7656, 6617, 5092, 1856, 2011, 944, 7233, 4731, 6634
4754
9098, 7798, 9311, 7801, 7946, 192, 3774, 8946, 2110, 4719, 8788, 1102, 5030, 536, 7414, 3234, 8508, 2701, 1161, 7104, 3687, 5851, 2028, 2235, 3152, 5596, 1565, 4796, 3663, 4086, 1846, 3995, 2572, 6981, 3544, 6893
3382, 7760, 6966, 4797
6352, 5503, 8226, 278, 1939, 9659, 7582, 7539, 5064, 5904, 7943, 1905, 4813
6951, 5208, 7540, 1902, 2002, 5512, 9496, 9618, 4474, 4325, 6412, 6897, 4560, 7886, 6367, 7398, 4814, 9263, 9498, 2183, 811, 8428, 544, 6756, 4241, 1378, 6156, 7510, 8277, 894, 3101, 6622, 1302, 2364, 8700, 1951, 4220, 4761, 5941, 8405, 5836, 2237, 2430
8368, 8964, 9733, 7633, 6108, 8219, 2196, 4009, 7919, 9133, 7279, 398, 433, 6193, 1315, 6060, 4128, 1936, 3235
9181, 9739, 7369, 5570, 501, 178, 7744, 7572, 2417, 8739, 6752, 2860, 4525, 9143, 6442, 5652, 7076, 915, 5250, 4376, 1286, 4867, 9047, 1575, 8267, 2307, 2247
5390, 8353, 2283, 8963, 6833, 5431, 8148, 85, 9453, 8972, 8527, 8454, 1352, 5738, 9844, 816, 362, 2999, 5533, 7029, 7674, 2199, 7128, 8324, 3216, 821, 3014, 7532, 1022, 7217, 5213, 4624, 5005, 3583, 3792, 1609, 5457, 8060, 2453
7941, 9823, 4231, 5942, 6296, 7402, 6145, 6884, 6407, 4928, 1098, 6662, 6986, 3053, 1914, 4545
9182, 9506, 271, 7390, 5568, 840, 6868
3529, 6980, 1420, 9107, 214, 4567, 780, 8644, 9658, 5435, 9362, 2920, 2201, 527, 3510, 2566, 608, 2655, 1764, 4991, 5470, 4737
6838, 9707, 8687, 9454, 5201, 8162, 4591, 7289, 1667, 558, 7469, 6636, 7912, 923, 951, 6275, 1618, 6415, 2578, 2926
4544, 4322, 8276, 8977, 361, 7123, 4473, 875, 906, 1012, 7488
5929, 8270, 6766, 4613, 9309, 8356, 5709, 9034, 8865, 9681, 6938, 6880, 7533, 8539, 3524, 6939, 4115, 5021, 899, 1146, 1265, 7429, 8767, 5347, 5223, 6100, 4401, 6064, 3737, 6400, 5722, 3496, 3090, 5067, 6125, 3511, 2119, 5290, 7997, 5717
7983
36, 9922, 5965, 3001, 7906, 2968, 7088, 7628, 6836, 4013, 5846, 9258, 589, 5646, 8401, 5647, 7640, 6473, 4948, 9934, 2973, 2454, 5348, 9840, 1458, 9410, 4317, 8842, 8940, 1496, 6225, 7411, 3540, 3433, 7042, 4310, 6879, 2193, 5604, 7922, 7909, 9511, 9313, 862, 4970, 9696, 835, 5349, 883, 8326, 1360, 1046, 4894, 7189, 2595, 1516, 3904, 4041, 6087, 2820, 3482, 5468, 5282, 2663, 7407, 6824, 1849, 3872, 4696, 4584, 4180, 2320, 5562, 4512
9995, 4621, 5712, 4300, 6070, 5360, 7202, 5588, 6891, 6567, 3140, 1500, 4742, 6989, 1689, 6514, 4513
796
1342
2603, 9839, 7020, 8017, 6835, 6906, 3354, 8426, 1050, 7692, 4100, 9435, 344, 9663, 9921, 7415, 7763, 6963, 6005, 8495, 6458, 2956, 571, 990, 4203, 6158, 3585, 6259, 7366, 809, 5636, 6842, 1402, 2200, 5304, 3770, 5626, 3260, 4550
38
1921, 8280, 1069, 8088, 8153, 9973, 4638, 5493, 5180, 4384, 3254, 2394, 8876, 2700, 4598, 1011, 8857, 2468, 5509, 3269, 2095, 2524, 5890
8544, 5127, 5117, 9549, 2757, 8600, 6929, 4556, 3748, 5943
3191, 2719, 2587, 9824, 9121, 125, 8704, 9664, 9954, 2275, 6184, 1795, 5686, 9752, 4749, 5857, 686, 2076, 317, 318, 8440, 5821, 8430, 7725, 7834, 9655, 8137, 8015, 1567, 5535, 2008, 2205, 4804, 9712, 8746, 590, 1985, 7261, 7307, 3783, 4429, 9346, 8328, 4059, 963, 7180, 4623, 8309, 1176, 1167, 3785, 7288, 2526, 2516, 3026, 6620, 6476, 6067, 1464, 6467, 5513, 6140, 4136, 1763, 3964, 4320, 5019, 5972, 4177
2262, 9014, 2755, 5634, 2582, 9051, 5495, 9273, 3147, 9925, 9827, 8999, 8024, 474, 5293, 3190, 6226, 3513, 7306, 7951, 2992, 4335, 4640, 9123, 766, 813, 3576, 1037, 7347, 5292, 3846, 1701, 1709, 4697, 1923, 7030, 4866, 5770, 5309
6267, 56, 9488, 9648, 8542, 2612, 9234, 8446, 7050, 406, 9096, 4734, 8783, 2192, 3080, 7283, 8132, 3055, 942, 6181, 9198, 2245, 6201, 576, 9721, 7405, 2036, 2930, 6011, 5203, 3870, 7732, 2694, 5498, 2211, 1927, 2561, 2784, 6404
41, 1855, 8295, 9985, 9071, 6326, 6872, 4642, 895, 1060, 4374, 9360, 9207, 3451, 5042, 7522, 9405, 3416, 7239, 3809, 9078, 5865, 7854, 3615, 6576, 5801, 1203, 1633, 8208, 4875, 3717, 874, 7258, 9874, 1498, 6469, 5760, 5224, 5754, 5521, 5496, 2150, 6045, 1752, 4735
6347, 8375, 8966, 2195, 108
9793, 236, 6492, 5917, 7564, 6024, 4202, 7383, 4243, 5300, 9494, 5895, 6656, 8427, 8223, 8225, 7121, 3123, 768, 3947, 6556, 6124, 6116, 3955, 6877, 3677, 2833
6324, 8860
9357, 6603, 4553, 8524, 7869, 9570, 8486, 8569, 4861, 6953, 3070, 1595, 3310, 2805, 5082
43
1942, 7291, 8830
7977, 7567, 5476, 9899, 4029, 1271, 3283, 5772, 4975, 725, 9577, 5218, 1195, 3878, 5361, 3296, 6710, 7319, 4996, 5508
2525, 46, 6957, 9859, 5056, 9260, 9523, 76, 8363, 9385, 2660, 1652, 9073, 2542, 8846, 2132, 3477, 4350, 5726, 2978, 9492, 244, 9156, 5842, 6797, 7751, 5406, 3899, 9092, 3007, 1600, 876, 7373, 2304, 470, 9257, 8619, 1480, 2648, 631, 3229, 1878, 3515, 8680, 2109, 814, 6550, 7385, 1257, 3868, 8823, 1034, 4143, 7060, 8397, 1998, 1249, 1891, 1405, 5326, 4885, 4505, 2859
8694, 2597, 3581, 2949, 6482, 1972, 6402, 6570, 3044, 9261, 690, 2535, 9762, 846, 1234, 5382, 8796, 4729, 3885
9625, 3706, 9691, 7779, 5573, 2475, 6761, 5599, 9717, 6857, 6329, 9582, 1886, 8250, 8676, 8714, 323, 7546, 9969, 7812, 385, 6134, 2745, 7384, 1316, 3286, 9282, 3570, 5234, 7574, 655, 1981, 3970, 3975, 3841, 3958, 4449, 9340, 5879, 5409, 8612, 6312, 5397, 8323, 6048, 8915, 4235, 1417, 5768, 1780, 5321, 4184, 2544, 2709, 2855, 6120
5931, 7893, 8840, 8369, 9937, 9602, 9562, 2000, 6705, 3577, 3242, 3789, 4393, 6102, 2117, 9376, 9043, 7463, 735, 1746, 3961, 2340, 5101, 2450, 4035, 3033, 1729, 2298, 2699, 4712, 4073
9112, 8849, 8232, 5243, 8528, 4516, 9458, 2070, 6668, 8291, 5667, 419, 7552, 4037, 5983, 4226, 7897, 2051, 863, 1482, 6047, 5262
8852, 2932, 3388, 1750, 9775, 8655, 3747, 8183, 7863, 2434, 3623
2825
8351, 3010, 6204, 5122, 4378, 1658
9444, 9292, 5623, 3119, 6639, 3015, 2768, 3298
669
2286, 8867, 8433, 9210, 2141, 4763, 4807, 1986, 2061, 7988, 8505, 9686, 943, 3912, 7915, 5354, 7966, 8476, 8412, 7769, 958, 9024, 6627, 8114, 2232, 3520, 9540, 5584
8041, 4471, 7455, 3322, 6560, 9069, 3306, 3907, 6725, 6418, 6043
1819, 3452, 4830, 6363, 7355, 4942, 9820, 4071, 6720, 8720, 6230, 5817
5267, 6392, 1358
7683, 5480, 6827, 5678, 7578, 5721, 9514, 3743, 3475, 3547, 5676
6774, 104, 9846, 2668, 296, 4903, 7106, 8470, 8711, 5595, 3471, 7302, 2583
2690
9179, 3363, 9593, 8937, 7928, 8134, 9885, 8002, 998, 9279, 6213, 569, 7960, 2618, 7924, 8127, 4709, 8059, 1274, 4727, 1801, 4333, 3136, 7095, 1726, 2103, 6484, 3880, 3321, 3620
9699, 8095, 6358, 4190, 6768, 3093, 3259
53
8429, 4491, 9779, 6155, 6317, 5121, 2073, 6096, 2505, 4388, 7041, 2738, 5303
54
6923, 9227, 1005, 8729, 2869, 9666, 597, 6955, 6028, 6859, 1842
55
1258
6447, 6942, 8923, 3177, 6568, 7879, 8319, 146, 9669, 9962, 148, 8930, 9564, 9791, 4982, 7808, 220, 9581, 253, 265, 2706, 3887, 306, 6611, 3598, 3810, 3672, 2488, 5247, 6220, 7505, 3715, 3629, 2069, 1861, 8311, 7964, 4841, 848, 7318, 3786, 5522, 1321, 957, 3393, 8531, 5969, 1214, 1279, 6305, 3333, 2470, 5519, 1328, 2130, 2400, 3729, 4152, 2752, 5910, 5353
7650, 9418, 5052, 6820, 7353, 9352, 9964, 7961, 8061, 9855, 9248, 1333, 8588, 9857, 5985, 1588, 3329, 5819, 2375, 1312, 5766, 5671, 5389, 8168, 624, 837, 935, 700, 6801, 8885, 7480, 8623, 2165, 7685, 8394, 6462, 7100, 2281, 8535, 3460, 5592, 2175, 1625, 5783, 2819, 2522, 6592, 2361, 3409, 4423, 3004, 7420, 4565
9862, 4312, 7534, 8236, 3685, 5350, 2739, 5177, 7851, 5863, 3028, 4603, 1954, 2379, 3824
9854, 3697, 3859, 7709, 5615, 5868, 582, 2410, 8331, 4916, 4370, 6642, 926, 8779, 2029, 1513, 2667, 1133, 1163, 6878, 1347, 3457, 2508, 6319, 3675, 2010, 5514
3111
3279
3865
7227, 4413, 8571, 5893, 9242, 3833, 1810, 1657
8123, 4191, 661, 3335, 3278, 7741, 483, 9853, 632, 5877, 734, 4209, 5761, 7836, 3089, 3982
60
6348, 3245, 276, 9484, 7700, 8135, 2831, 2669
61
482
867
1350
4048, 8877, 8662, 9509, 2344, 7430, 6258, 5324, 914, 3166, 1242, 1975, 2952
4780
5899, 4039, 9578, 8151, 9327, 6702, 2108, 5617, 831, 8048, 4390, 1882
8691, 3871, 8803, 8982, 3209, 8609, 6741, 5081, 6987, 5152, 9865, 693, 8285, 1705, 5685, 2747, 4700
7174, 4045
9573, 9735, 6396, 7381, 8709, 7320, 3944, 8855, 2970, 2678, 6291, 5656, 2279
3303
67
507
5947, 9230, 4504, 9503, 494, 3183, 8944, 5897, 2732
1790, 310, 2257
6597, 6688, 692, 6059, 5645, 6996, 6306, 5022, 8627, 9512, 5955, 9001, 3411, 6978, 3981, 2813, 3611, 9765, 8230, 4175, 4900, 4352, 2144, 7417, 1694, 2986, 4028, 8069, 6541
2013
3654
5375
74, 8518, 9574, 4671, 497, 2133, 4561, 6691, 892, 1579, 4268
8360, 3939, 9428, 9330, 8742, 347, 2721, 8298, 4205, 1758, 6683, 5469, 1141, 966, 7698, 7448, 1492, 6207, 4976
4411, 4169, 4067, 2756, 8034, 7079, 2135, 6214, 9755, 7785, 2512, 8110, 8602, 7271, 4105, 6950, 9039, 5530, 8837, 9037, 6379, 6238, 5707, 8658, 7878, 7336, 939, 2376, 8994, 7701, 4864, 4941, 3742, 3301, 4373
77
2120
79, 5909, 8215, 9337, 180, 3781, 6276, 965, 4987, 6171
920
4766, 7819, 2360, 1296, 5900, 4520, 9750, 8199, 291, 7733, 9419, 5889, 2270, 2362, 3882, 3776, 9157, 7058, 7509, 5956, 1502, 7645, 5085, 2173, 2534
82
8278, 7608
912
5659, 9402, 4608, 5395
9790, 555, 2594, 5142, 1916, 2552
88
250
2185
2836
7576, 7555
8096, 7055, 4881, 8362, 8173, 6847, 7840, 9637, 3879, 7436
90
545
3314
5747, 705, 7113, 5744, 9122, 2514, 3741, 9414, 3161, 2092
91
1120
1629
95
8090, 1147
5010, 7092
2033
640
188
7687, 7559, 6013, 7081, 5029, 9905, 8065, 1356, 4470, 1708, 1219, 5479, 8056, 2753
9080, 430, 8118, 1256, 4195
7325, 7056, 3797, 6303, 9589, 5256, 2991, 7768, 4913, 2460, 2084, 2792, 5255, 3154, 1525, 4043, 6954, 1938, 2062
7719, 8872, 5185, 3264, 2083, 1943, 6825, 7497, 7542, 1285, 8196, 8754, 9499, 3449, 3600, 1175, 4882, 9264, 8794, 2838, 6416, 1425, 2125, 5630, 3020
8387, 3468, 129, 6780, 9749, 4554, 7604, 7224, 8040, 9356, 3807, 348, 7321, 9167, 7614, 7994, 6500, 1081, 772, 4081, 1304, 6958, 6104, 4619, 1857, 8367, 3750, 2897
109
6687, 5210
363
112
1493
3757, 4435, 205, 7619, 8112, 9725, 245, 455, 9091, 5506, 5933, 6384, 4555, 880, 6788, 3557, 7303, 3124, 3763
115
116
6373, 9058, 7548, 7248, 506, 8688, 680, 1088, 8932, 2781
8510
603
6699, 2708, 3855, 7902, 3466
5750, 8992, 7102
7110, 6434, 4610, 9293, 9758, 7514, 1071, 8438, 5995, 3099, 6916, 3431, 2613
7445, 132, 9552, 4281, 8272, 8242, 5708, 596, 2317, 3954, 5545, 2958, 4522, 2635, 5057
9067, 8950, 9276, 7667, 3718, 3973
1103
8902, 8504, 172, 1911, 7860, 9789, 2827, 8200, 8229, 7049, 9516, 6914, 5270, 6711, 1594, 6487, 7000, 5449, 4323, 1778, 4856, 3574, 2988, 3076
5129
9029, 1404
1644
136
229
3079
3356
137
2202
139
2845
141
142
5065, 9186, 2345, 3923, 8717, 9473, 4213, 4183, 7182, 5554, 2616, 4132, 6935, 4944, 7253, 7598
4740
1540
3653, 7500, 3159
3869
1469
9708, 9267, 9812, 8126, 7229, 610, 2688, 5329, 6704, 4289, 7673, 4661, 3148, 983, 5461, 8027, 1885, 2359, 3845, 5141, 3467, 4119, 2711
153
8984, 6316, 5888, 5864
2050
1835
1153
3127
165
3950
167
716
1503
168
169
3628
4979, 4557, 8575, 4386, 7502, 8814, 5251
171
1919
2293
3008
176
1134
3223, 9199, 3627, 2853, 8304
3427
2166
2082
184
187
2624
9214, 7831, 3225, 522, 7947, 7844, 3703, 2484, 7743
359
1976
428
4124
195
196
2322
199
1489
200
561
7723, 6126, 7605, 4287, 8234, 577, 8100, 7528, 8297, 8217, 6532, 1003, 9716, 5133, 992, 3916, 2767
202
1471
203
4355
2226
206
4710
6010
211
2467
212
325
402
4456, 9424, 2411
4387
1591
7015, 4139, 4351
8841, 7771, 8320, 6917, 9469, 3609, 511, 5876, 9679, 1104, 4047, 1213, 7065, 4229
221
9113, 4597
1334
224
226
3676
227
4528
4705, 9290
232
1196
1260
237, 3038
3189
2771
6519, 5806, 6112, 3461, 618, 2399, 8617, 3811, 9026, 2849
240
242
2273
8801, 6191
307
246
1477
9626, 287, 8355, 1894
251
2194
8735, 769, 681
9585, 8178, 7782, 7527, 5373, 7099, 1119, 6992, 1199, 1468
258
259
264
4886
266
434
267
269
4687, 5653, 4349, 9364, 4533, 9252, 1145, 3908, 5277
274
696
1415
2287
279
280
3711
2681
9554, 890, 812, 6395, 5248
937
286
1209
4398
8216
1105
4537
962
1451
1814
1773
2382
531
2234
798
4601, 7918, 8248, 9478
1032
3202
305
1309
4077
2347
309
1029
1834
2059
312, 6573, 8666, 6142, 5153
3554
6863, 3476
1601
8631
6909, 5108
2241
2657
324
5456
326
5388, 3593
331
2545, 9630, 1094, 642, 5922, 4201, 2889, 3732, 1643, 2057, 6186
337
3873
341
342
343
3542
349
2877
4993
1776
357
2654
4667, 739, 8825, 6703
360
1100
421
3928
2554
2492
3165
367
368
3108
3518
371
372
374
808
2253
3155
375
636
995
377
378
947
2776
2264
1546
390
1448
394
579
677
2065
410
403
1682
409
3081
3498
414
1501
514
1952
1642
420
978
7269
422
427
861
4795
436
2875
437
2697
441
442
3207
3831
444
8730, 1571, 1411, 2466
1494
658
1624
1934
2565
2239
606
461
463
1140, 1059, 4846, 5894, 5483, 2243, 8240, 3256, 7022
3370
465
2327
2823
1383
476
6796
8243, 9319
1106
478
479
2915
1457
488
1823
492
2090
6883
6563
2499
4479
496
9439, 2918, 6445, 3074
510
518
7221
520
750
1174
4530
1393
528
529
3525
530
1781
538
3642
543
2743
547
548
549
551
1904
3236
553
559
4163
564
9176, 1745
1177
574
1671
5680
2222
584
1989
8376, 1716
586
673
2503
6727
591
630
2737
4319
601
1862
607
776
1585
1058
791
665
1785
1547
649
634
638
2791
2169
648
8782
650
652
657
662
8682, 2707, 1912
1297
667
2260
670
2650
3619
2653
684
901
3712
687
688
689
1695
2249
698
702
2556
713
2571
3563
720
2501
724
726
728
8633, 5155, 6641, 7648, 4036
1980
740
1190
744
3323
751
1138
753
756
4359
762
763
764
2759
4420
2315
2419
2689
777
1158
782
790
1447
9246, 8255, 2550, 5764, 3062
801
1426
804
807
3702
1616
8026
6840
1486
1416
828
1238
1674
2255
909
849
850
851
1593
856
866
964
873
877
1632
1564
885
1374
1909
1713
3595
1179
897
904
1535
907
2628
1563
3109
2553
2178
925
3369
2277
2840
946
952
5302
2198
1893
970
3194
1211
976
977
6249, 5505
1434
3328
988
1853
993
1246
1805
1000
3858
7188
2067
1023
1095
1363
1799
3756, 2536
1901
1822
1039
1048
2643
1908
1066
1244
3686
4643
1628
2112
2749
4547
2856
1185
4406
3777
1369
1170
2124
1668
4348
1467
1186
3967
7788
1212
1215
1263
2830
1229
1235
1670
3419
1247
1248
1999
1252
2801
2289
1292
1550
1522
1310
1756
2684
3251
1367
1368
1802
1370
1371
5688
1379
2107
1385
5529
1388
1418
3474
2843
1431
2034
4001
1441
3086
1444
5276
2462
1479
1850
1485
1497
2808
1933
1514
1521
1528
1537
1539
1979
1553
1556
1570
2393
4125
1604
1992
2898
2748
1867
2969
2557
1661
2143
1727
1730
3432
3592
1793
1994
1827
2227
2623
1871
4250
1899
3440
3456
2569
1930
2842
1960
4360
2023
2811
2091
2131
2639
2268
2290
3281
2363
2415
2452
3353
2562
2577
2682
3042
4798
4551
2942
3054
3149
4552
5346
