1
2640, 9146, 9016, 7777, 1112, 6398, 8895, 7714, 9872, 9731, 6017, 9326, 2537, 1218, 428, 8203, 6995, 6771, 694, 7861, 8362, 4231, 5689, 8494, 3948, 6318, 2447, 5814, 4604
4495, 6473, 4814, 9300, 5785, 7064, 9718, 7030, 8735, 5713, 9600, 6588, 9452, 9301, 3075, 7110, 8322, 1008, 537, 7570, 8204, 8410, 6429, 776, 9626, 883, 6071, 4864, 5682, 7159, 5269, 1873, 8141, 2483
4590, 6419, 8416, 9660, 2365, 4371, 8213, 6023, 9888, 9949, 7750, 8042, 8871, 5873, 5213, 8526, 9325, 6550, 8164, 6762, 4348, 7986, 5300, 2570, 1200, 6225, 5657, 5485, 2994, 6586
5196, 5035, 7680, 196, 8485, 9974, 6058, 6108, 9586, 127, 9359, 9732, 9039, 5237, 6796, 9680, 9550, 4658, 4703, 8115, 489, 6234, 3739, 8728, 7717, 4969, 7380, 6392, 5847, 6003, 4419, 4685, 7121, 1681, 419, 4671, 2840, 7079, 5041, 3734, 8501, 2152, 5955, 9605, 7299, 2954, 8875, 681, 9714, 5741, 6532, 7919, 6136, 6337, 4783, 6054, 1925, 8310, 4535, 7961, 1531, 8518, 1458, 2255, 8980, 6421, 6119, 3381, 7859, 3025, 3131, 5512
5826, 7703, 8645, 8764, 9268, 9864, 6892, 5078, 8107, 7518, 1255, 7181, 8054, 4019, 1919, 7206, 1278, 6061, 4105, 1585, 5149, 3137, 3036
5961, 9790, 6523, 9370, 683, 2505, 9292, 7650, 5147, 2989, 7548, 9892, 8445, 9992, 295, 8952, 9128, 7007, 5969, 6792, 4623, 2878, 7734, 3854, 4767, 4667, 766, 653, 4993, 2195, 3133, 8024, 5462, 5374, 5537, 1330, 8317, 6861, 4481, 2328, 3020, 5991, 3224, 8127, 1624, 1923, 1737, 6696, 6270, 6691, 8674, 4404, 3912, 4153
7779, 8797, 9082, 3558, 9513, 5768, 8941, 7495, 4169, 9952, 5573, 7946, 8521, 4416, 8234, 6043, 4184, 3681, 3612, 1225, 5884, 5764, 4994, 1418, 9459, 1287, 8945, 3977, 6293, 6784, 7196, 5486
8286, 5738, 12, 8060, 9514, 5742, 8447, 9352, 7107, 6082, 8693, 6093, 5985, 9567, 9570, 7571, 9943, 7151, 8671, 6445, 9916, 5225, 7649, 5193, 793, 730, 7448, 8173, 6216, 340, 9219, 9817, 2751, 4220, 7328, 8801, 5556, 9569, 2502, 5691, 834, 6994, 7869, 6851, 2298, 6559, 9007, 8657, 6638, 8975, 729, 8515, 732, 3904, 3163, 748, 9662, 8455, 6735, 4215, 3903, 2456, 3960, 3498, 6414, 7537, 2485, 3170, 2631, 7170, 7566, 7441, 2101, 5414, 2353, 3328, 4857, 6929, 7582, 8065, 1670, 3181, 5479, 4514, 4775, 3743, 6909, 3022, 6198, 4240
8867, 6019, 8476, 4300
9331, 5396, 5683, 6461, 6203, 543, 4139, 1748, 9809, 2174, 6602, 4752
9489, 8349, 6875, 8819, 6238, 2448, 2219, 9264, 8690, 740, 3536, 8403, 1633, 8463, 6751, 4714, 5521, 8059, 8112, 3085, 3037, 9929, 3232, 2145, 6627, 1730, 3676, 6100
9533, 3900, 7111, 5232, 2258, 8462, 9968, 7608, 3720, 6296, 4975, 7384, 8741, 6512, 9938, 8525, 6328, 242, 5555, 5554, 9015, 7097, 3453, 8924, 6587, 8964, 374, 1316, 3014, 1906, 6127, 8677, 2987, 9340, 9336, 5877, 6101, 1676, 7740, 6564, 3455, 8742, 2478, 851, 2833, 9131, 4690, 3849, 1648, 6694, 6407, 5536, 8427, 6260, 6513, 5917, 3091, 7259, 3257, 1943, 7930, 3970, 6161, 6145, 4449
9846, 4581, 9789, 3480, 6914, 7125, 6506, 416, 4869, 7326, 5781
2
460
802
1739
2317
3916, 6172, 8859, 9108, 9085, 6354, 9368, 8383, 9935, 6375, 5076, 1423, 9353, 9559, 4106, 8793, 7304, 6803, 6955, 9153, 563, 7034, 7579, 8274, 992, 3966, 1083, 2025, 4634, 4462, 4855, 5169, 2304, 5679, 5050, 4542, 5132, 2893, 3016
4385, 4324, 5253, 8994, 5568, 5382, 6378, 9733, 3878, 6743, 4626, 9263, 3426, 8936, 9618, 8724, 3067, 5601, 9960, 6364, 6256, 849, 827, 3523, 2268, 1872, 6497, 6555, 2671, 2532
6284, 9931, 443, 9054, 8579, 3227, 8828, 9372, 1790, 8209, 6237, 9813, 1903, 5412, 7257, 9484, 2050, 6388, 9283, 3661, 2098, 8223, 7694, 2596, 7215, 5031, 6324, 6845, 6062, 7540, 2530, 1452, 3176
6580, 8546, 9902, 9259, 6410, 161, 8516, 8537, 4162, 4125, 4285, 3317, 7901, 6583, 8721, 9671, 7147, 2810, 5571, 8101, 3974, 5816, 2838, 6833, 8044, 1671, 3069, 6295, 1960, 5625, 3215
8395, 9478, 9458, 7174, 6598, 6933, 4133, 9990, 6896, 7251, 661, 5467, 7026, 9239, 7627, 7804, 2002, 5607, 565, 6988, 8207, 2417, 5786, 6165, 4236, 6277, 3213, 5231, 1198, 8590, 4988, 5365, 4647, 1222, 7652, 3370, 1108, 1535, 6314, 3243, 5105, 4985, 5892
8744
9591, 13, 1179, 5746, 555, 6766, 5296, 9958, 8454, 7397, 8976, 8471, 9623, 3745, 6665, 2083, 8838, 5954, 2349, 3039, 384, 4501, 8942, 5389, 4521, 5857, 799, 7063, 4980, 6997, 6154, 7633, 6592, 932, 5059, 6625, 6371, 1143, 5118, 5641, 2967, 5110, 4802, 3534, 4533
9689, 7355, 3272, 4757, 8549, 9276, 9021, 569, 5392, 7902, 4257, 6853, 2496
3
2091
2527
4655, 6722, 8591, 9467, 4013, 7640, 4310, 616, 8487, 8640, 7689, 7588, 6401, 8486, 2759, 177, 9778, 9919, 8558, 5284, 6483, 7990, 4689, 6537, 8564, 9726, 5684, 7647, 8468, 9391, 6658, 7405, 8200, 6538, 6171, 4632, 9747, 3761, 7944, 9588, 682, 2902, 689, 5967, 1547, 808, 9648, 8703, 3939, 3422, 4717, 2224, 2354, 1803, 8327
6849, 5112, 1889, 9119, 8581, 9818, 47, 9398, 1482, 9599, 9785, 2914, 6169, 5658, 6463, 7212, 2879, 8959, 6525, 9266, 9198, 6471, 8696, 9920, 7072, 9397, 3435, 3029, 435, 4730, 5134, 8869, 9488, 2465, 7050, 7959, 4753, 5308, 5100, 8181, 7312, 8243, 3932, 2265, 3252, 354, 405, 1554, 9917, 1627, 3648, 6866, 4489, 6418, 6404, 3178, 5956, 8795, 5393, 746, 5546, 9487, 6210, 981, 2451, 5442, 7207, 886, 6649, 5056, 3541, 7871, 7723, 6385, 1180, 7502, 5363, 2690, 5913, 7724, 3361, 3594, 8446, 5712, 7756, 1740, 2567, 1941, 4743, 3145, 2291, 3741, 2514, 4999, 4571
6938
7562, 9262, 92, 9545, 5163, 7227, 2575, 9383, 1628, 4384, 3397
7732, 8973, 5143, 8542, 5924, 2790, 8554, 4116, 4670, 4787, 9907, 9843, 5289, 152, 7925, 9847, 2561, 2036, 3364, 7241, 7662, 9505, 7338, 6389, 8051, 1848, 7755, 7327, 7042, 444, 8658, 8934, 3702, 8863, 8336, 3572, 9139, 6713, 6209, 3993, 2081, 1064, 3462, 5406, 1606, 5934, 1757, 5220, 1812, 4311, 4024, 3825, 2404, 3384, 3034
9566, 9152, 3339, 4950, 7776, 9723, 4614, 8413, 3763, 5815, 2900, 7249, 5707, 9117, 1859, 7048, 3967, 3968, 8510, 1172, 5285, 3950, 5219, 2642
9666, 3268, 9523, 9315, 215, 1029, 7276, 5168, 4793, 3094, 4705, 2370, 5576, 5690, 3898, 875, 1034, 1140, 6910, 6660, 2754, 5574
4
317
832
2114
3994
4553, 6370, 3419, 9269, 40, 7414, 9887, 8369, 2800, 9158, 99, 9939, 4526, 7529, 9141, 8606, 5534, 2693, 298, 5558, 9535, 8364, 4229, 9327, 7382, 418, 9543, 1572, 1765, 498, 3186, 502, 6690, 4393, 2672, 1166, 8239, 6102, 8068, 4847, 3620, 930, 7018, 6661, 6498, 7186, 5849, 7664, 2199, 5164, 3713, 7346, 2874, 8404, 5515, 6593, 3372, 4459, 5064, 3127, 3152, 3228, 7987
5131, 9457, 7788, 9814, 8792, 5780, 90, 7160, 9918, 2063, 5915, 7511, 4573, 7646, 724, 8205, 6925, 5146, 346, 5992, 6316, 1392, 6730, 512, 4744, 5635, 7551, 5890, 5964, 5834, 3280, 7686, 1809, 1579, 2503, 5343, 4747
5475, 4726, 38, 9224, 7290, 5531, 6361, 8762, 7126, 2351, 7123, 9727, 239, 2836, 9171, 9911, 9769, 9053, 8719, 5469, 9472, 9229, 8008, 5935, 6282, 4906, 1953, 701, 6549, 1283, 8196, 9157, 3096, 3412, 7136, 5012, 5043, 1203, 7962, 6726, 3565, 2710, 2797, 4283, 5836, 1662, 7527, 3596, 2767, 2470, 1875, 6368, 4687, 7691
6055, 940, 4660, 9868, 7535, 4362, 6704, 8225, 7654, 8705, 9052, 2107, 8634, 8745, 9094, 622, 7963, 5288, 2888, 3733, 1164, 4785, 1404, 5101
7508, 7352, 6841, 95, 4933, 9775, 9412, 8481, 828, 5020, 4903, 3700, 2861
8541, 8018, 380, 3201
9133, 7114, 8110, 7221, 6607
9396, 8961, 7024, 7712, 8921, 9634, 7826, 7340, 4405, 5611, 3639, 4932, 2180
9857, 7559, 3508, 2528, 3142, 4096, 8402, 1412, 5733, 2316, 6715, 9403, 5339, 6798, 5375, 7852, 2301, 5777, 5966
5
718
1197, 8414, 4363, 7378, 7370, 5908
1991
2775, 3628, 3326, 7220, 9895, 9654, 451, 7914, 7177, 8341, 2522, 4878
4456, 8697, 4608, 6267, 120, 4936, 9388, 4338, 3852, 9174, 6087, 9964, 6874, 1985, 9471, 7305, 9173, 8585, 9862, 7005, 8062, 7660, 7890, 9140, 2067, 1630, 6247, 6292, 4251, 6263, 9295, 6650, 5391, 8472, 2148, 2747, 4835, 3404, 1374, 7399, 1571, 5151, 5698, 2826, 5081, 4472, 5127, 2798, 3409
4935, 515, 9522, 7187, 3246, 5184, 4898, 6682, 7205, 9801, 7131, 7314, 5958, 9405, 9050, 7567, 5301, 8566, 6883, 8826, 9745, 2843, 2500, 9344, 8950, 6949, 8479, 4771, 8738, 6835, 7531, 1650, 3844, 5324, 8570, 9638, 4850, 9795, 5632, 6742, 8628, 7171, 7489, 6290, 867, 7696, 8758, 7510, 8630, 3308, 1193, 1266, 7278, 1731, 3851, 1993, 5921, 3005, 6557, 6966, 4226
5478, 9227, 6815, 7837, 9491, 6280, 9519, 7010, 9204, 9829, 5602, 9063, 8746, 768, 7242, 5749, 7022, 8673, 1763, 9404, 6760, 731, 2250, 9298, 9080, 8135, 6992, 9210, 2094, 7707, 6918, 7770, 7769, 5667, 4423, 9111, 9738, 2494, 7231, 1486, 1080, 5732, 8194, 4193, 3495, 3153, 6488, 9092, 6442, 5240, 4884, 7334, 3914, 8328, 2617, 4798, 4320, 3045, 3223
6315, 7275, 46, 5726, 9982, 7655, 9552, 76, 9442, 3173, 8456, 7421, 9306, 6797, 8704, 9385, 1882, 7862, 442, 6624, 3488, 3645, 876, 5454, 4143, 5291, 4025, 7006, 7428, 4461, 6244, 7233, 8242, 4510, 3440, 4063, 7595, 3439, 3886
6813, 9688, 4713, 9375, 7269, 9921, 2780, 9318, 5408, 8597, 2903, 4762, 4465, 5819, 531, 1580, 6005, 7415, 7261, 6259, 7711, 4734, 7189, 4061, 3622, 4233, 4309, 3217
7942, 8694, 8727, 7307, 8533, 5586, 7796, 5214, 6652, 100, 1079, 8469, 3524, 112, 9824, 7052, 5121, 9438, 3371, 7256, 8974, 8790, 9665, 8681, 7339, 8309, 6067, 6755, 8429, 5674, 8346, 429, 8887, 6703, 7656, 403, 2601, 369, 9339, 9752, 9377, 6334, 8431, 6218, 9954, 5616, 6450, 8292, 9525, 6563, 2620, 3159, 7316, 8638, 1433, 7964, 2116, 4102, 8647, 6663, 3253, 7648, 2177, 1907, 6620, 7916, 4299, 5306, 8450, 6568, 4218, 4979, 5199, 9066, 3506, 3108, 1567, 7330, 4199, 2762, 5755, 2168, 7074, 4325, 2159, 6499, 5238
8001, 9020, 6683, 7011, 4247, 5244, 2728, 3177, 7688, 499, 8937, 9897, 2912, 7364, 7685, 7108, 4223
8912, 9323, 2548, 5769, 3087
6
510, 8968, 6889, 9627, 1358, 4365, 7343, 9633, 2633, 3818, 6000, 8825, 4664, 8723, 5664, 8734, 2191, 3250, 7437, 5349, 1657, 3115, 7644, 1509, 7291, 2746, 3110
1357
3073, 4407, 6185, 9475, 7954, 1019, 9541, 6862, 8868, 7480, 6201, 5694, 9538, 1243, 7078, 4095, 4653
4336
4974, 5862, 348, 8730, 9749, 840, 7549, 4048, 5204, 2981, 9690, 6679, 2854, 3436, 9428, 4554, 6358, 6129, 7923, 4274, 3051, 8267, 1186, 5421, 4886, 6626, 4099, 5369, 5148, 5397
7472, 4728, 5560, 997, 6063, 9321, 6922, 4805, 3492, 8911, 7229, 9449, 7471, 7166, 8520, 3997, 8312, 5644, 9996, 9805, 844, 7474, 7800, 5141, 6466, 8134, 5665, 6554, 1712, 8720, 448, 9708, 9970, 2823, 9267, 4819, 4414, 880, 7665, 2793, 685, 3167, 6736, 3544, 1058, 2386, 8765, 7117, 4557, 3901, 5645, 8161, 6152, 5399, 9753, 8149, 3760, 7813, 7575, 1636, 1885, 6521, 5524, 5400, 1927, 5038, 9312, 4332, 4680, 4506
8775, 10, 9942, 8227, 9191, 4991, 6073, 5938, 9700, 3990, 2974, 5894, 9222, 1428, 8010, 780, 5172, 7659, 475, 3529, 2720, 953, 2399, 6029, 1308, 4924, 1647, 2913, 2201, 4872
8890, 5660, 7546, 9825, 9126, 8339, 1338, 6886, 3892, 8250, 7499, 4227, 4860, 290, 9912, 6444, 9282, 6134, 836, 7454, 4630, 5366, 4894, 2475, 9691, 9249, 5650, 7162, 7517, 9999, 6759, 2220, 6857, 6121, 939, 2338, 8897, 5994, 5765, 6310, 3589, 7892, 4178, 6986, 5587, 8567, 8323, 5859, 8071, 1886, 2311, 2336, 6183, 5409
9328, 41, 5352, 9855, 6420, 2832, 8222, 739, 1954, 6876, 6016, 9715, 3000, 7821, 4901, 7591, 7921, 6822, 1353, 6777, 5029
7, 3834, 9481, 445, 8344, 2256, 7408, 9693, 1967, 9579, 2558, 189, 4871, 7877, 9694, 2980, 3608, 7450, 5860, 8960, 9043, 7864, 8014, 7533, 4700, 3406, 8506, 3984, 5930, 1976, 8070
1130, 3391, 6255, 3864, 7758, 7146, 9490, 9890, 7284, 221, 4357, 2658, 6333, 8815, 9826, 8384, 9333, 6400, 6261, 6847, 7504, 7802, 1977, 4609, 3302, 6946, 5320, 1744, 4834, 1241, 6836, 2425, 4342, 2542, 8251, 6464, 3658, 3055, 4544
1274, 9223, 7848, 9170, 5128, 624, 9995, 9338, 5248, 9822, 5794, 3428, 5897, 9017, 2538, 5137, 5322, 2288, 5960, 6820, 4387, 660, 2609, 3838, 4648, 8715, 6489, 3208, 4428, 4002, 4322, 1507, 2582, 3433, 3690
5957
7416, 7009, 9273, 1956, 1928, 4206, 7747, 9827, 154, 8011, 9985, 6014, 7645, 463, 5940, 265, 4107, 9162, 6695, 5313, 484, 500, 5900, 6045, 8771, 6479, 8573, 3582, 6976, 3597, 8053, 8002, 3095, 3604, 1279, 7217, 5719, 7846, 6394, 3206, 6168, 3627
7433, 3393
8307, 6374, 9528, 5541, 9781, 3935, 8923, 3240, 2144, 9103, 6831, 2488, 3530, 6948, 7045, 5181, 6528, 7609, 1792, 8913, 2968, 2246
8761, 115, 8442, 2085, 2937, 9652
9417, 8607, 8708, 8925, 7321, 5916, 7224, 4038, 8075, 399, 3725, 9815, 6993, 8313, 4316, 8191, 1682, 6824
9796, 7389, 9650, 7028, 7427, 9060, 8757, 3481, 9304, 9429, 7055, 1416, 5833, 8172, 3126, 1979, 8039, 3294, 5841, 5340, 1317, 7335, 2190
9808, 9761, 7583, 6186, 8409, 677, 6009, 7515, 4021, 5271, 8006, 9051, 7787, 3552, 4958, 9076, 8679, 6204, 6208, 1961, 2811, 6676, 7742, 3973, 7406, 5798, 2181, 5627
9831, 6711, 9042, 7475, 2644, 6240, 6330, 1850, 692, 6478, 3172
8
37
1321, 9581, 2721, 2898, 8319, 7103, 8493, 4464
1603
2401
5739, 1705, 1942, 9576, 6397, 1563, 6322, 4109, 9437, 7824, 7077, 5451, 8137, 7440, 6212, 9861, 8888, 7158, 8955, 5154, 8228, 2865, 7353, 9064, 6546, 6468, 8939, 9334, 4156, 4656, 6744, 3476, 8261, 2357, 6359, 7658, 6470, 1916, 4401, 3833, 4046, 3411, 4460
5942, 9250, 8740, 9444, 2919, 9045, 7203, 8617, 4986, 6927, 2681, 4254
6349, 9645, 2959, 9107, 1460, 6553, 5507, 8986, 4651, 1273, 7473, 1189, 4104, 7618, 9083, 1349, 3048, 6214
6480, 6052, 9772, 8096, 4427, 8305, 9653, 8405, 9728, 204, 6734, 5559, 7479, 634, 9232, 1890, 2931, 6460, 7678, 4463, 4824, 8951, 3647, 7580, 7293, 7708, 9176, 4543, 7926, 9760, 8247, 5108, 2531, 7426, 8748, 7232, 5715, 4005, 3458, 4861, 2943, 5639
8249, 8946, 5165, 7587, 5566, 8103, 9635, 2296, 1794, 9342, 7684, 2924, 2423, 2075, 2632, 1966, 3570
9211, 8577, 8297, 2550, 6911, 8021, 1623, 3718, 7365, 7828, 1838, 8202, 9915, 5098, 6405, 4925, 3279, 2546
9, 9305, 9427, 5490, 5449, 8393, 4343, 5295, 4284, 9237, 3793, 549, 7891, 1756, 4477
2606, 8932, 6637, 4715, 8114, 7422, 2781, 7638, 9572, 4992, 1194, 6569
4580, 31, 9374, 6446, 3442
4596
5895, 6573, 6867, 6599, 9038, 8777, 7402, 8874, 9729, 4235, 8898, 6681, 5800, 9823, 8714, 8948, 6329, 190, 3614, 197, 6475, 7832, 2302, 8028, 2607, 9553, 5331, 9717, 4809, 8329, 4435, 3884, 8457, 8915, 9135, 9969, 3470, 9075, 5317, 8612, 2096, 5721, 7812, 8259, 7941, 9142, 3958, 9582, 3646, 8750, 4592, 1270, 6117, 8656, 8052, 7620, 7870, 6317, 4928, 7098, 4843, 6610, 5592, 1545, 6126, 5014, 5879, 8648, 6890, 4709, 3273, 6761, 6814, 3017, 2254, 3830
6698, 5945, 5851, 7313, 9950, 8688, 8886, 3668, 5615, 6752, 5510, 6972, 8512, 8713, 6717, 7482, 4191, 2377, 1131, 9858, 3561, 6811, 3768, 5218, 8689, 7999, 6454, 9596, 5405, 2572, 9577, 6076, 4895, 8466, 8397, 8248, 8651, 9909, 6013, 7532, 6462, 873, 5432, 687, 1254, 5575, 4565, 9280, 8108, 6308, 7484, 7876, 9350, 1345, 1577, 7200, 2388, 5962, 2723, 3995, 2963, 5920, 6348, 5668, 4701
7175, 7492, 8117, 9637, 6859, 7183, 8751, 1295, 9124, 3104, 9977, 9620, 8636, 8624, 5599, 3954, 5593, 7325, 9520, 7709, 9322, 7574, 9087, 6996, 7244, 7807, 8733, 6132, 3972, 7436, 2414, 6680, 1862, 952, 972, 1013, 6810, 4403, 2367, 7090, 3879, 7507, 3431, 6206, 4329, 4644, 3441
7782, 8834, 6763, 6947, 9866, 9279, 5722, 7543, 9004, 8013, 9132, 9883, 8544, 9474, 7911, 8637, 6376, 7982, 6085, 6865, 7113, 7913, 482, 4836, 6433, 9233, 4546, 8458, 7850, 6467, 5318, 2262, 4764, 7053, 7667, 5456, 1195, 1504, 6646, 4665, 5060, 3642, 9169, 8357, 7135, 2935, 5355, 3380
7951, 5997, 9686, 9199, 2185, 7966, 9399, 605, 8514, 996, 3160, 3883, 3907, 2794
2973
8832, 29, 3245, 8360, 8182, 8440, 103, 6477, 8262, 3499, 9961, 8672, 8598, 7687, 4693, 7243, 277, 3831, 4136, 7085, 4333, 5825, 5745, 7029, 5547, 7367, 4959, 9346, 2337, 5492, 2636, 9613, 4288, 1258, 7690, 6476, 2545, 3776, 4719
8855, 9735, 5982
9436, 9448, 7132, 3210, 9807, 1524, 8497, 9944, 63, 7845, 8883, 5109, 1341, 9994, 8063, 5068, 9431, 2922, 8805, 8864, 2200, 6501, 7201, 4443, 6548, 6088, 6366, 8496, 8130, 3072, 7263, 8433, 6544, 8796, 5139, 350, 7586, 4659, 5372, 8465, 8392, 7576, 5842, 5241, 7900, 2757, 1445, 5017, 8995, 3077, 7083, 2513, 5192, 7071, 5808, 1845, 7547, 5026, 6518, 3333, 5434, 6069, 4983, 1612, 898, 2547, 6339, 7423, 6081, 4569, 7893, 3274, 1401, 1807, 8314, 1801, 4167, 6701, 5054, 5577, 4439, 5233, 6864, 2619, 3078
9903, 3812, 9125, 8551, 5702, 7185, 4666, 4914, 6808, 9384, 4328, 698, 4934, 9006, 4112, 1380, 4801, 6164, 1824, 3248, 7720, 3806
11
477
3466
6783, 8978, 6985, 8082, 8343, 7150, 7324, 9991, 2118, 8666, 6265, 8507, 7425, 9681, 3146, 6194, 4378, 9022, 6098, 8226, 6919, 9357, 9439, 8270, 9252, 3377, 9737, 8470, 9659, 5298, 9820, 3341, 7539, 8102, 7037, 9164, 7626, 6509, 6531, 8900, 7237, 2881, 6345, 5377, 6485, 637, 9341, 6125, 7445, 7250, 6880, 2406, 5130, 9710, 8588, 5008, 2092, 1352, 7634, 7772, 4829, 7060, 6032, 1791, 9836, 3803, 5598, 8275, 3229, 5678, 1410, 4678, 7157, 3046, 5642, 1702, 2999, 6496, 1663, 1828, 6731, 5778, 5883, 3617, 2022, 4618, 6669, 8282, 6702, 6180, 2382, 4148, 3919, 4108, 4115
7697, 8264, 8882, 9973, 43, 7519, 3254, 9837, 8333, 9440, 4216, 5082, 1926, 7809, 2166, 8004, 7444, 9875, 8857, 7523, 1656, 9571, 390, 8050, 3427, 7907, 412, 8300, 2524, 439, 8957, 6834, 3649, 5861, 8123, 7070, 590, 6916, 5716, 2552, 2162, 6692, 3798, 9291, 3982, 5551, 4047, 9335, 933, 1347, 8076, 3942, 8641, 2460, 8152, 6863, 1485, 8153, 3305, 1774, 1915, 6542, 2042, 4016, 2991, 5145, 6387
9089, 4729, 5868, 2516, 8277, 8879, 9324, 6570, 9849, 3736, 1506, 6402, 2015, 7262, 7599, 6632, 5283, 1415, 2585, 8411, 1618, 2326, 6630, 5499, 6427, 2614, 6289
9641, 5390, 137, 2472, 9309, 976, 7628, 8800, 1479, 7674, 8663, 904, 8966, 8229, 3790, 5457
9697, 579, 7362, 1400, 3698
9756, 4494, 7894, 7915, 658, 5965, 2985, 8180, 4335, 6584, 7265, 5865
582
922
2473, 4508, 9271, 35, 5474, 7632, 9763, 6323, 2141, 7143, 7306, 6507, 9792, 9113, 8737, 8685, 9285, 2125, 3494, 657, 7841, 5236, 7542, 8253, 7133, 6373, 6790, 7716, 8509, 410, 4411, 8258, 5711, 7033, 7216, 2318, 525, 737, 7373, 6732, 5904, 6352, 9967, 2573, 813, 9071, 5737, 7004, 9880, 4833, 7202, 5807, 7520, 4205, 2978, 2932, 2517, 6142, 2204, 2955, 2390, 3656, 5864
3342
3714, 2990, 9532, 5903, 649
6347
9803, 7139, 7521, 9248, 6941, 7596, 9106, 9838, 9804, 7081, 9464, 5891, 7310, 9186, 4939, 9927, 9684, 4186, 8759, 4425, 2509, 8027, 9651, 7453, 9510, 7699, 8534, 1366, 1742, 372, 6678, 7635, 4868, 8163, 7443, 5557, 8224, 8245, 6601, 7459, 7163, 6105, 3042, 3211, 2628, 760, 7831, 3813, 6613, 2714, 3212, 7512, 4800, 4000, 3154, 4755, 1589, 1512, 1393, 7806, 1523, 4706, 7765, 1718, 4568, 6987, 5989, 6749
831
2120, 4204, 3415, 8845, 9692, 6012, 4940, 4927, 1494
5356, 4505, 5256, 9568, 9757, 7992, 6800, 8278, 8073, 8399, 9337, 4792, 1487, 4913, 4797, 8574, 7494, 5874
6699, 9330, 7759, 1063, 6299, 4391
8480, 4078, 328, 6640, 3807, 1110
8910, 7017, 4828, 4856
9527, 5252, 8856, 9834, 7692, 8833, 9294, 6765, 8595, 9061, 8255, 6543, 8306, 7503, 8125, 9910, 6842, 8820, 6940, 8532, 5124, 910, 6708, 6774, 3937, 1245, 1399, 5427, 5626, 5701, 2158, 3129
9889, 2534, 3290, 6924, 7577, 9432, 2279, 2685
9946, 8767, 8662, 5431, 2041, 5666, 8056, 7128, 5186, 9409, 9208, 1175, 5344, 1813, 5567, 2161, 8661, 4688, 2208, 5242, 5021
14, 8687, 6944, 9226, 8350, 64, 6670, 951, 5975, 995, 9265, 3796
1975, 7258, 8633, 7733, 25, 10000, 7040, 5591, 9882, 9784, 5085, 1992, 8979, 8861, 2238, 4176, 9561, 8254, 4629, 5563, 8426, 9848, 5950, 7858, 4166, 7430, 8386, 9009, 7789, 7920, 557, 9033, 6855, 1965, 1717, 7303, 4053, 4282, 6301, 6190, 4337, 2579, 3289, 8372, 2822, 1025, 1614, 6832, 7300, 5455, 7975, 6258, 8547, 5999, 3503, 6960, 3707, 6526, 4624, 4397
5287
6196, 2880, 104, 7361, 9059, 3519, 8218, 9705, 9430, 5122, 2330, 9027, 3099, 6138, 8918, 438, 9165, 9986, 3749, 575, 5517, 8953, 1543, 1259, 8860, 6251, 5380, 5197, 1033, 9544, 5334, 5640, 5673, 4509, 7101, 1684, 8560, 2940, 2391, 4844, 5630, 1311, 5776, 8717, 8593, 2815, 3696
6254, 6879, 2438, 9696, 7722, 6552, 6802, 6963, 6989, 6139, 9975, 3514, 7391, 7754, 8802, 9597, 8348, 6307, 901, 3759, 6565, 5513, 8156, 7976, 2673, 6772, 7375, 1931, 3682, 5274
6510, 5183, 9073, 8511, 6921, 5072, 3103, 5452, 2525, 5504, 9787, 9859, 4281, 349, 2030, 4735, 6957, 8619, 4402, 1100, 7491, 2812, 4475
7092, 8977, 2056, 3116, 4941, 5016, 325, 5564, 9255, 4768, 5633, 8240, 3150, 9547, 9511, 3064, 9244, 4515, 9779, 5471, 2151, 4854, 1453, 3472, 9502, 8385, 3842, 7784, 6007, 6383, 6779, 4923, 7193, 4098, 2867, 2692, 4157
7958, 9777, 905, 3722, 5246, 6737, 9343, 58, 9878, 75, 9800, 9876, 9130, 87, 6472, 8811, 8257, 7411, 8138, 6167, 4616, 8294, 226, 3611, 4198, 3562, 9565, 4779, 344, 9607, 3548, 906, 8331, 7219, 5929, 663, 8718, 8040, 4981, 9040, 3549, 4916, 1282, 5948, 6912, 5651, 1046, 6885, 8266, 5104, 3876, 5403, 6020, 3613, 4248, 4796, 5360, 7613, 2649, 3580, 6103
8122, 8517, 9206, 9256, 6547, 2659, 8421, 9138, 9380, 8670, 2111, 7308, 2942, 6439, 8928, 5465, 9120, 6239, 3340, 9741, 9670, 1959, 9044, 6312, 2179, 8325, 6319, 6122, 7457, 3567, 6381, 9161, 9797, 3951, 6804, 5227, 9854, 3251, 4920, 6291, 6245, 5311, 6369, 8768, 2408, 2182, 6089, 5071, 4314, 4361, 3670, 4784, 3595
8642, 3362, 8000, 1297, 9187, 1649, 5796
9819, 8840, 9639, 291, 9192, 4528, 6654, 9228, 4345, 8184, 9258, 1363, 3961, 5990, 7970, 5529, 7996, 5889, 8285, 1275, 1440, 1674, 7129, 6241, 6403, 5046
15
2554
3013
5175
7768, 7161, 9555, 7997, 8810, 4297, 217, 8587, 8543, 4808, 9274, 1306, 9799, 8425, 8216, 8347, 833, 4180, 4117, 8154, 8583, 4763, 3738, 1707, 3673, 4987, 3650
7792, 9347, 2771, 7617
7878, 5480, 4875, 7179, 9695, 1652, 5282, 6177, 7917, 9394, 6622, 6372, 9000, 462, 9867, 497, 7994, 3821, 7271, 4313, 7797, 1948, 7255, 8210, 1181, 6382, 5848, 5415, 2697, 8080, 1521, 3955, 2491, 3684
8992, 3636, 2875
9998, 8444, 9617, 4707, 7731, 7974, 7701, 450, 8482, 94, 9893, 9955, 6685, 3539, 8166, 5216, 7602, 8582, 7611, 6205, 7729, 6856, 8933, 9095, 1499, 2813, 4031, 4187, 5206, 5986, 7534, 1305, 3079, 7727, 7192, 8394, 4610, 8729, 9767, 8049, 3894, 3687, 2295, 9794, 8891, 2008, 3553, 6367, 2735, 4315, 2678, 659, 6606, 6577, 5429, 1420, 8201, 8611, 5899, 6300, 6155, 5371, 3576, 1493, 7476, 5852, 9243, 7881, 6396, 2939, 4043, 3118, 6516, 3438, 5656, 6079, 7407, 6979, 2608, 2123, 7379
16
2829, 7178, 9246, 3485, 1391, 4352
3343
3638
7197, 9551, 8631, 9664, 7145, 5535, 686, 1693, 1847, 5215
9742, 9041, 6459, 4672, 9657, 8091, 8988, 9218, 3396, 4150, 5266, 5063, 7390, 2078, 3586, 5087, 4129, 3662, 2132, 7418
9997, 4911, 267, 5608, 8702, 9072, 8608, 2146, 2016, 7965, 8388, 333, 6860, 9317, 4055, 5173, 6829, 8085, 7629, 845, 9287, 3817, 4147, 2361
17
211
3049
3526
3863, 7882, 4937, 9879, 8604, 7883, 7814, 167, 6605, 4846, 9683, 6675, 7142, 5270, 9759, 9373, 9679, 5079, 4683, 3766, 4952, 8291, 8139, 2243, 6302, 7783, 899, 7715, 6469, 7285, 5395, 6250, 1340, 6974, 2891, 6530, 5045, 3801, 7282, 2518, 2597
5540, 5426, 7289, 6664, 9957, 7912, 8162, 9277, 3777, 7350, 9190, 200, 6275, 7725, 6271, 4682, 5259, 9609, 7822, 6327, 9379, 9604, 7432, 2774, 6146, 6128, 2411, 6246, 7333, 4071, 1760, 3537, 9515, 4724, 2217, 3247, 4164, 3044, 4420, 3394
8644, 9989, 8821, 7670, 5804, 9658, 8548, 8419, 5605, 7642, 4214, 7738, 6574, 8283, 520, 5795, 608, 3555, 4426, 7493, 4409, 8308, 4751
9057, 8352, 6182, 8600, 4606, 9202, 3019, 9782, 6443, 1841, 7434, 9008, 5357, 5669, 7400, 9378, 8561, 7842, 1820, 6159, 4853, 7605, 5870, 2643, 6514
18
309, 9260, 9719, 7905, 7076, 9492, 8823, 8625, 631, 8233, 6232, 1491, 1005, 4118
1144
2340
2639, 3335, 8252, 8592, 8791, 3789, 9904, 9937, 8246, 3239, 214, 5062, 8783, 2835, 2010, 345, 9602, 8849, 5747, 9499, 5333, 7094, 9214, 4845, 6741, 6064, 578, 6873, 5167, 4973, 6274, 6666, 2882, 774, 8401, 6221, 6830, 4840, 6558, 5736, 4369, 6756, 3054, 5470, 4766, 2426, 5158, 7885
3400, 3270, 9905, 7843, 9724, 9674, 7557, 3421, 8646, 7799, 9088, 5440, 454, 5422, 4376, 5401, 8366, 7847, 4650, 2095, 6936, 9482, 1691, 6179, 2432, 6773, 5094, 5489, 6399, 9209, 4424, 4228, 1871, 8477, 6060, 2934, 4652, 2455, 7514, 3047, 3357, 5774, 3983, 4312, 4654
7589, 8778, 6572, 9231, 8894, 9926, 6687, 9014, 6153, 4301, 3325, 6686, 5572, 7760, 2927, 5696, 7748, 785, 8981, 1411, 1024, 7949, 5310, 7093, 6147, 7424, 3093, 6355, 4968
8034, 8288, 81, 8026, 9755, 6991, 113, 4548, 7526, 2360, 5767
8187, 4899, 3802
9465, 8998, 4841, 9320, 3312, 2427, 7679, 7059, 9774, 8710, 1216, 6356, 8467, 7451, 9121, 235, 9842, 8178, 8118, 8124, 7661, 9443, 3057, 6140, 5368, 5918, 8935, 5019, 1437, 3483, 5579, 9966, 4972, 1660, 5497, 8379, 2462, 4168, 3414, 8949, 3641, 4917, 3938, 5686, 1520, 4699, 5447, 7116, 5526, 5107, 6750, 3102, 7834, 7086, 4208, 4749
19, 452, 9180, 7978, 9032, 6133, 5255, 4408, 743, 4976
1188, 28, 8990, 9856, 4780, 8858, 8081, 9865, 9030, 6413, 7874, 3390, 5723, 2830, 6560, 8303, 8996, 9109, 773, 3349, 884, 4625, 7134, 7553, 5528, 3088, 7359, 5441, 4877, 3871, 6110, 7728
3423
7468, 8316, 2499
7693, 9387, 9254, 49, 5362, 5799, 4597, 6858, 4821, 7840, 7651, 6999, 6465, 7119, 3857, 9360, 3752, 4374, 3323, 9925, 8712, 7329, 4126, 8660, 1336, 3998, 6030, 9257, 3602, 6768, 4595, 7204, 4256, 5771, 5273, 7630, 1461, 8241, 9288, 4183, 4165, 5827, 3259, 3204, 5309, 5692, 2029, 4091, 6770
7719, 3449, 7786, 2555, 9122, 656, 9179, 5445, 2884, 8944
8908, 1422, 4686, 4278, 6981, 2667, 5636, 4588, 8987, 1481, 9110, 8047
9750, 6311, 5303, 9959, 8706, 8654, 8284, 9554, 7195, 8732, 9573, 4027, 7176, 8982, 6710, 6971, 7486, 5933, 1658, 7743, 609, 2292, 7403, 6118, 4628, 1126, 5973, 9713, 6571, 3035, 4045, 4539, 5170, 6753, 4746
20
2282
3692
4225, 9539, 8523, 8725, 5594, 9685, 9376, 7899, 8787, 9830, 9945, 7558, 8230, 8484, 6281, 8726, 5161, 5416, 5688, 5832, 6298, 7968, 9546, 3701, 9521, 4957, 4676, 8632, 8287, 5040, 8099, 6608, 3669, 2637, 7872, 8599, 9213, 5604, 4261, 9193, 7888, 9526, 1137, 7315, 6053, 7332, 5763, 7292, 8373, 4810, 788, 803, 5424, 6534, 5501, 3238, 959, 3925, 5978, 6233, 1902, 6644, 4674, 1940, 7270, 7038, 4770, 1187, 1272, 4926, 3979, 4069, 1348, 6150, 6049, 7274, 2039, 7067, 7910, 6791, 1986, 2300, 3410, 8140, 2244, 6745, 3835
7545, 9720, 5951, 6728, 1359, 2057, 5323, 5824, 6018
8046, 7015, 9786, 7336, 8074, 3184, 7984, 5073, 6228, 7795, 7501, 9270, 3756, 7927, 9408, 6130, 4441, 4736, 4697, 8683, 9706, 5754, 6674, 6412, 5004, 8069, 3804, 2799, 1342, 3964, 8273, 7295, 2320, 7981, 5896, 3190
21
250
888
2135
2458
3619
5102
5914, 1276, 7089, 7470, 7046, 9870, 6143, 9504, 6727, 4145, 3866, 2035, 4942, 6928, 5488, 6428
7156, 8147, 8699, 4410, 688, 9091, 5097, 8443, 9725, 9908, 8088, 9500, 8244, 6120, 7836, 5263, 6343, 8877, 4638, 9425, 5695, 8016, 6010, 6279, 9400, 7801, 6898, 3860, 6287, 2172, 4469, 5509, 5243
7989, 9411, 7446, 7096, 6395
8893, 4965, 3071, 7341, 9272, 5596, 4806
22
2929, 6903, 24, 3352, 9356, 7744, 9181, 5971, 9972, 129, 9284, 9167, 522, 209, 9739, 7000, 5766, 8490, 3971, 1478, 7180, 9147, 351, 8084, 9143, 8387, 8093, 5044, 8784, 5735, 5002, 5091, 8812, 1035, 9200, 4867, 6500, 6881, 5450, 5095, 8355, 5680, 4190, 8500, 8142, 1994, 6578, 4124
3402
4175, 8215, 8342, 5033, 9798, 9077, 7781, 7392, 9987, 8665, 7488, 8155, 8991, 8956, 5425, 8126, 5939, 7830, 5065, 9177, 1220, 1556, 8842, 6520, 6897, 9319, 8189, 313, 6248, 6436, 4044, 9934, 6657, 6252, 1217, 6236, 4555, 6953, 9236, 2918, 528, 8818, 7264, 6673, 8943, 7581, 3166, 8439, 4890, 7757, 7169, 8326, 7985, 4346, 5906, 2862, 4421, 1155, 5254, 3140, 7080, 3132, 5023, 2779, 3164, 3927, 2441, 5647, 2045, 4321, 2970, 2464, 4512
5759
7301, 9401, 9453, 7896, 9178, 6262, 3267, 9860, 8711, 8538, 8168, 8572, 6618, 843, 5430, 4536, 4447, 5174, 4529, 7031, 3836, 6906, 4919
7735, 5582, 9136, 6801, 9201, 6224, 6211, 9869, 136, 6297, 140, 4904, 9501, 7226, 8066, 4696, 259, 7277, 4195, 7467, 2347, 3978, 2218, 9240, 2613, 5123, 2511, 5880, 8197, 8848, 7538, 5498, 1723, 6709, 1797, 7752, 3947, 5103, 2941
9716, 4182, 6975, 131, 9371, 6719, 5058, 7182, 5388, 4635, 3179, 5329
23
4074
6220, 6826
7584, 3188, 9407, 8150, 8151, 2197, 5330, 2278, 2827
8428, 7886, 9524, 8177, 9512, 1039, 4989, 6693, 4072
8770, 1796, 6655, 236, 4007, 7937, 7155, 709
8780, 8374, 6077, 6718, 3704
9390, 9238, 6215, 7610, 9225, 8609, 96, 8782, 4910, 8116, 7898, 7267, 4760, 173, 8917, 7637, 7569, 3182, 9947, 9293, 7043, 1861, 6716, 655, 7749, 8904, 6714, 2506, 5793
5751, 4558, 8535, 4488, 2088, 6641, 7895, 8709, 4990, 9102, 6408, 9906, 8747, 4585, 5155, 670, 7585, 6848, 8098, 8669, 6035, 9537, 7381, 5321, 6379, 7947, 6137, 8256, 9562, 8569, 3276, 4051, 5661, 6230, 1168, 2381, 2104, 2055, 5670, 5000
6415
6524, 9971, 9712, 6533, 8337, 5093, 6907, 6184, 7112, 2077, 6286, 8185, 1561, 5584
8878
273
1397
5345, 9234, 4246, 6932, 9721, 9151, 3366, 2901, 6754, 6422, 6738, 8929, 1409, 8144, 5743, 7465, 9441, 6338, 9851, 7320, 6195, 7140, 9455, 6566, 6536, 593, 3909, 8513, 6539, 7144, 1939, 4103, 4154, 9086, 8022, 711, 7677, 967, 1231, 7395, 4262, 1115, 4960, 7003, 2543, 5553, 8132, 8158, 1463, 4502, 3754, 5981, 5260, 5675, 2568, 5156, 2565, 3723
8958, 4721, 8165, 3826, 6321, 7152, 8441, 9687, 7054, 1086, 7622, 1852, 3896
26
1537
1598
1822
4484, 7027, 6515, 8907, 9454, 9424, 8378, 5687, 9127, 8899, 9707, 252, 2356, 9348, 377, 9762, 5761, 3392, 5648, 6884, 769, 878, 4159, 2895, 6838, 1082, 5993, 3447, 7555, 9079, 1318, 3917, 5080, 7718, 5378
27
5069, 9629, 3275, 9828, 8193, 8380, 1755, 7969, 5228, 1574, 787, 4826, 8568, 6094, 5032, 1878, 1182, 8799, 4057, 3147, 7671
5484
8967, 8195, 8211, 2287, 9549, 7173, 7908, 6178, 7866, 401, 8459, 9901, 7943, 8807, 8198, 5952, 6677, 8754, 8009, 2803, 7122, 1425, 5947, 4272, 6807, 1876, 2807, 5290, 4695, 4358
9275, 4513, 8363, 7564, 3407, 7865, 7952, 8503, 5326, 6926, 8680, 9196, 9002, 2733, 244, 9355, 7088, 7394, 4207, 9896, 5544, 9290, 3980, 797, 8272, 556, 6008, 5092, 8354, 7600, 4740, 6667, 3764, 9976, 1118, 6070, 5075, 890, 921, 2787, 1114, 7016, 1277, 7184, 7194, 5676, 9303, 4138, 7368, 1998, 3559, 2297, 3678
9863, 6869, 8629, 4290, 7702, 9069, 5337, 5638, 4493, 305, 9159, 8293, 4068, 7737, 7240, 9590, 6031, 7791, 9118, 1690, 1251, 7449, 3799, 1596, 7235, 6113, 8371
9871, 7897, 208, 5561, 6519, 1165, 6112, 4704, 3369, 8536, 2156, 5061, 7593
1265
8265, 7844, 6647, 3606, 9031, 7839, 9093, 9933, 5386, 3945, 8499, 7833, 6269, 3461, 6567, 4140, 7073, 8575, 1678, 4181, 3633, 7014
8872, 68, 7075, 6336, 7960, 8435, 7458, 9414, 7396, 6818, 4591, 8077, 5015, 8483, 7095, 538, 9593, 4602, 5704, 6124, 6002, 3183, 5482, 8545, 3347, 4943, 4080
9631, 8652, 9358, 9979, 5463, 6723, 5202, 6882, 1209, 9426, 1057, 8460, 262, 4531, 8736, 5444, 9332, 6493, 2930, 2362, 5376, 6913, 7524, 3327, 2593, 9421, 8809, 965, 3748, 956, 4718, 1367, 3214, 6207, 4669
2662
3593
5281
30, 6642, 3545, 7578, 3666, 2648
53
494
4359
5614
9123, 8760, 4622, 423, 7657, 4268, 4702, 6561, 1570
1805
3189, 7036, 9099, 6391, 9948, 4646, 8678, 1386, 9833, 8232, 7209, 7165, 6431, 4673, 9422, 7115, 8452, 5589, 7106, 9197, 3588, 8602, 1987, 6495, 1725, 9936, 6409, 7855, 8057, 7239, 5305, 8038, 2403, 8437, 775, 8092, 4532, 7246, 2791, 4128, 8969, 5855, 7552, 8615, 4576, 4617, 2299, 6342, 6962
8449, 8032
32
7603, 809, 4023, 6038, 4060, 1185, 218, 6114, 9816, 7903, 4842, 8299, 8852, 1735, 8596, 914, 1212, 4141, 4258
33
2535
4042
6229, 9621, 5980, 8906, 6451, 6967, 7032, 2044, 4561, 3843
8970, 5797, 7309, 3855, 3134, 4758, 2384
34
2463
6614, 50, 6659, 9965, 7348, 7764, 7607, 3356, 110, 8692, 4412, 9413, 4897, 9415, 8396, 8850, 8106, 6556, 7695, 7419, 8453, 4907, 9175, 4022, 9630, 8873, 8947, 1758, 4201, 7977, 8422, 4971, 3816, 5361, 6346, 1044, 4507, 1565, 4224, 4956, 5922, 2915, 7550
816
4675
5813, 8739, 9884, 3933, 233, 5744, 5552, 1857, 8927, 6148, 3823
6106
8963, 6135, 721, 3374, 8353, 5784, 3283
36, 9802, 5083, 1371, 5907, 322, 6688, 6266, 5831, 9470, 2808, 2598
5588
7198, 4679, 8113, 1883, 8061, 7008, 367, 7002, 9764, 6456, 5025, 9701, 8120, 7500, 1811, 6930, 8268, 2909, 7342, 2580, 5057, 5267
9832, 7705, 5979, 6141, 8621, 9913, 6425, 8618, 9698, 5646, 5830, 4222, 2848, 7741, 434, 7148, 8555, 8627, 8473, 7452, 2479, 7025, 7851, 567, 6474, 5006, 5888, 6998, 2657, 2237, 3810, 6604, 8756, 1438, 5491, 9090, 4250, 3727, 6426, 5508, 7393, 2286
2824
5418, 9768, 6046, 9351, 9743, 7746, 3098, 4276, 9035, 8589, 1687, 8781, 5699, 5191, 2936, 2011, 6636, 5051, 3084
6590, 8830, 1952
9420, 5221, 9028, 1030, 7887, 1269, 895, 6535, 9988, 3459, 8635, 9463, 4277, 5247, 9129, 6332, 9070, 1047, 4909, 2858, 5411, 6781, 5909, 2713, 4304, 3350
9900, 9649, 1884, 2910, 4949, 5516, 163, 9709, 8492, 8391, 281, 8772, 4238, 4587, 3962, 6619, 6562, 4474, 9389, 9058, 8043, 8789, 8659, 3889, 4453, 8389, 911, 7001, 3061, 6080, 7681, 5578, 1999, 3882, 2079, 4171, 5144, 4455, 3500
717
4056, 9703, 6958, 8400, 178, 9740, 6272, 7666, 8095, 9278, 4931, 5314, 6615, 7928, 5803, 8067, 4640, 8553, 7190, 6235, 5662, 3691, 2331, 4158
5413
5654
39
4945, 9029, 9928, 60, 9924, 6973, 1097, 4351, 4970, 8167, 7485, 9011, 4014, 728, 7506, 7967, 8029, 9603, 289, 8691, 9668, 7478, 7556, 308, 8382, 9096, 1313, 7810, 7369, 4851, 3454, 641, 5198, 3027, 8610, 6589, 5342, 9594, 8639, 8794, 8993, 1041, 987, 8563, 998, 8434, 4716, 1173, 2342, 1176, 5998, 7477, 7374, 2206, 5659, 5543, 4170, 2433, 4782, 2676
6437, 5984, 9853, 9821, 4563, 8280, 245, 8064, 6158, 9447, 6517, 4323, 490, 900, 7345, 8375, 2802, 1538, 6982, 6945, 8231, 2226, 5946, 4476
9783, 105, 3869, 7462, 8865
4649
4741
5886, 7827
7272, 202, 3846, 9154, 6852, 1388, 9456, 2277, 8058, 7248, 9558, 6424, 4619
1677
2490
8901, 9221, 9746, 5787, 3908, 3531, 5944, 8260, 750, 6353, 7726, 891, 1625, 5297, 2183
9540
42
942, 1210, 8962, 8889, 4579, 8550
4200
8972, 8356, 7020, 6006, 3475, 9751, 4759, 4739, 5125, 4448, 7287, 2247, 2508, 3496
8999, 6487, 7972, 1557, 7066, 4026, 9963, 4308, 8406, 1989, 7211, 5278, 4114, 6793
9676, 6092, 9367, 9251, 7793, 8839, 9766, 5028, 2705, 332, 9673, 4888, 8332, 5936, 6597, 9067, 2661, 7351, 7469, 6840, 8498, 5251, 3119, 7230, 7138, 2515, 5844
1501
6320, 9168, 6888, 9307, 4347, 4577, 3941, 5119, 1910
7615, 72, 4900, 8556, 4295, 4891
44
3944
4253
5099
9406, 9984, 4364, 1001, 8238, 5286, 3330, 8072, 7417, 3910, 5279, 514, 7153, 5734, 6166, 4818, 1109, 9024, 3921, 5762, 7460, 6075, 3571
45
684
1113, 9361, 7236, 8217, 2385, 1568, 1970
1897
6668, 8361, 7322, 9622, 8090, 6939, 6639, 6434, 7790, 2908, 8436, 6617, 3321, 7971, 9632, 3991, 9445, 2409, 2651, 5902
9509, 8540, 5428, 4545, 3089
9951, 6037, 5348, 3965, 4239, 9037, 2452, 4269, 6193, 8105, 6950, 2163, 6767, 3931, 7849, 4032, 3169, 789, 7124, 7213, 5473, 9754, 8755, 5249
8235, 6887, 9450, 9601, 8653, 7413, 6758, 2419, 7560, 4018, 7541, 3334, 5052, 5590, 6350, 6576
8279, 62, 6441, 9677, 9711, 5464, 8104, 6594, 5881, 8370, 9062, 7669, 6192, 7051, 2698, 1450, 1835, 4033, 5882, 5257
3285
4326
6223, 7062, 9461, 7762, 9616, 2410, 1593, 7948
7363, 9606, 8698, 9023, 7245, 8716, 9242, 3856, 9100, 8078, 1462, 9611, 7167, 4720, 8584, 753, 1236, 8321, 8841, 9296, 3547, 5619, 6551, 8121, 3124, 4062, 3446, 1843, 4152, 4998, 6786, 3398
8169, 4615, 7922, 6191, 7513, 4082, 5976, 238, 9286, 9773, 268, 4870, 7565, 6490, 2412, 7668, 4639, 7372, 2701, 5818, 9877, 2169, 1839, 801, 5514, 4955, 8836, 3726, 1695, 6365, 6022, 9055, 3297, 2117, 4360, 5417, 1995, 2358, 2471, 2849, 2665
48
3737
5117, 7281, 4954, 5843, 5383, 9898, 8376, 9026, 6176, 4813, 7676, 2655, 5809
6776, 6111, 7222, 4953, 9922, 128, 3731, 7909, 3820, 5533, 164, 8505, 9873, 4041, 8813, 199, 2638, 8983, 8626, 8530, 9261, 9563, 5230, 6027, 6611, 8290, 9313, 4267, 5335, 7376, 7283, 1833, 2707, 4772, 4902, 5159, 6541, 6648, 5821, 3715, 2605, 4317, 6044, 3295, 3086, 6872, 2773, 4264
8089, 7127, 7594, 6871, 4889, 3139, 9517, 3277, 5710, 5116
9382, 9874, 7988, 3513, 149, 6725, 6837, 8330, 5983, 5995, 5634, 8919, 1045, 5801
5623, 8036, 5823, 8495, 9365, 9839, 6952, 3106, 1085, 3877
7385, 8031, 7354, 9483, 7466, 4725, 6684, 1262, 4641
8183, 4030, 9642, 3740, 9314, 6823, 3505, 6393, 3070, 7049, 1855, 1969, 5810
170
607
6651, 9217, 7606
6828, 7023, 2119, 5928, 7154, 8785, 7528, 7429, 8324, 9034, 1208, 1280
8133, 5341, 9585, 5728, 339, 8030, 7298, 1014, 8175, 3705, 6621, 4386, 3113
8851, 7918, 6011, 9624, 5111, 3689, 9619, 8938, 9160, 6242, 5996, 7884, 1804, 9013, 6484, 9084, 4839, 4059, 2327, 6384, 3665, 4967, 2844, 2398
51
3870
6579, 5176, 6821, 8997, 6635, 9393, 4210, 8424, 3263, 9560, 8398, 9640, 568, 6313, 571, 734, 8208, 6188, 7410, 2449, 847, 912, 7955, 8097, 3607, 9074, 9806, 5788, 1296, 1376, 7823, 1823, 6609, 4822
8622, 3258, 7863, 8695, 3522
52
542
1971
5790, 7218, 4750, 937, 9485, 2777, 9534, 7573, 5005, 2446, 6377, 5519, 7853, 3747, 7490, 3249
7643, 744
9311, 7775, 9518, 4849, 6825, 8381, 3873, 9098, 824, 6893, 4761
3489
6344, 9940, 7653, 5876, 5272, 9012, 4838, 8418, 6984, 7753, 7120, 7294, 1752, 6285, 3987, 3351
8614, 5114, 9495, 6748, 917
9019, 9105, 1688, 420, 5437, 7856
9835, 6959, 9811, 6954, 6817, 8847, 9556, 8984, 7104, 6406, 8407, 7035, 8870, 2293, 4418, 7288, 1799, 6104, 6086, 9172, 8423, 4483, 7561, 3629, 2571, 3527, 3546, 6846, 5487, 3664, 5398, 3512
54
1466
2988
55
3157
3579
3671
8412, 9163, 7730, 8019, 8415, 1958, 9845, 6219, 4450, 6486, 453, 7058, 2348, 7805, 5009, 8171, 716, 885, 3786, 2097
9329, 7039, 8179, 2223, 4004
56
70
74
5720
8686, 7388, 181, 9614, 8504, 9212, 9451, 8146, 7993, 1055, 9980, 3943, 8190, 5494, 496, 3862, 6977, 726, 6170, 6057, 6386, 2621, 2387, 4149, 3574
57
552
864
4294
5319
8157, 8417, 1983
2852
4692
9468, 8318, 5292, 3264, 2157
59
846
2212
7936, 7798, 9930, 9104, 8508, 5885, 5772, 8862, 1641, 1768, 3319, 9498, 2186, 9899, 9646, 4795, 6157, 3434, 7766, 360, 9349, 6809, 3460, 8788, 6363, 8351, 4876, 4564, 860, 9003, 6729, 1382, 7435, 2343, 8603, 3924, 4340, 3686
8302, 347, 5570, 9047, 4433, 395, 9699, 6799, 7214, 1480, 6780
9780, 5987, 7091, 6970, 5775, 6964, 7979, 4212, 9587, 9497, 8109, 6050, 391, 1713, 9941, 8263, 5115, 3012, 2407, 6733, 671, 2559, 8766, 7771, 955, 8576, 7554, 5239, 6494, 7360, 8684, 7483, 3195, 7706, 4882, 3543, 3171, 5136
2329
3819
7906
61
2394
4123
2325
2958
7331, 8334, 3922, 8358, 9486, 8086, 9788, 7867, 8359, 153, 4028, 5402, 5705, 7682, 9056, 9584, 9583, 6894, 5693, 2178, 7641, 5609, 5779, 9672, 8676, 9914, 5327, 5235, 6149, 1528, 9137, 3180, 9203, 6775, 8430, 8212, 1946, 5545, 1390, 7598, 5791, 6902, 7141, 4146, 2486, 3450, 1900, 4817, 4892, 5685, 5840, 2267, 3408
1484
8219, 7536, 7808, 8835, 9302, 5783, 6629, 8311, 306, 5606, 6757, 9669, 7820, 1639, 3151, 8289, 6596, 3887, 4327, 1962, 9962, 8037, 7879, 3858, 8335, 3946, 3564, 7302, 1874, 3585, 5910, 6623, 6072, 7349, 6278, 2009, 2335
5325, 5084, 9612, 8451, 8954, 7721, 6747, 6449, 9734, 9704, 3185, 7631, 3717, 5548, 756, 1832, 5943, 8559, 9402, 6827, 5223, 4305, 8176, 5358, 1028, 5053, 7663, 2920, 8368, 6705, 7636, 4737, 4848, 1375, 4040, 5505, 4111, 2566
8837, 7590, 433, 2745, 8776, 4142, 7279
65
2012
2663
4367
66
1007
1240, 7516, 9536, 6004, 7592, 1150, 3675, 8055
1526
3637
8965, 293
67
9289, 5299, 5477, 7957, 2574, 4487, 9281, 5113, 7487, 5530
3218
69
3307
6706, 8276, 9615, 5760, 9434, 619, 5725, 4485, 1248, 5096, 5724
7464
9381, 8199, 151, 5527, 6969, 9155, 9776, 6812, 3209, 6585, 1831, 3659, 2315
3911, 6895, 8048, 9148, 2809, 4334, 9354, 8876, 6788, 4344, 8601, 7829, 5013, 9578, 7082, 5901, 2792, 9678, 6482, 7254, 1716, 3269, 4273, 3623, 3587, 5178
4498
71
5905
8320
1444
2992
4722, 9369, 8100
9978, 8816, 5364, 2742, 8885, 7398, 1135, 5585, 1426, 5304
73
2492
8930, 7439, 4265, 8083, 9771, 6712, 9245, 9010, 8565, 7358, 9316, 6529, 5359, 2004, 6083, 4209
379
9493, 9433, 591, 3688, 8643, 6795, 1387
3667
4319
8524, 9852, 6819, 9881, 172, 6390, 4627, 3026, 6769, 2842, 7099, 894, 903, 1536, 3286, 7675, 1644, 1795, 6600, 6700, 6511
752
6047
6634, 4621, 9207, 9112, 5538, 9810, 8041, 4668, 7347, 4550, 3936, 3615
9345, 7268, 1261, 2510
77
719
742
2484
3695
7875, 4584, 9542, 8909, 132, 9722, 6891, 3969, 5468, 4396, 1789, 9507, 597, 9598, 623, 662, 7794, 1199, 7614, 6527, 8829, 1689, 2734, 3504, 4948
78
1161
1281, 8301, 8827, 9469, 1233
2106
6025, 9364, 8854, 7386, 8769, 4087, 6915, 437, 9891, 8094, 2782, 5034, 562, 5210, 5856, 5595, 4081, 3117
9419, 7199, 9557, 5011, 872, 7061
79
3368
80
973
2024, 9981, 8136, 9765, 6951, 7639, 7980, 6978, 5022, 6042, 6156, 1256, 7572, 2539, 4827, 4177, 4185, 7069, 4905, 7998, 6059, 3635, 8700, 6026, 5208, 4451, 4691, 3509
4070
6231
1293
1957
3592
82
1106
5805
83
3583, 8539, 6341, 9844, 5968, 6351, 9530, 8527, 4194, 3197, 7683, 3542, 6033, 1921, 639, 1669, 2588, 6440, 6249, 2873, 9589, 4789, 6628, 4511, 6163, 3746
84
1860
3784
4318
8012, 1935, 8220, 7563, 9114, 9308, 1087, 2305, 7442, 1978, 8475, 1230, 1679, 5190, 6001, 2699, 5518, 5277
85
2624
9036, 7816, 6056
86
7383
89
2801
3787
3928
4232
5336
88
311
2899
6097, 2641
385
2501
4946
7619, 9608, 6672, 319, 9643, 7991, 6785, 458, 6965, 7238, 2847, 908, 4249, 8035, 2630, 4245
7938, 91, 3520, 7087
260
4880
5927
1362
3511
9216, 9770, 8817, 5923, 5643, 9145, 6283, 7854, 4930, 1027, 2281
3672
6980, 2049, 2969, 8605, 4663, 9932, 9362, 5858, 3387, 3161, 5756, 6174, 7420, 6739, 6257
8731, 3868, 7817
93
9993, 8806, 4077, 8931, 6162, 6877, 5166, 6901, 6173, 6839, 7929, 4773, 6923, 2785
8269, 9744, 6199, 506, 747, 2947, 3765
8448, 6961, 9885, 7889, 5495, 6294, 7210, 7273, 4873, 8655, 8616, 8580, 1754, 7672
9253, 6068, 7904, 4677, 4790
9667, 8087, 8236, 5294, 8620, 3785
3041
6303, 8160, 1615
7461, 7387, 9628, 5222, 9068, 7522, 5481, 4049, 3609
8675, 6900, 8822, 7297, 5750, 2599
572
8367, 6288, 9480, 1051, 1733, 6671, 1286, 1302
97, 9516, 3850, 2760, 8902, 1076, 7815
868
5070, 7319, 8377, 6335, 9923, 9048, 9097, 8023, 3663, 9150, 4657, 5373, 4394, 3758, 9477, 1738, 3008, 4113
5898
98
5837
4473
4631
5268
858
3603
101
936
2712
4541
7105, 6039
102
4566, 9462, 8701, 253, 6505, 5140, 8853
4964
2683
9363, 8880, 8129, 5748, 4203, 4896, 3563, 9531, 7612, 5757, 9144, 6435, 2026, 6787, 5275
606
3256
4523
2003
5853, 9395, 5893, 8488, 7838, 2956, 7780, 5912, 5820
7164, 5217
106
2105
4837
6380, 6492, 9466, 4213, 6305, 5731, 3413, 4377, 9675, 6181, 6502, 8491, 430, 8192, 7266, 9494, 7934, 714, 8571, 7931, 1068, 1307, 6040, 4470, 2845, 7431, 2175, 3677, 4490
9423, 1654
107
108
174
187
1430
5718
8148, 964
8502, 7296, 9366, 9644, 7704, 6905, 3694, 1048, 6021, 2627, 5988, 4556
109
975
1405
2372
4468
4120
5937, 3822, 7983, 9247, 8831, 2755
111
3540
4094
8779, 124, 7084, 9508, 3590, 5502, 6878, 4711, 615, 4883, 5353, 6202, 8971, 6331
2877
4887, 5129, 9894, 8664, 1211, 4355, 5506, 4598
9793, 6357, 2383, 5580, 8170, 8005, 2413, 9473, 577, 5472, 3897, 6131, 2189, 2668
3751
114
881
3191
4457
4491
6107
1645
3144
3560
3630
5047
6844, 334, 9188
116
1685
2986
3365, 9636, 8774, 9460, 4196, 1781, 6868
4611
9529, 6854, 9479
9886, 9748, 8531, 179, 3329, 8188, 8649, 533, 6175, 594, 6187, 7188, 6438, 8128, 4799, 6942, 4570, 6591, 2184, 2704
117
1637
2261
2957
3824
118
1163
1601
3895
4089
6227
8884, 3043, 4572, 9841, 1632, 4292, 7761, 6545, 1020, 7868, 3829
119
3331
9025, 143, 9953, 1075, 4582, 6956, 6937, 299, 697, 7713, 7102, 7530, 1414, 5850, 4879, 5120
3266
4221
8432
121
1945
122
231
4122
4832
123
957
1107
1575
1787
3155
3923
125
3033
4017
9655, 8722, 7932, 9446, 2307, 8594, 5347, 6115, 5048, 9736, 2196, 1253, 7498, 1299, 7751, 6411
126
1183
2355
2562
2691, 6090, 9299, 7191, 9850, 5420, 7100, 9115, 7698, 7137, 5461, 2591, 7673, 4119, 8808, 7625, 5448, 4230
7168, 2529, 9215, 5226
954
1138
3728
5828, 4520, 9149
7544
130
1320
2722
2087
8315, 4065, 9647, 6091
2870
9592, 5770, 7857, 7455, 8528, 6273, 2744
133
134
2236
2321
6109
7778, 7835, 6816, 9548, 7065, 7409, 7873
135
383
2549
4600
5717, 2820, 5367, 2368, 9410, 9580, 6931, 3624, 4589, 862, 8940, 8522, 5483, 2776
8119, 3471, 1866, 9189, 8519, 7860, 8296, 1555, 2273, 3775
814
3320
5039
8985, 6304, 6631, 7497, 6453
819
2682, 871, 1834, 2736, 493, 9758, 6423, 8438
4527
5276
8707, 7225, 8020, 9194, 7496, 540, 9661, 2646, 7481, 2679, 6540
138
3383
7463, 8390, 978, 7995, 8753
139
2102, 9663, 7616, 6458, 8474, 7366
4339
5610, 9574, 5631, 8562, 9185, 7604, 4127
5752
141
865
2153
142
5152
5387, 648
5878
9575, 7710, 7924, 7377, 6416, 1394, 5195
1098
1599
144
4559
9983, 7825, 8159, 5565, 9018, 4291, 5433, 551, 5758, 8214, 7940
145
1963
2461
3373
3781
146
436
5036, 6843
5628
8866
147
1472
2533
4698
5653
148
1354
3477
9182, 307, 6041, 9310, 6024
1315
1722
1825
150
1017
4429, 8015, 1853
8763, 5460, 9956, 7505, 5671, 4001, 1879, 6160
784
1378
2322
5001
5700
2193
2434
4174
5261
9005, 7356, 1542, 8667
6595
205
5209
155
1675
2264
156
2890
4354
6633
157
2846
5265, 7950, 2783, 3465, 9386, 6805, 3318
158
3963
4266
159
1511
4504
8922
160
203
2126
2284
3953
4885, 6417, 8892, 6015, 9702, 4392, 4454
8131, 4918
162
270
4298
5672, 3550
5941
389
4110
6084
1050
1602
4086
4807
165
6653
166
1091
1888
2512
2650
2694
1059
168
4812
7880, 9166, 4009
169
1497
2346
4172
171
1298
2459
3569, 9195, 7172, 770, 9065, 3800, 3753
4612
4865
974
1700
4710
5867
480
175
2916
8365, 7337, 3265
9730, 8007, 1849, 1683, 7621, 5603, 6448
176
3107
5410
8111
8752, 646, 9625, 4811, 6048
651
1088
180
1750
6899, 9049, 9503, 2334, 3203
415
3621
182
183
184, 8668, 9241, 5476, 874
408
7130
185
859
2727
186
3006
5974
1102
2821
7044
7763, 7317, 6151
188
3130
4084
1171
2062
9496, 5138, 2176, 7956, 1836, 9001, 2933, 4076, 4560, 3002, 5350
191
1864
2020
4037
5600, 5624, 5866
192
2345
5677
193
361
1894
3735
5817
194
643
1196
2444
9205, 866
195
1560
2905
5869
198
633
2443
266
4479
6096
201
8914
9078, 8552, 3988, 5496
1071
6065, 8926, 1817, 6806, 5802, 2210
8338
381
929
1038
2436
5655, 4859, 9840, 5963, 2359
5709
8489, 230
5385
7371, 5234
206
375
1513
8237, 6943
207
3011
3066
4029
1389
1673
2737
2976
583
210
356
6850
2071
2366
3443
212
4516
9183, 222, 8478
213
9610, 294, 3038, 7252, 6935, 315, 7253, 6603, 6656, 7745, 5010
216
224
3920
5697
3516
4594
219
2207
2467
4858
220
3424
4035
2187
2480
3832
4260
223
564
628
1734
4823
1588
225
2319
227
1540
7447, 5511, 8271
8557, 8798, 9297, 9156, 8143, 6778
9435, 4417, 8145, 7286
228
1634
229
386
2477
3444
232, 8221, 2626
825
1056
2897
915
4552
234
6213
610
2150
2756
700
237
585
924
6481
240
501
2134
241
1719
5407
5617
8920
1178
4243
243
1856
6309
4781
6908
8461, 6036
9184, 4151
246
1551
247
574
1332
248
2228
4383
5523
249
397
812
9595, 2312, 5549
251
2789
2953
8025
4874
6789, 7280, 9418, 9656, 6144, 795, 8623, 2416, 2595, 1213, 3028
8749, 8408, 3348, 7109, 4100
254
1448
2495
3231
6990
255
1351
8298, 2886, 9416, 3634, 8989, 3241, 5845, 2581
256
8773, 7819, 762, 7773
257
979
258
2569
3202
5753
261
1011
4893
2696
263
7047
9476, 5133, 5003, 4067, 1003, 5839, 7933, 4406, 5194
264
1239
2053
3795
285
3288
5090
2732
3389
5160
486
2430
5379
269
541
1867
2396
5706
271
2951
3708
4058
272
1301
5663
274
3487
5792
275
276
2612
3399
8903
706
949
4079, 9812, 3148, 6582, 6253, 3336, 2229, 6243, 8905, 1605, 6452, 3845, 4121, 8578, 4661
5838
278
3906
3930, 8916
4745
279
280
2007
4440
1569
3712
5049
5620
1361
2853
3657
282
3193
283
2819
3616
5871
284
1646
1818
286
4252
287
2435
2445
2925
3417
288
679
4567
1667
3225
7939
3242
292
5875
8786
424
2453
2069
2142
296
2149
3557
297
321
1303
1802
1749
8340
300
1383
2167
2907
4738
9230, 708, 2283, 5423
301
2402
2654
302
1777
303
1619
3902, 7700, 8174
304
3680
4188
1587
7767, 8079, 7509, 4518
2090
3233
3940
4088
310
1532
3490
6078
553
7935
8529
312
2523
4137
4492
5312
7623, 6782
4432, 907, 3310
5264
314
1384
9506, 4929, 3591, 5086, 5384, 5446, 467, 8464, 9791, 600, 3024, 7323, 2674, 8206, 7149, 7318, 6264, 5316, 3989, 9564, 3501, 1973, 4241, 2154
2138
316
2577
6983
3719
318
4015
7223
9081, 4742, 7456, 1552, 3457
320
1032
6268
8846
1770
8033, 9134
2344
2551
323
771
324
3385
7945
326
704
1421
2013
327
4777
7525, 5714, 6074
8045, 9046, 9392, 1635
2405
329
765
5835
330
3121
331
4944
1727
6904, 6707
8804, 2541
5328, 5811, 2906
7019
449
4388
335
3105
336
1745
1870
2997
337
2526
2872
5258
5931
338
2084
2615
3782
4011
341
3111
5245, 1192
342
727
1457
2689
343
7260, 9682, 8613, 8304, 6504, 4382, 7774, 4197
4601
1610
2058
852
3464
3791, 1626, 1177
794, 3125
3709
4066
4375
352
353
5872
8345, 6226, 5822
355
1549
2876
3837
358
357, 8896
4289
5972
7012
918
2536
359
4093
715
4499
3015
362
3918
4368
6034
363
1984
4242
364
1012
365
4398
5055
366
5179, 1133, 9101
368
6645
370
371
2841
373
2422
2600
4436
4620
1344
6697
376
2946
378
3358
4438
1084
1539
2019
2603
4275
6340
382
469
613
2251
2740
5458
7118
599
2099
4575
1395
387
388
1105
7041, 6794, 2818
4605
3732
3750
392
3769
393
6306
394
2392
1611
396
1329
398
3640
400
821
1518
2544
3244
4684
402
2103
5550
1134
1141
4804
7973, 4562, 4921
404
8586, 7344, 4756, 6724
406
1714
2211
407
2313
2753
1419
2352
3031
409
1510
1436
411
1527
5024
5629
1544
2752
413
614
2100
4694
6095, 1043, 7021, 8814
414
3521
7404, 6643
417
1564
1500
3378
764
5622
421
1158
2023
2048
422
1120
2014
757
425
3654
426
5262
6028
427
3685
4003
431
5307
5887
6099
432
1711
2763
4754
2429
1066
4982
735
2769
3859
5066
535
440
1162
2647
4012
441
1125
1607
1470
7013
2972
446
738
2303
2868
447
4293
4219
920
2005
5201
722
2374
5953
2804
455
2553
456
4189
457
822
5157
459
1364
3382
461
5074
1643
1325
2379
464
465
3985
5293
466
5338
468
3226
4995
470
1227
3535
4522
5207
471
472
3058
473
474
479
2421
4578
476
4302
2653
2708
5212
5280
478
1284
1333
481
1061
483
927
4442
485
6276
487
1111
488
3598
2364
491
580
2469
3109
492
3929
495
2232
2257
2466
4132
4244
1373
6616
8281, 7953, 7208
545
3299
503
1881
2440
5569
504
558
3300
505
2225
6051
507
4636
508
509
1495
2564
5812
1070
3230
511
4092
513
2556
4050
5520
516
1863
517
1451
4915
518
2825
3359
519
4712
4831
5229
521
5182
5925
4551
523
642
1160
3168
524
526
2960
527
1720
1922
3316
3975
529
2389
530
1104
2695
5189
6222
532
534
2706
5200
644
3418
3679
536
4381
539
969
1289
2027
5177
2147
4593
988
1385
544
546
4862
547
548
4160
3653
9116
550
4330
5302
1997
554
1698
2828
4966
1101
1379
559
586
1331
4645
560
1764
2129
3165
561
6455
2896
5612
6746
7247, 7736
8844, 7803, 7597
566
2961
3467
3292
861
3905
570
4517
4778
984
573
2814
5346
5562
4413
1224
576
650
3556
3156
2894
5583
581
1562
3525
1365
3867
8743, 5926, 1468, 7785
584
4537
6870
4380
587
1159
588
589
3056
1622
3568
592
1819
963
1067
2944
595
2766
3797
6689
596
1202
598
1778
2122
3762
3532
870
1149
4633, 5171
8017, 3959
601
1837
602
3792
603
2073
6123
604
2948
5042
9235, 3298, 5863
2468
4496
611
3599
612
702
4101
3425
2082
3083
617
680
5789
618
1062
3430
654
4480
620
1326
621
1514
1920
2047
625
626
2375
627
1148
1238
5618
1343
629
1089
4356
6360
630
5949
7601
1761
4723
632
635
2332
636
1026
2234
638
4173
4353
1031
4467
640
1268
1403
7624
1529
1201
8420
645
3865
647
1651
2450
1844
652
3515
4825
2086
986
1002
1205
3651
1069
1496
6491
3021
664
665
3507
4820
666
2911
667
3138
3395
668
938
4379
669
2622
1018
4085
672
673
720
3261
3805
674
675
1767
4947
676
678
1429
3600
805
3473
5919
1642
2276
5153
1868
4237
4637
1156
1815
5088
690
691
2133
5581
5740
693
2249
695
1814
696
2270
4765
7818
1117
1590
699
1736
3068
993
2666
4549
6326, 8295
703
705
3584
707
3626
4962
6189
6575
6612
1583
710
1686
7438
3080
712
713
2964
2725
3915
6720
3123
1132
2310
1381
5637
6508
723
968
2140
5381
725
2006
4430
5729
3578
733
1139
1933
2604
4445
1808
736
1360
3794
6325
2719
2816
741
5681
806
2610
7739
745
4540
1350
2076
3827
1785, 8843, 8650
749
1826
1609
2788
4161
751
3493
3528
4006
754
755
1322
5453
758
3632
759
4534
761
2993
1592
3122
763
2203
2289
3601
6920
4815
5621
767
5649
4373
4816
3815
5525
772
1936
3986
791
1312
3136
3625
777
3957
778
1000
3652
779
1228
2294
4519
781
4155
782
4603
783
4497
1779
786
3332
1616
790
1049
2109
792
1608
5911
3566
1620
796
1170
2371
798
811
2962
800
2926
4788
1680
3885
804
3469
807
5037
2439
810
3405
5597
4370
3996
815
3872
817
818
4179
820
5370
1094
823
7401, 6968
826
829
830
2730
8682
1938
1042
835
837
5162
838
839
1573
2231
2938
5126
841
853
7056
842
989
2274
3891
1788
4372
6721
848
1169
1558
1706
850
1968
856
2221
1093
4525
854
5150
855
1697
2586
857
2998
3643
4135
863
946
2136
5613
869
2442
3282
2108
6917
4217
2021
3175
2260
7234
1370, 8803
877
1665
2481
879
4642
882
6066
4803
1249
2589
7228
887
2400
889
1090
2758
892
2034
4794, 1502, 5806
893
982
1865
2018
3655
896
3235
897
2017
5846
1040
2680
2074
2061
2205
5211
902
4791
3386
7357
1972
3222
1908
909
2032
1724
913
1584
2259
1413
916
3926
4446
1917
919
1566
2437
3271
923
1530
4389
4852
925
926
3683
3082
928
3486
3554
931
2230
1990
1247
934
935
941
1741
943
944
2805
945
2863
1638
4538
4830
7811
947
2252
948
2339
4279
3828
950
2215
3893
2188
958
2923
1930
960
5727
961
962
4366
4471
966
2611
2687
3772
4034
970
1830
3207
971
3174
2634
4306
977
5435
9220
980
1877
8003
983
1964
985
1746
2373
990
991
2765
3128
994
2917
1621
999
4586
3814
1459
1004
2263
3199
4395
1006, 6200
1576
1009
4961
1010
3304
1052
1456
1911
1015
1398
1016
1128
3478
3313
1021
1022
1023
5438
2945
3711
1782
2165
2519
2837
1668
3809
1498
1759
2629
1036
1474
3050
3376
1037
2043
3187
3303
3956
8186
1631
2796
6503
2850
1053
1786
1054
1659
1918
6430
4202
1060
2883
2995
4437
2982
4866
1065
2309
2770
1252
2222
2921
1072
6362
1073
5708
1074
4731
1077
1078
1661
1081
1151
1653
2616
3355
1314
1234
1443
1092
5224
1157
3999
1095
1096
5522
1099
1898
2761
2731
3220
4073
5030
1103
3881
3296
2996
2093
3001
4524
1516
5027
1988
1116
2240
2498
1119
2669
1121
4287
1122
1762
1896
1123
3007
1124
1934
1127
1129
1710
3847
2557
3518
1136
2635
1250
3196
4733
1142
4270
1715
1145
4331
1146
7311
1147
1891
3018
1152
1153
3721
4431
1154
1300
1246
1534
4963
3205
3234
2031
4303
3573
2476
4131
1167
4341
1692
4415
1617
5829
1174
4996
1369
2952
1184
3610
5142
5730
4500
1772
3779
1880
1190
3913
1191
2275
3052
3448
6432
1334
1944
6116
2749
1204
1488
1490
1206
2869
1207
5185
2474
3059
2892
1214
2859
1215
2333
4020
4912
2795
1219
1974
3363
1221
8824
2885
1223
1751
1226
4010
1229
1949
1232
1981
1235
1417
1533
1237
2889
3416
3840
1242
1503
8881
1244
4863
3065
3551
1271
1672
3221
1887
2209
3538
7412
1257
2241
3618
1260
4064
1263
2645
1264
5652
2115
5959
1267
3697
2269
2160
2965
4938
2068
2675
2686
1947
2280
2046
2786
3344
5077
2233
2507
1285
1288
1290
1291
1292
4977
1294
5703
3403
2393
1304
6522, 7568
3114
4599
1309
1310
1435
2130
4748
1703
1766
3474
1319
1471
1323
3236
1324
2743
1327
1821
1328
2520
5007
1335
2729
3770
1337
2724
3278
1339
3452
5773
5970
6197
3090
1346
4769
3081
1355
1356
1732
3510
3491
3237
3060
1477
1368
5351
2428
2618
3992
1372
3729
1377
4951
2711
1441
3367
1613
3808
2155
4643
5542
6934
1396
1402
1406
1407
1408
1541
2454
1454
3839
6447
1424
1427
3216
1431
4422
1432
2173
5106
1434
1827
2855
2700
1439
3484
1442
5466
1446
2033
1447
1449
3379
7068
1455
2590
1980
2983
5932, 5404
2806
1519
1464
1465
3009
1467
1469
2080
2834
1858
1937
1473
1475
1476
3693
1483
1780
1489
4583
1640
1492
3724
2497
1505
3003
3767
1508
2587
4350
3120
1515
1517
1522
1525
3742
6662
1582
5419
2977
2764
4255
2131
1546
1929
2856
4434
1548
1550
1553
1771
1559
2324
2594
3497
2038
3730
5135
1578
2124
5977
1581
2768
5067
1586
4574
5250
5180
1591
4776
1594
1595
2395
1597
1600
2487
3706
1913
4530
1604
2602
4399
2378
2950
1701
2489
4075
5188
4234
5315
1629
2457
3976
2688
3773
2851
2248
3255
6217
4263
2397
1655
2928
1932
1664
2170
1666
1699
2171
3841
2864
4390
4607
4978
3853
2741
2139
2482
1694
2064
3517
2253
3432
1696
4482
2415
3577
1704
4307
1708
2285
1709
3004
6457
3874
3315
1721
1726
4613
1728
2656
2871
1729
4039
2040
2839
1743
3437
1747
4984
1753
1895
4708
4732
3262
4662
1769
2625
1773
3934
1775
1776
3468
1783
3848
1784
2054
1800
6764
1793
2059
1798
4280
1806
2323
3284
1810
1816
3890
4400
3482
5532
1829
4083
4211
5187
3291
3194
1840
1842
1846
1851
1854
3952
4478
5782
3135
1869
6740
4349
5539
2623
2066
3032
1892
2718
1893
2975
2065
2966
4134
2887
3420
3533
1899
3703
5439
5459
1901
2198
1904
1905
1909
1912
3053
1914
2070
1924
4271
2418
3306
3149
2242
1950
1951
3101
3309
1955
2540
2216
1982
5854
3200
2576
1996
2000
2001
3981
2660
2202
2702
5203
2866
2028
3375
2037
3888
4786
2239
4881
2750
2051
2052
4130
4452
2715
2060
2314
2214
3360
3141
2072
4908
3949
2670
3479
2089
2904
2709
2716
2110
5443
5436
2112
2113
3345
2121
2431
3788
4458
2127
2128
4036
4922
3575
2137
2664
2143
4466
7057
4008
3581
2164
3287
3010
2266
3899
2192
2290
3314
2194
3699
3778
4727
3040
4163
2213
2235
3030
2227
4774
4503
3755
2245
2350
3783
2271
2272
3456
2380
2306
2308
3880
3401
4486
3023
2341
2369
2376
2363
2772
5354
3097
2521
3771
3062
2420
2424
5493
3780
3198
2717
4097
2493
2817
3744
2504
3354
3063
5018
5332
3875
2583
2560
3322
2563
4259
2971
2578
3757
2584
3811
3605
2592
3260
4444
2831
3774
5089
2652
2979
3143
3092
2677
3502
2684
5503
5500
2703
4997
2726
3716
3158
2738
2739
4192
2748
2778
2784
5394
6581
3353
2857
3644
2860
3076
3445
2949
3074
4090
2984
3451
3388
3631
3311
3100
4286
3112
4054
3674
4547
3463
3162
4681
3192
3219
3324
3281
3293
3301
3337
3338
3346
3429
4052
4296
3710
3660
3861
4144
5205
