1	41 
2	132 
3	146 
4	32 
5	14 
6	112 
7	157 
8	180 
9	38 
10	90 
11	19 
12	199 
13	134 
14	117 
15	144 
16	88 
17	68 
18	80 
19	162 
20	158 
21	109 
22	34 
23	28 
24	43 
25	133 
26	162 
27	193 
28	53 
29	178 
30	151 
31	149 
32	144 
33	164 
34	50 
35	68 
36	107 
37	84 
38	114 
39	1 
40	167 
41	49 
42	139 
43	42 
44	56 
45	171 
46	85 
47	66 
48	171 
49	156 
50	92 
51	53 
52	73 
53	204 
54	61 
55	205 
56	88 
57	43 
58	191 
59	131 
60	177 
61	143 
62	66 
63	19 
64	69 
65	56 
66	118 
67	147 
68	186 
69	149 
70	64 
71	89 
72	71 
73	13 
74	71 
75	129 
76	74 
77	118 
78	41 
79	188 
80	46 
81	167 
82	139 
83	182 
84	55 
85	110 
86	60 
87	141 
88	16 
89	30 
90	110 
91	127 
92	90 
93	169 
94	65 
95	198 
96	77 
97	31 
98	10 
99	150 
100	165 
101	103 
102	156 
103	189 
104	71 
105	83 
106	115 
107	110 
108	13 
109	197 
110	19 
111	41 
112	180 
113	82 
114	179 
115	175 
116	138 
117	74 
118	75 
119	69 
120	11 
121	34 
122	185 
123	50 
124	160 
125	105 
126	45 
127	61 
128	44 
129	63 
130	182 
131	71 
132	80 
133	181 
134	34 
135	120 
136	200 
137	175 
138	101 
139	206 
140	101 
141	202 
142	91 
143	157 
144	87 
145	201 
146	82 
147	79 
148	18 
149	176 
150	186 
151	58 
152	125 
153	202 
154	156 
155	86 
156	172 
157	129 
158	187 
159	129 
160	54 
161	61 
162	186 
163	121 
164	205 
165	149 
166	60 
167	49 
168	171 
169	21 
170	80 
171	1 
172	137 
173	44 
174	200 
175	33 
176	89 
177	205 
178	9 
179	199 
180	151 
181	183 
182	185 
183	183 
184	183 
185	6 
186	205 
187	204 
188	21 
189	171 
190	123 
191	79 
192	146 
193	197 
194	31 
195	84 
196	157 
197	12 
198	162 
199	206 
200	109 
201	101 
202	82 
203	185 
204	63 
205	68 
206	168 
207	131 
208	109 
209	78 
210	91 
211	55 
212	119 
213	175 
214	56 
215	66 
216	171 
217	16 
218	139 
219	131 
220	8 
221	205 
222	116 
223	170 
224	17 
225	75 
226	166 
227	161 
228	92 
229	76 
230	155 
231	106 
232	158 
233	17 
234	140 
235	190 
236	112 
237	195 
238	3 
239	17 
240	21 
241	168 
242	80 
243	104 
244	130 
245	64 
246	110 
247	6 
248	177 
249	198 
250	102 
251	102 
252	158 
253	84 
254	154 
255	21 
256	41 
257	76 
258	55 
259	13 
260	153 
261	74 
262	130 
263	58 
264	206 
265	34 
266	191 
267	80 
268	134 
269	112 
270	68 
271	164 
272	139 
273	66 
274	206 
275	123 
276	133 
277	139 
278	111 
279	95 
280	201 
281	91 
282	125 
283	182 
284	42 
285	43 
286	15 
287	175 
288	9 
289	195 
290	85 
291	121 
292	175 
293	178 
294	7 
295	2 
296	101 
297	108 
298	30 
299	185 
300	142 
301	61 
302	162 
303	69 
304	137 
305	86 
306	85 
307	19 
308	188 
309	122 
310	58 
311	171 
312	53 
313	123 
314	57 
315	60 
316	154 
317	84 
318	193 
319	199 
320	46 
321	118 
322	57 
323	194 
324	83 
325	106 
326	118 
327	35 
328	199 
329	80 
330	43 
331	69 
332	197 
333	34 
334	14 
335	69 
336	113 
337	47 
338	64 
339	175 
340	57 
341	196 
342	57 
343	75 
344	131 
345	105 
346	80 
347	100 
348	169 
349	178 
350	152 
351	141 
352	177 
353	44 
354	71 
355	71 
356	172 
357	192 
358	106 
359	107 
360	11 
361	60 
362	181 
363	21 
364	136 
365	126 
366	206 
367	41 
368	201 
369	2 
370	104 
371	181 
372	103 
373	201 
374	66 
375	136 
376	190 
377	47 
378	90 
379	81 
380	106 
381	78 
382	175 
383	78 
384	42 
385	44 
386	13 
387	65 
388	137 
389	58 
390	15 
391	203 
392	87 
393	49 
394	102 
395	38 
396	82 
397	142 
398	41 
399	81 
400	31 
401	123 
402	175 
403	127 
404	44 
405	33 
406	72 
407	129 
408	121 
409	18 
410	159 
411	41 
412	171 
413	142 
414	95 
415	84 
416	135 
417	166 
418	183 
419	152 
420	112 
421	201 
422	66 
423	198 
424	72 
425	165 
426	19 
427	103 
428	39 
429	201 
430	175 
431	198 
432	146 
433	106 
434	139 
435	79 
436	164 
437	53 
438	45 
439	160 
440	132 
441	82 
442	201 
443	112 
444	62 
445	11 
446	133 
447	152 
448	191 
449	142 
450	144 
451	174 
452	26 
453	98 
454	71 
455	122 
456	81 
457	169 
458	7 
459	62 
460	174 
461	177 
462	185 
463	106 
464	72 
465	172 
466	20 
467	8 
468	199 
469	15 
470	190 
471	177 
472	167 
473	28 
474	167 
475	84 
476	55 
477	74 
478	178 
479	185 
480	78 
481	19 
482	199 
483	81 
484	15 
485	33 
486	22 
487	163 
488	69 
489	64 
490	167 
491	141 
492	106 
493	150 
494	85 
495	142 
496	154 
497	2 
498	119 
499	13 
500	136 
501	43 
502	8 
503	193 
504	90 
505	201 
506	182 
507	157 
508	14 
509	111 
510	18 
511	73 
512	179 
513	142 
514	84 
515	80 
516	73 
517	83 
518	73 
519	188 
520	155 
521	167 
522	20 
523	150 
524	185 
525	137 
526	33 
527	199 
528	85 
529	38 
530	195 
531	84 
532	202 
533	152 
534	30 
535	123 
536	142 
537	50 
538	86 
539	172 
540	103 
541	61 
542	109 
543	185 
544	122 
545	94 
546	175 
547	38 
548	22 
549	182 
550	140 
551	88 
552	110 
553	158 
554	147 
555	143 
556	206 
557	161 
558	17 
559	161 
560	123 
561	49 
562	127 
563	24 
564	180 
565	156 
566	35 
567	153 
568	42 
569	43 
570	170 
571	174 
572	162 
573	38 
574	177 
575	38 
576	191 
577	205 
578	113 
579	34 
580	139 
581	19 
582	201 
583	85 
584	131 
585	136 
586	87 
587	28 
588	46 
589	205 
590	140 
591	139 
592	45 
593	97 
594	19 
595	137 
596	141 
597	98 
598	110 
599	122 
600	58 
601	38 
602	14 
603	97 
604	62 
605	38 
606	175 
607	150 
608	171 
609	200 
610	45 
611	43 
612	5 
613	58 
614	122 
615	181 
616	10 
617	175 
618	153 
619	180 
620	142 
621	107 
622	46 
623	90 
624	202 
625	111 
626	63 
627	137 
628	122 
629	89 
630	22 
631	52 
632	150 
633	98 
634	56 
635	74 
636	112 
637	190 
638	171 
639	185 
640	193 
641	199 
642	65 
643	94 
644	40 
645	184 
646	154 
647	36 
648	63 
649	189 
650	127 
651	131 
652	9 
653	126 
654	31 
655	41 
656	138 
657	84 
658	20 
659	132 
660	45 
661	35 
662	107 
663	60 
664	64 
665	182 
666	22 
667	110 
668	200 
669	17 
670	155 
671	4 
672	31 
673	138 
674	155 
675	130 
676	64 
677	58 
678	65 
679	104 
680	206 
681	84 
682	95 
683	81 
684	162 
685	98 
686	70 
687	185 
688	93 
689	152 
690	51 
691	167 
692	179 
693	27 
694	69 
695	28 
696	155 
697	37 
698	155 
699	32 
700	67 
701	64 
702	31 
703	168 
704	118 
705	136 
706	44 
707	26 
708	143 
709	3 
710	51 
711	95 
712	56 
713	181 
714	198 
715	154 
716	3 
717	34 
718	34 
719	154 
720	201 
721	176 
722	162 
723	69 
724	158 
725	41 
726	164 
727	35 
728	125 
729	60 
730	162 
731	121 
732	5 
733	31 
734	108 
735	177 
736	121 
737	18 
738	56 
739	67 
740	76 
741	191 
742	178 
743	50 
744	192 
745	190 
746	186 
747	185 
748	105 
749	133 
750	147 
751	184 
752	161 
753	6 
754	128 
755	103 
756	21 
757	13 
758	49 
759	198 
760	41 
761	108 
762	121 
763	204 
764	156 
765	11 
766	41 
767	135 
768	75 
769	45 
770	27 
771	99 
772	92 
773	101 
774	150 
775	22 
776	2 
777	156 
778	51 
779	120 
780	39 
781	118 
782	89 
783	190 
784	155 
785	192 
786	72 
787	46 
788	21 
789	15 
790	162 
791	83 
792	159 
793	175 
794	128 
795	131 
796	77 
797	102 
798	71 
799	38 
800	185 
801	171 
802	16 
803	21 
804	106 
805	89 
806	30 
807	90 
808	205 
809	13 
810	175 
811	107 
812	82 
813	14 
814	115 
815	164 
816	53 
817	118 
818	95 
819	53 
820	15 
821	85 
822	16 
823	162 
824	142 
825	109 
826	46 
827	132 
828	186 
829	51 
830	94 
831	89 
832	107 
833	129 
834	190 
835	27 
836	180 
837	99 
838	195 
839	126 
840	48 
841	163 
842	33 
843	33 
844	19 
845	141 
846	199 
847	186 
848	72 
849	108 
850	129 
851	112 
852	107 
853	84 
854	198 
855	180 
856	80 
857	133 
858	46 
859	188 
860	92 
861	170 
862	138 
863	163 
864	201 
865	204 
866	71 
867	27 
868	186 
869	53 
870	175 
871	184 
872	116 
873	125 
874	43 
875	65 
876	11 
877	121 
878	15 
879	201 
880	131 
881	66 
882	106 
883	15 
884	121 
885	66 
886	76 
887	121 
888	13 
889	142 
890	37 
891	43 
892	64 
893	21 
894	113 
895	122 
896	9 
897	35 
898	156 
899	185 
900	75 
901	142 
902	59 
903	53 
904	155 
905	104 
906	97 
907	7 
908	34 
909	167 
910	177 
911	121 
912	117 
913	136 
914	42 
915	115 
916	186 
917	57 
918	107 
919	64 
920	14 
921	79 
922	118 
923	190 
924	89 
925	58 
926	13 
927	177 
928	186 
929	30 
930	61 
931	131 
932	49 
933	200 
934	8 
935	13 
936	193 
937	87 
938	63 
939	158 
940	21 
941	13 
942	185 
943	46 
944	169 
945	154 
946	45 
947	142 
948	6 
949	110 
950	2 
951	82 
952	134 
953	149 
954	199 
955	20 
956	121 
957	136 
958	147 
959	138 
960	21 
961	68 
962	107 
963	184 
964	88 
965	137 
966	99 
967	142 
968	105 
969	68 
970	49 
971	182 
972	184 
973	31 
974	88 
975	61 
976	142 
977	90 
978	118 
979	21 
980	23 
981	35 
982	110 
983	162 
984	90 
985	139 
986	18 
987	49 
988	186 
989	118 
990	172 
991	69 
992	193 
993	173 
994	26 
995	85 
996	61 
997	115 
998	162 
999	2 
1000	169 
1001	28 
1002	92 
1003	38 
1004	206 
1005	140 
1006	175 
1007	194 
1008	84 
1009	151 
1010	62 
1011	169 
1012	123 
1013	201 
1014	92 
1015	145 
1016	141 
1017	83 
1018	129 
1019	142 
1020	172 
1021	92 
1022	142 
1023	121 
1024	120 
1025	137 
1026	157 
1027	185 
1028	64 
1029	126 
1030	178 
1031	33 
1032	198 
1033	38 
1034	205 
1035	164 
1036	127 
1037	165 
1038	88 
1039	110 
1040	14 
1041	85 
1042	88 
1043	123 
1044	61 
1045	131 
1046	139 
1047	168 
1048	78 
1049	185 
1050	76 
1051	19 
1052	154 
1053	166 
1054	66 
1055	45 
1056	41 
1057	190 
1058	97 
1059	73 
1060	21 
1061	83 
1062	1 
1063	42 
1064	198 
1065	50 
1066	79 
1067	88 
1068	25 
1069	59 
1070	140 
1071	187 
1072	81 
1073	139 
1074	86 
1075	93 
1076	160 
1077	47 
1078	205 
1079	171 
1080	79 
1081	158 
1082	44 
1083	148 
1084	171 
1085	28 
1086	199 
1087	131 
1088	109 
1089	21 
1090	145 
1091	83 
1092	107 
1093	58 
1094	55 
1095	54 
1096	206 
1097	17 
1098	56 
1099	190 
1100	84 
1101	176 
1102	164 
1103	45 
1104	194 
1105	51 
1106	35 
1107	190 
1108	15 
1109	38 
1110	77 
1111	115 
1112	164 
1113	77 
1114	17 
1115	206 
1116	148 
1117	62 
1118	64 
1119	41 
1120	149 
1121	116 
1122	103 
1123	19 
1124	139 
1125	137 
1126	185 
1127	121 
1128	70 
1129	172 
1130	166 
1131	164 
1132	38 
1133	137 
1134	141 
1135	79 
1136	112 
1137	113 
1138	30 
1139	21 
1140	87 
1141	117 
1142	24 
1143	67 
1144	56 
1145	136 
1146	69 
1147	48 
1148	206 
1149	121 
1150	80 
1151	115 
1152	71 
1153	131 
1154	19 
1155	123 
1156	201 
1157	35 
1158	45 
1159	176 
1160	58 
1161	1 
1162	146 
1163	6 
1164	29 
1165	129 
1166	206 
1167	201 
1168	191 
1169	115 
1170	23 
1171	38 
1172	74 
1173	71 
1174	124 
1175	52 
1176	158 
1177	205 
1178	6 
1179	25 
1180	114 
1181	181 
1182	65 
1183	177 
1184	121 
1185	91 
1186	21 
1187	31 
1188	56 
1189	2 
1190	171 
1191	125 
1192	63 
1193	190 
1194	137 
1195	111 
1196	80 
1197	199 
1198	156 
1199	90 
1200	98 
1201	196 
1202	21 
1203	64 
1204	110 
1205	139 
1206	172 
1207	29 
1208	66 
1209	90 
1210	154 
1211	50 
1212	201 
1213	171 
1214	75 
1215	16 
1216	187 
1217	169 
1218	157 
1219	82 
1220	146 
1221	132 
1222	149 
1223	167 
1224	89 
1225	26 
1226	46 
1227	158 
1228	60 
1229	52 
1230	55 
1231	31 
1232	131 
1233	110 
1234	32 
1235	134 
1236	195 
1237	115 
1238	166 
1239	6 
1240	60 
1241	58 
1242	95 
1243	41 
1244	45 
1245	68 
1246	121 
1247	81 
1248	172 
1249	133 
1250	45 
1251	178 
1252	149 
1253	92 
1254	131 
1255	137 
1256	141 
1257	11 
1258	142 
1259	152 
1260	46 
1261	39 
1262	83 
1263	206 
1264	18 
1265	53 
1266	45 
1267	27 
1268	43 
1269	117 
1270	21 
1271	11 
1272	119 
1273	52 
1274	75 
1275	139 
1276	61 
1277	131 
1278	177 
1279	10 
1280	189 
1281	15 
1282	41 
1283	34 
1284	191 
1285	101 
1286	64 
1287	56 
1288	139 
1289	179 
1290	180 
1291	1 
1292	89 
1293	117 
1294	97 
1295	121 
1296	141 
1297	55 
1298	116 
1299	121 
1300	197 
1301	40 
1302	161 
1303	14 
1304	61 
1305	52 
1306	118 
1307	138 
1308	101 
1309	166 
1310	136 
1311	24 
1312	26 
1313	194 
1314	126 
1315	60 
1316	206 
1317	138 
1318	195 
1319	71 
1320	187 
1321	143 
1322	205 
1323	103 
1324	155 
1325	106 
1326	71 
1327	59 
1328	189 
1329	74 
1330	166 
1331	57 
1332	150 
1333	114 
1334	186 
1335	83 
1336	186 
1337	142 
1338	187 
1339	160 
1340	35 
1341	112 
1342	82 
1343	106 
1344	33 
1345	190 
1346	51 
1347	18 
1348	30 
1349	34 
1350	154 
1351	122 
1352	137 
1353	64 
1354	80 
1355	158 
1356	195 
1357	133 
1358	59 
1359	201 
1360	8 
1361	13 
1362	59 
1363	152 
1364	12 
1365	36 
1366	53 
1367	180 
1368	141 
1369	131 
1370	193 
1371	146 
1372	20 
1373	115 
1374	56 
1375	100 
1376	95 
1377	43 
1378	84 
1379	43 
1380	121 
1381	101 
1382	147 
1383	32 
1384	140 
1385	55 
1386	7 
1387	34 
1388	50 
1389	29 
1390	146 
1391	95 
1392	114 
1393	41 
1394	126 
1395	64 
1396	34 
1397	180 
1398	90 
1399	85 
1400	3 
1401	168 
1402	180 
1403	203 
1404	183 
1405	134 
1406	154 
1407	146 
1408	61 
1409	136 
1410	118 
1411	31 
1412	60 
1413	154 
1414	89 
1415	63 
1416	13 
1417	85 
1418	63 
1419	139 
1420	177 
1421	171 
1422	80 
1423	125 
1424	67 
1425	118 
1426	47 
1427	175 
1428	28 
1429	24 
1430	4 
1431	79 
1432	55 
1433	83 
1434	31 
1435	84 
1436	53 
1437	190 
1438	198 
1439	4 
1440	86 
1441	139 
1442	138 
1443	175 
1444	110 
1445	43 
1446	177 
1447	44 
1448	150 
1449	64 
1450	194 
1451	157 
1452	195 
1453	63 
1454	166 
1455	184 
1456	50 
1457	95 
1458	185 
1459	126 
1460	61 
1461	31 
1462	29 
1463	7 
1464	171 
1465	159 
1466	60 
1467	151 
1468	66 
1469	195 
1470	72 
1471	163 
1472	198 
1473	93 
1474	38 
1475	201 
1476	103 
1477	46 
1478	15 
1479	21 
1480	15 
1481	171 
1482	125 
1483	185 
1484	203 
1485	201 
1486	105 
1487	61 
1488	149 
1489	82 
1490	31 
1491	34 
1492	34 
1493	90 
1494	115 
1495	176 
1496	169 
1497	1 
1498	30 
1499	72 
1500	51 
1501	46 
1502	30 
1503	175 
1504	198 
1505	174 
1506	193 
1507	96 
1508	117 
1509	170 
1510	67 
1511	10 
1512	35 
1513	53 
1514	21 
1515	15 
1516	186 
1517	116 
1518	11 
1519	130 
1520	104 
1521	190 
1522	15 
1523	10 
1524	38 
1525	129 
1526	68 
1527	48 
1528	141 
1529	150 
1530	96 
1531	49 
1532	133 
1533	104 
1534	93 
1535	185 
1536	8 
1537	26 
1538	144 
1539	105 
1540	94 
1541	137 
1542	2 
1543	33 
1544	44 
1545	159 
1546	142 
1547	144 
1548	45 
1549	141 
1550	91 
1551	139 
1552	102 
1553	149 
1554	176 
1555	38 
1556	66 
1557	136 
1558	196 
1559	199 
1560	4 
1561	79 
1562	103 
1563	122 
1564	3 
1565	107 
1566	105 
1567	190 
1568	112 
1569	88 
1570	70 
1571	129 
1572	125 
1573	186 
1574	72 
1575	53 
1576	169 
1577	177 
1578	9 
1579	181 
1580	188 
1581	45 
1582	128 
1583	120 
1584	203 
1585	166 
1586	33 
1587	195 
1588	115 
1589	121 
1590	174 
1591	137 
1592	167 
1593	174 
1594	177 
1595	5 
1596	76 
1597	42 
1598	82 
1599	112 
1600	201 
1601	44 
1602	121 
1603	206 
1604	31 
1605	60 
1606	50 
1607	38 
1608	102 
1609	118 
1610	204 
1611	39 
1612	120 
1613	110 
1614	110 
1615	102 
1616	179 
1617	105 
1618	52 
1619	39 
1620	109 
1621	6 
1622	115 
1623	50 
1624	196 
1625	189 
1626	201 
1627	102 
1628	112 
1629	91 
1630	139 
1631	146 
1632	144 
1633	158 
1634	13 
1635	138 
1636	140 
1637	31 
1638	152 
1639	34 
1640	13 
1641	66 
1642	139 
1643	181 
1644	146 
1645	52 
1646	118 
1647	182 
1648	117 
1649	167 
1650	112 
1651	53 
1652	41 
1653	118 
1654	44 
1655	30 
1656	104 
1657	201 
1658	130 
1659	113 
1660	186 
1661	17 
1662	199 
1663	37 
1664	50 
1665	137 
1666	187 
1667	206 
1668	183 
1669	185 
1670	186 
1671	38 
1672	30 
1673	143 
1674	139 
1675	55 
1676	30 
1677	69 
1678	183 
1679	56 
1680	64 
1681	185 
1682	175 
1683	205 
1684	157 
1685	162 
1686	13 
1687	202 
1688	126 
1689	204 
1690	185 
1691	203 
1692	73 
1693	129 
1694	160 
1695	15 
1696	126 
1697	168 
1698	17 
1699	167 
1700	82 
1701	97 
1702	103 
1703	171 
1704	21 
1705	137 
1706	101 
1707	69 
1708	163 
1709	31 
1710	71 
1711	191 
1712	84 
1713	84 
1714	29 
1715	147 
1716	125 
1717	78 
1718	155 
1719	14 
1720	30 
1721	163 
1722	190 
1723	103 
1724	76 
1725	18 
1726	138 
1727	59 
1728	136 
1729	118 
1730	116 
1731	34 
1732	137 
1733	122 
1734	116 
1735	50 
1736	16 
1737	201 
1738	33 
1739	41 
1740	138 
1741	113 
1742	17 
1743	200 
1744	188 
1745	6 
1746	158 
1747	174 
1748	138 
1749	122 
1750	66 
1751	147 
1752	85 
1753	203 
1754	107 
1755	186 
1756	181 
1757	175 
1758	123 
1759	77 
1760	158 
1761	133 
1762	112 
1763	22 
1764	71 
1765	50 
1766	68 
1767	187 
1768	178 
1769	167 
1770	85 
1771	130 
1772	37 
1773	47 
1774	204 
1775	13 
1776	127 
1777	206 
1778	118 
1779	54 
1780	14 
1781	193 
1782	64 
1783	167 
1784	19 
1785	167 
1786	28 
1787	136 
1788	99 
1789	137 
1790	137 
1791	113 
1792	183 
1793	185 
1794	146 
1795	97 
1796	80 
1797	171 
1798	15 
1799	195 
1800	151 
1801	141 
1802	31 
1803	180 
1804	23 
1805	13 
1806	70 
1807	83 
1808	11 
1809	15 
1810	164 
1811	173 
1812	139 
1813	74 
1814	141 
1815	50 
1816	156 
1817	30 
1818	19 
1819	77 
1820	186 
1821	93 
1822	145 
1823	38 
1824	59 
1825	2 
1826	160 
1827	15 
1828	141 
1829	33 
1830	52 
1831	132 
1832	142 
1833	166 
1834	58 
1835	111 
1836	146 
1837	54 
1838	126 
1839	174 
1840	136 
1841	201 
1842	21 
1843	53 
1844	140 
1845	17 
1846	2 
1847	52 
1848	88 
1849	80 
1850	166 
1851	58 
1852	84 
1853	89 
1854	137 
1855	150 
1856	139 
1857	183 
1858	41 
1859	27 
1860	124 
1861	184 
1862	69 
1863	34 
1864	171 
1865	83 
1866	172 
1867	143 
1868	89 
1869	175 
1870	56 
1871	103 
1872	200 
1873	206 
1874	18 
1875	15 
1876	61 
1877	158 
1878	131 
1879	136 
1880	183 
1881	200 
1882	126 
1883	201 
1884	151 
1885	71 
1886	154 
1887	98 
1888	76 
1889	76 
1890	206 
1891	79 
1892	120 
1893	74 
1894	189 
1895	164 
1896	205 
1897	129 
1898	80 
1899	137 
1900	38 
1901	154 
1902	136 
1903	195 
1904	61 
1905	50 
1906	146 
1907	125 
1908	69 
1909	46 
1910	187 
1911	140 
1912	168 
1913	19 
1914	38 
1915	38 
1916	3 
1917	92 
1918	136 
1919	132 
1920	44 
1921	31 
1922	63 
1923	157 
1924	16 
1925	164 
1926	202 
1927	145 
1928	56 
1929	15 
1930	7 
1931	50 
1932	196 
1933	71 
1934	121 
1935	48 
1936	107 
1937	146 
1938	180 
1939	28 
1940	10 
1941	128 
1942	13 
1943	43 
1944	30 
1945	115 
1946	195 
1947	71 
1948	131 
1949	118 
1950	61 
1951	44 
1952	82 
1953	17 
1954	44 
1955	97 
1956	121 
1957	95 
1958	89 
1959	139 
1960	32 
1961	41 
1962	16 
1963	35 
1964	126 
1965	63 
1966	53 
1967	121 
1968	125 
1969	155 
1970	172 
1971	116 
1972	192 
1973	105 
1974	88 
1975	164 
1976	76 
1977	142 
1978	19 
1979	18 
1980	60 
1981	136 
1982	45 
1983	121 
1984	30 
1985	190 
1986	85 
1987	180 
1988	115 
1989	175 
1990	120 
1991	67 
1992	56 
1993	66 
1994	154 
1995	126 
1996	115 
1997	69 
1998	141 
1999	167 
2000	175 
2001	56 
2002	31 
2003	105 
2004	190 
2005	129 
2006	57 
2007	84 
2008	91 
2009	30 
2010	103 
2011	76 
2012	88 
2013	12 
2014	142 
2015	7 
2016	123 
2017	105 
2018	137 
2019	107 
2020	202 
2021	48 
2022	146 
2023	57 
2024	166 
2025	202 
2026	131 
2027	13 
2028	122 
2029	107 
2030	134 
2031	43 
2032	198 
2033	195 
2034	178 
2035	133 
2036	74 
2037	46 
2038	39 
2039	85 
2040	87 
2041	17 
2042	149 
2043	50 
2044	187 
2045	78 
2046	19 
2047	120 
2048	2 
2049	204 
2050	110 
2051	46 
2052	180 
2053	103 
2054	32 
2055	115 
2056	167 
2057	112 
2058	139 
2059	87 
2060	78 
2061	108 
2062	66 
2063	157 
2064	116 
2065	80 
2066	73 
2067	85 
2068	143 
2069	4 
2070	69 
2071	6 
2072	42 
2073	30 
2074	129 
2075	198 
2076	129 
2077	146 
2078	118 
2079	186 
2080	125 
2081	123 
2082	203 
2083	124 
2084	53 
2085	83 
2086	172 
2087	13 
2088	53 
2089	205 
2090	17 
2091	187 
2092	11 
2093	198 
2094	15 
2095	64 
2096	56 
2097	21 
2098	49 
2099	182 
2100	61 
2101	66 
2102	101 
2103	83 
2104	60 
2105	16 
2106	19 
2107	129 
2108	104 
2109	60 
2110	164 
2111	63 
2112	206 
2113	19 
2114	168 
2115	55 
2116	204 
2117	124 
2118	198 
2119	102 
2120	85 
2121	45 
2122	13 
2123	142 
2124	91 
2125	80 
2126	124 
2127	112 
2128	75 
2129	142 
2130	70 
2131	183 
2132	69 
2133	32 
2134	82 
2135	110 
2136	170 
2137	119 
2138	149 
2139	56 
2140	66 
2141	55 
2142	154 
2143	70 
2144	145 
2145	161 
2146	196 
2147	79 
2148	90 
2149	99 
2150	125 
2151	141 
2152	141 
2153	61 
2154	88 
2155	107 
2156	34 
2157	140 
2158	181 
2159	130 
2160	115 
2161	80 
2162	101 
2163	148 
2164	112 
2165	191 
2166	189 
2167	162 
2168	106 
2169	110 
2170	190 
2171	127 
2172	199 
2173	125 
2174	84 
2175	87 
2176	32 
2177	206 
2178	18 
2179	129 
2180	78 
2181	173 
2182	134 
2183	192 
2184	30 
2185	12 
2186	85 
2187	58 
2188	139 
2189	167 
2190	175 
2191	74 
2192	190 
2193	71 
2194	110 
2195	103 
2196	162 
2197	192 
2198	15 
2199	138 
2200	167 
2201	27 
2202	38 
2203	176 
2204	156 
2205	199 
2206	152 
2207	167 
2208	185 
2209	135 
2210	104 
2211	141 
2212	106 
2213	119 
2214	5 
2215	183 
2216	177 
2217	45 
2218	176 
2219	14 
2220	140 
2221	192 
2222	96 
2223	107 
2224	116 
2225	153 
2226	154 
2227	184 
2228	25 
2229	121 
2230	38 
2231	182 
2232	13 
2233	83 
2234	76 
2235	175 
2236	45 
2237	19 
2238	80 
2239	65 
2240	60 
2241	103 
2242	206 
2243	134 
2244	180 
2245	102 
2246	127 
2247	119 
2248	165 
2249	125 
2250	56 
2251	40 
2252	139 
2253	168 
2254	129 
2255	71 
2256	11 
2257	102 
2258	28 
2259	41 
2260	155 
2261	125 
2262	56 
2263	115 
2264	190 
2265	174 
2266	126 
2267	102 
2268	90 
2269	97 
2270	28 
2271	4 
2272	35 
2273	160 
2274	135 
2275	96 
2276	181 
2277	3 
2278	49 
2279	16 
2280	201 
2281	115 
2282	83 
2283	110 
2284	76 
2285	131 
2286	21 
2287	24 
2288	161 
2289	120 
2290	103 
2291	129 
2292	98 
2293	161 
2294	121 
2295	114 
2296	61 
2297	205 
2298	142 
2299	88 
2300	202 
2301	186 
2302	58 
2303	172 
2304	158 
2305	131 
2306	16 
2307	14 
2308	14 
2309	57 
2310	58 
2311	53 
2312	57 
2313	186 
2314	34 
2315	62 
2316	21 
2317	180 
2318	169 
2319	108 
2320	45 
2321	53 
2322	129 
2323	7 
2324	98 
2325	190 
2326	85 
2327	172 
2328	70 
2329	110 
2330	85 
2331	190 
2332	10 
2333	153 
2334	165 
2335	138 
2336	21 
2337	53 
2338	184 
2339	109 
2340	137 
2341	71 
2342	202 
2343	88 
2344	121 
2345	181 
2346	124 
2347	127 
2348	172 
2349	38 
2350	190 
2351	170 
2352	48 
2353	43 
2354	50 
2355	118 
2356	147 
2357	52 
2358	45 
2359	166 
2360	30 
2361	168 
2362	87 
2363	22 
2364	86 
2365	102 
2366	54 
2367	60 
2368	59 
2369	157 
2370	200 
2371	139 
2372	190 
2373	31 
2374	83 
2375	54 
2376	112 
2377	151 
2378	161 
2379	107 
2380	159 
2381	123 
2382	52 
2383	32 
2384	139 
2385	166 
2386	110 
2387	46 
2388	139 
2389	55 
2390	153 
2391	142 
2392	120 
2393	59 
2394	200 
2395	167 
2396	64 
2397	67 
2398	46 
2399	13 
2400	71 
2401	203 
2402	56 
2403	88 
2404	29 
2405	72 
2406	190 
2407	180 
2408	29 
2409	163 
2410	136 
2411	151 
2412	117 
2413	91 
2414	85 
2415	199 
2416	201 
2417	53 
2418	158 
2419	123 
2420	15 
2421	56 
2422	123 
2423	34 
2424	194 
2425	192 
2426	177 
2427	14 
2428	158 
2429	169 
2430	185 
2431	99 
2432	92 
2433	56 
2434	23 
2435	47 
2436	125 
2437	142 
2438	201 
2439	158 
2440	185 
2441	190 
2442	138 
2443	90 
2444	193 
2445	28 
2446	159 
2447	93 
2448	13 
2449	56 
2450	107 
2451	171 
2452	21 
2453	171 
2454	51 
2455	112 
2456	23 
2457	103 
2458	72 
2459	175 
2460	183 
2461	55 
2462	136 
2463	106 
2464	164 
2465	200 
2466	141 
2467	182 
2468	107 
2469	118 
2470	123 
2471	92 
2472	63 
2473	166 
2474	184 
2475	61 
2476	123 
2477	118 
2478	58 
2479	123 
2480	181 
2481	63 
2482	49 
2483	37 
2484	190 
2485	137 
2486	125 
2487	90 
2488	69 
2489	135 
2490	102 
2491	67 
2492	106 
2493	121 
2494	136 
2495	51 
2496	164 
2497	53 
2498	180 
2499	186 
2500	101 
2501	122 
2502	80 
2503	154 
2504	17 
2505	51 
2506	193 
2507	38 
2508	53 
2509	82 
2510	167 
2511	131 
2512	150 
2513	184 
2514	88 
2515	103 
2516	46 
2517	78 
2518	84 
2519	82 
2520	137 
2521	48 
2522	8 
2523	25 
2524	131 
2525	46 
2526	31 
2527	158 
2528	3 
2529	154 
2530	203 
2531	200 
2532	145 
2533	142 
2534	61 
2535	25 
2536	166 
2537	47 
2538	85 
2539	55 
2540	122 
2541	85 
2542	173 
2543	167 
2544	2 
2545	23 
2546	75 
2547	167 
2548	172 
2549	136 
2550	102 
2551	138 
2552	124 
2553	104 
2554	204 
2555	65 
2556	200 
2557	90 
2558	22 
2559	63 
2560	45 
2561	70 
2562	108 
2563	13 
2564	34 
2565	71 
2566	183 
2567	19 
2568	204 
2569	89 
2570	45 
2571	59 
2572	180 
2573	17 
2574	160 
2575	202 
2576	196 
2577	62 
2578	48 
2579	186 
2580	81 
2581	166 
2582	137 
2583	192 
2584	52 
2585	107 
2586	35 
2587	80 
2588	91 
2589	14 
2590	61 
2591	169 
2592	93 
2593	8 
2594	107 
2595	56 
2596	179 
2597	129 
2598	38 
2599	45 
2600	82 
2601	97 
2602	97 
2603	166 
2604	107 
2605	150 
2606	150 
2607	10 
2608	169 
2609	19 
2610	85 
2611	45 
2612	58 
2613	6 
2614	116 
2615	65 
2616	13 
2617	136 
2618	122 
2619	30 
2620	45 
2621	22 
2622	30 
2623	199 
2624	51 
2625	2 
2626	33 
2627	145 
2628	115 
2629	150 
2630	164 
2631	154 
2632	163 
2633	157 
2634	28 
2635	135 
2636	159 
2637	15 
2638	69 
2639	75 
2640	164 
2641	85 
2642	193 
2643	34 
2644	102 
2645	34 
2646	181 
2647	18 
2648	155 
2649	147 
2650	11 
2651	176 
2652	53 
2653	115 
2654	163 
2655	16 
2656	150 
2657	206 
2658	44 
2659	53 
2660	82 
2661	153 
2662	19 
2663	115 
2664	107 
2665	50 
2666	151 
2667	30 
2668	117 
2669	43 
2670	82 
2671	7 
2672	115 
2673	88 
2674	162 
2675	76 
2676	15 
2677	15 
2678	160 
2679	126 
2680	102 
2681	55 
2682	14 
2683	61 
2684	105 
2685	75 
2686	81 
2687	136 
2688	23 
2689	201 
2690	133 
2691	205 
2692	49 
2693	135 
2694	22 
2695	14 
2696	138 
2697	36 
2698	75 
2699	49 
2700	88 
2701	54 
2702	4 
2703	131 
2704	136 
2705	18 
2706	174 
2707	172 
2708	117 
2709	68 
2710	13 
2711	176 
2712	107 
2713	140 
2714	150 
2715	156 
2716	52 
2717	43 
2718	181 
2719	57 
2720	46 
2721	72 
2722	152 
2723	181 
2724	175 
2725	54 
2726	142 
2727	46 
2728	73 
2729	53 
2730	73 
2731	158 
2732	140 
2733	114 
2734	190 
2735	17 
2736	88 
2737	6 
2738	131 
2739	140 
2740	31 
2741	142 
2742	163 
2743	114 
2744	85 
2745	145 
2746	56 
2747	76 
2748	172 
2749	44 
2750	14 
2751	79 
2752	11 
2753	198 
2754	157 
2755	159 
2756	107 
2757	40 
2758	176 
2759	206 
2760	90 
2761	7 
2762	172 
2763	84 
2764	137 
2765	109 
2766	139 
2767	82 
2768	45 
2769	60 
2770	62 
2771	85 
2772	69 
2773	2 
2774	112 
2775	190 
2776	30 
2777	206 
2778	159 
2779	185 
2780	143 
2781	61 
2782	138 
2783	46 
2784	21 
2785	97 
2786	29 
2787	84 
2788	30 
2789	17 
2790	112 
2791	39 
2792	75 
2793	15 
2794	4 
2795	149 
2796	80 
2797	161 
2798	66 
2799	38 
2800	14 
2801	57 
2802	34 
2803	19 
2804	136 
2805	6 
2806	112 
2807	73 
2808	206 
2809	112 
2810	55 
2811	90 
2812	117 
2813	168 
2814	127 
2815	181 
2816	61 
2817	151 
2818	77 
2819	160 
2820	20 
2821	45 
2822	41 
2823	152 
2824	137 
2825	122 
2826	197 
2827	166 
2828	150 
2829	154 
2830	102 
2831	176 
2832	122 
2833	172 
2834	11 
2835	129 
2836	144 
2837	13 
2838	46 
2839	162 
2840	195 
2841	55 
2842	7 
2843	137 
2844	126 
2845	66 
2846	115 
2847	4 
2848	42 
2849	153 
2850	206 
2851	73 
2852	169 
2853	173 
2854	121 
2855	21 
2856	89 
2857	25 
2858	131 
2859	107 
2860	33 
2861	21 
2862	123 
2863	90 
2864	180 
2865	9 
2866	67 
2867	45 
2868	130 
2869	89 
2870	121 
2871	33 
2872	129 
2873	186 
2874	84 
2875	118 
2876	38 
2877	201 
2878	166 
2879	84 
2880	84 
2881	19 
2882	175 
2883	201 
2884	4 
2885	35 
2886	139 
2887	26 
2888	150 
2889	166 
2890	97 
2891	38 
2892	159 
2893	175 
2894	187 
2895	55 
2896	84 
2897	183 
2898	103 
2899	148 
2900	197 
2901	157 
2902	192 
2903	105 
2904	137 
2905	167 
2906	71 
2907	92 
2908	49 
2909	53 
2910	118 
2911	60 
2912	154 
2913	102 
2914	90 
2915	104 
2916	67 
2917	142 
2918	63 
2919	167 
2920	115 
2921	23 
2922	198 
2923	84 
2924	166 
2925	176 
2926	146 
2927	128 
2928	150 
2929	41 
2930	49 
2931	127 
2932	14 
2933	113 
2934	85 
2935	43 
2936	59 
2937	71 
2938	92 
2939	146 
2940	19 
2941	43 
2942	131 
2943	148 
2944	91 
2945	49 
2946	66 
2947	118 
2948	179 
2949	96 
2950	84 
2951	129 
2952	160 
2953	16 
2954	78 
2955	121 
2956	109 
2957	152 
2958	126 
2959	1 
2960	106 
2961	175 
2962	137 
2963	111 
2964	57 
2965	205 
2966	79 
2967	8 
2968	166 
2969	57 
2970	50 
2971	26 
2972	82 
2973	45 
2974	46 
2975	145 
2976	201 
2977	185 
2978	190 
2979	9 
2980	181 
2981	63 
2982	13 
2983	202 
2984	167 
2985	112 
2986	13 
2987	3 
2988	143 
2989	175 
2990	120 
2991	13 
2992	149 
2993	160 
2994	2 
2995	116 
2996	71 
2997	154 
2998	170 
2999	5 
3000	43 
3001	18 
3002	74 
3003	85 
3004	61 
3005	19 
3006	164 
3007	102 
3008	116 
3009	30 
3010	158 
3011	90 
3012	177 
3013	30 
3014	85 
3015	177 
3016	123 
3017	136 
3018	90 
3019	206 
3020	159 
3021	116 
3022	184 
3023	72 
3024	40 
3025	99 
3026	66 
3027	206 
3028	159 
3029	117 
3030	38 
3031	201 
3032	24 
3033	76 
3034	21 
3035	155 
3036	193 
3037	11 
3038	114 
3039	4 
3040	141 
3041	88 
3042	58 
3043	8 
3044	9 
3045	27 
3046	202 
3047	150 
3048	50 
3049	26 
3050	155 
3051	51 
3052	32 
3053	43 
3054	166 
3055	192 
3056	128 
3057	98 
3058	136 
3059	50 
3060	42 
3061	206 
3062	14 
3063	172 
3064	43 
3065	185 
3066	160 
3067	35 
3068	31 
3069	72 
3070	126 
3071	33 
3072	129 
3073	142 
3074	158 
3075	53 
3076	147 
3077	94 
3078	83 
3079	6 
3080	21 
3081	189 
3082	137 
3083	19 
3084	116 
3085	42 
3086	71 
3087	160 
3088	12 
3089	59 
3090	163 
3091	16 
3092	139 
3093	44 
3094	15 
3095	175 
3096	174 
3097	155 
3098	59 
3099	31 
3100	164 
3101	201 
3102	31 
3103	30 
3104	139 
3105	2 
3106	185 
3107	44 
3108	179 
3109	21 
3110	85 
3111	57 
3112	139 
3113	190 
3114	162 
3115	141 
3116	201 
3117	49 
3118	41 
3119	166 
3120	63 
3121	1 
3122	129 
3123	147 
3124	180 
3125	113 
3126	195 
3127	147 
3128	117 
3129	2 
3130	161 
3131	109 
3132	93 
3133	45 
3134	151 
3135	67 
3136	180 
3137	17 
3138	83 
3139	198 
3140	49 
3141	155 
3142	27 
3143	38 
3144	190 
3145	167 
3146	14 
3147	32 
3148	122 
3149	150 
3150	56 
3151	162 
3152	184 
3153	124 
3154	128 
3155	157 
3156	190 
3157	115 
3158	184 
3159	162 
3160	184 
3161	70 
3162	35 
3163	29 
3164	166 
3165	53 
3166	84 
3167	45 
3168	160 
3169	85 
3170	204 
3171	5 
3172	137 
3173	14 
3174	80 
3175	136 
3176	159 
3177	159 
3178	89 
3179	177 
3180	19 
3181	50 
3182	30 
3183	100 
3184	199 
3185	5 
3186	11 
3187	191 
3188	198 
3189	147 
3190	106 
3191	141 
3192	57 
3193	71 
3194	44 
3195	93 
3196	82 
3197	135 
3198	66 
3199	123 
3200	131 
3201	3 
3202	189 
3203	90 
3204	8 
3205	124 
3206	30 
3207	60 
3208	19 
3209	200 
3210	33 
3211	201 
3212	50 
3213	182 
3214	49 
3215	135 
3216	2 
3217	138 
3218	19 
3219	93 
3220	31 
3221	164 
3222	204 
3223	67 
3224	150 
3225	15 
3226	71 
3227	133 
3228	146 
3229	202 
3230	186 
3231	17 
3232	185 
3233	80 
3234	137 
3235	109 
3236	197 
3237	129 
3238	38 
3239	187 
3240	38 
3241	11 
3242	50 
3243	67 
3244	147 
3245	187 
3246	28 
3247	161 
3248	72 
3249	18 
3250	86 
3251	80 
3252	144 
3253	52 
3254	106 
3255	162 
3256	189 
3257	39 
3258	13 
3259	15 
3260	111 
3261	124 
3262	163 
3263	75 
3264	158 
3265	24 
3266	55 
3267	158 
3268	66 
3269	52 
3270	33 
3271	31 
3272	205 
3273	75 
3274	171 
3275	164 
3276	122 
3277	176 
3278	119 
3279	102 
3280	179 
3281	34 
3282	190 
3283	195 
3284	3 
3285	115 
3286	83 
3287	11 
3288	25 
3289	34 
3290	81 
3291	8 
3292	102 
3293	7 
3294	102 
3295	60 
3296	154 
3297	112 
3298	139 
3299	13 
3300	183 
3301	115 
3302	86 
3303	84 
3304	131 
3305	63 
3306	130 
3307	3 
3308	129 
3309	85 
3310	165 
3311	82 
3312	167 
3313	72 
3314	185 
3315	164 
3316	129 
3317	158 
3318	41 
3319	134 
3320	107 
3321	12 
3322	79 
3323	58 
3324	171 
3325	49 
3326	83 
3327	152 
3328	57 
3329	85 
3330	66 
3331	117 
3332	38 
3333	64 
3334	138 
3335	201 
3336	140 
3337	138 
3338	103 
3339	186 
3340	122 
3341	74 
3342	89 
3343	20 
3344	12 
3345	122 
3346	167 
3347	69 
3348	166 
3349	148 
3350	147 
3351	76 
3352	130 
3353	78 
3354	46 
3355	91 
3356	95 
3357	37 
3358	45 
3359	136 
3360	31 
3361	174 
3362	5 
3363	158 
3364	114 
3365	157 
3366	69 
3367	56 
3368	38 
3369	180 
3370	69 
3371	59 
3372	13 
3373	79 
3374	126 
3375	200 
3376	203 
3377	90 
3378	43 
3379	137 
3380	161 
3381	168 
3382	123 
3383	206 
3384	18 
3385	167 
3386	192 
3387	6 
3388	116 
3389	34 
3390	196 
3391	34 
3392	198 
3393	87 
3394	148 
3395	7 
3396	125 
3397	121 
3398	180 
3399	38 
3400	15 
3401	28 
3402	175 
3403	28 
3404	106 
3405	180 
3406	150 
3407	7 
3408	192 
3409	180 
3410	72 
3411	80 
3412	180 
3413	117 
3414	112 
3415	95 
3416	18 
3417	21 
3418	53 
3419	175 
3420	175 
3421	86 
3422	41 
3423	203 
3424	57 
3425	170 
3426	150 
3427	154 
3428	178 
3429	34 
3430	57 
3431	90 
3432	159 
3433	142 
3434	200 
3435	16 
3436	55 
3437	45 
3438	114 
3439	85 
3440	198 
3441	74 
3442	61 
3443	30 
3444	83 
3445	120 
3446	104 
3447	138 
3448	53 
3449	154 
3450	180 
3451	168 
3452	126 
3453	94 
3454	172 
3455	91 
3456	15 
3457	85 
3458	169 
3459	181 
3460	39 
3461	63 
3462	30 
3463	129 
3464	47 
3465	114 
3466	74 
3467	167 
3468	165 
3469	179 
3470	20 
3471	8 
3472	98 
3473	34 
3474	119 
3475	56 
3476	10 
3477	162 
3478	53 
3479	15 
3480	73 
3481	59 
3482	21 
3483	64 
3484	118 
3485	11 
3486	94 
3487	175 
3488	10 
3489	111 
3490	43 
3491	28 
3492	96 
3493	127 
3494	147 
3495	103 
3496	138 
3497	30 
3498	79 
3499	103 
3500	67 
3501	17 
3502	121 
3503	131 
3504	193 
3505	74 
3506	154 
3507	71 
3508	136 
3509	118 
3510	97 
3511	10 
3512	116 
3513	18 
3514	83 
3515	205 
3516	126 
3517	113 
3518	58 
3519	197 
3520	92 
3521	146 
3522	62 
3523	5 
3524	45 
3525	72 
3526	170 
3527	200 
3528	89 
3529	64 
3530	201 
3531	167 
3532	148 
3533	59 
3534	46 
3535	201 
3536	80 
3537	78 
3538	193 
3539	59 
3540	204 
3541	33 
3542	175 
3543	164 
3544	55 
3545	200 
3546	59 
3547	86 
3548	85 
3549	69 
3550	35 
3551	22 
3552	10 
3553	15 
3554	88 
3555	95 
3556	166 
3557	139 
3558	106 
3559	69 
3560	171 
3561	138 
3562	55 
3563	16 
3564	120 
3565	176 
3566	137 
3567	68 
3568	138 
3569	167 
3570	90 
3571	169 
3572	38 
3573	16 
3574	93 
3575	188 
3576	38 
3577	51 
3578	197 
3579	31 
3580	28 
3581	35 
3582	121 
3583	166 
3584	39 
3585	61 
3586	102 
3587	47 
3588	36 
3589	75 
3590	55 
3591	142 
3592	190 
3593	67 
3594	110 
3595	7 
3596	110 
3597	41 
3598	16 
3599	193 
3600	180 
3601	49 
3602	16 
3603	17 
3604	130 
3605	23 
3606	37 
3607	182 
3608	158 
3609	37 
3610	183 
3611	94 
3612	172 
3613	190 
3614	180 
3615	45 
3616	61 
3617	72 
3618	46 
3619	189 
3620	106 
3621	61 
3622	139 
3623	79 
3624	74 
3625	188 
3626	197 
3627	141 
3628	141 
3629	69 
3630	205 
3631	72 
3632	192 
3633	45 
3634	156 
3635	34 
3636	21 
3637	64 
3638	121 
3639	182 
3640	63 
3641	76 
3642	139 
3643	76 
3644	17 
3645	76 
3646	139 
3647	121 
3648	84 
3649	50 
3650	181 
3651	5 
3652	107 
3653	118 
3654	125 
3655	118 
3656	166 
3657	14 
3658	81 
3659	7 
3660	158 
3661	89 
3662	200 
3663	202 
3664	129 
3665	30 
3666	49 
3667	146 
3668	21 
3669	26 
3670	21 
3671	4 
3672	37 
3673	158 
3674	68 
3675	38 
3676	8 
3677	56 
3678	137 
3679	72 
3680	135 
3681	108 
3682	140 
3683	14 
3684	64 
3685	1 
3686	9 
3687	101 
3688	206 
3689	206 
3690	184 
3691	77 
3692	53 
3693	72 
3694	101 
3695	162 
3696	23 
3697	50 
3698	56 
3699	171 
3700	45 
3701	142 
3702	154 
3703	20 
3704	139 
3705	41 
3706	198 
3707	83 
3708	30 
3709	126 
3710	31 
3711	63 
3712	50 
3713	131 
3714	172 
3715	132 
3716	36 
3717	131 
3718	126 
3719	89 
3720	162 
3721	155 
3722	100 
3723	174 
3724	141 
3725	70 
3726	99 
3727	152 
3728	57 
3729	41 
3730	88 
3731	7 
3732	53 
3733	64 
3734	148 
3735	4 
3736	45 
3737	47 
3738	139 
3739	201 
3740	186 
3741	56 
3742	55 
3743	89 
3744	141 
3745	43 
3746	120 
3747	32 
3748	164 
3749	41 
3750	159 
3751	46 
3752	66 
3753	198 
3754	177 
3755	201 
3756	165 
3757	31 
3758	140 
3759	71 
3760	118 
3761	158 
3762	206 
3763	49 
3764	96 
3765	64 
3766	177 
3767	146 
3768	50 
3769	71 
3770	128 
3771	185 
3772	40 
3773	154 
3774	186 
3775	137 
3776	32 
3777	1 
3778	37 
3779	137 
3780	85 
3781	8 
3782	116 
3783	53 
3784	201 
3785	115 
3786	41 
3787	43 
3788	38 
3789	46 
3790	167 
3791	150 
3792	116 
3793	74 
3794	180 
3795	101 
3796	169 
3797	178 
3798	107 
3799	46 
3800	123 
3801	193 
3802	115 
3803	149 
3804	142 
3805	59 
3806	11 
3807	192 
3808	158 
3809	104 
3810	80 
3811	53 
3812	173 
3813	142 
3814	38 
3815	55 
3816	64 
3817	122 
3818	50 
3819	37 
3820	105 
3821	190 
3822	21 
3823	61 
3824	50 
3825	69 
3826	55 
3827	16 
3828	47 
3829	106 
3830	121 
3831	53 
3832	29 
3833	81 
3834	72 
3835	137 
3836	21 
3837	116 
3838	193 
3839	62 
3840	55 
3841	186 
3842	79 
3843	9 
3844	145 
3845	87 
3846	118 
3847	151 
3848	112 
3849	117 
3850	81 
3851	123 
3852	32 
3853	126 
3854	67 
3855	144 
3856	171 
3857	46 
3858	54 
3859	124 
3860	173 
3861	103 
3862	3 
3863	180 
3864	130 
3865	56 
3866	95 
3867	24 
3868	147 
3869	82 
3870	200 
3871	53 
3872	203 
3873	67 
3874	103 
3875	15 
3876	136 
3877	55 
3878	65 
3879	14 
3880	55 
3881	111 
3882	160 
3883	11 
3884	51 
3885	164 
3886	177 
3887	147 
3888	51 
3889	166 
3890	46 
3891	48 
3892	28 
3893	187 
3894	198 
3895	132 
3896	115 
3897	34 
3898	41 
3899	75 
3900	48 
3901	34 
3902	144 
3903	14 
3904	12 
3905	177 
3906	53 
3907	137 
3908	114 
3909	15 
3910	132 
3911	166 
3912	137 
3913	142 
3914	146 
3915	166 
3916	149 
3917	60 
3918	150 
3919	27 
3920	155 
3921	149 
3922	9 
3923	129 
3924	104 
3925	69 
3926	44 
3927	110 
3928	178 
3929	189 
3930	166 
3931	75 
3932	163 
3933	119 
3934	63 
3935	70 
3936	57 
3937	167 
3938	104 
3939	150 
3940	175 
3941	172 
3942	193 
3943	55 
3944	187 
3945	106 
3946	21 
3947	166 
3948	74 
3949	32 
3950	93 
3951	71 
3952	112 
3953	125 
3954	126 
3955	164 
3956	148 
3957	151 
3958	170 
3959	181 
3960	108 
3961	72 
3962	168 
3963	204 
3964	189 
3965	205 
3966	119 
3967	154 
3968	19 
3969	157 
3970	45 
3971	21 
3972	144 
3973	144 
3974	34 
3975	129 
3976	186 
3977	141 
3978	132 
3979	77 
3980	41 
3981	36 
3982	77 
3983	126 
3984	179 
3985	30 
3986	85 
3987	130 
3988	204 
3989	107 
3990	80 
3991	75 
3992	57 
3993	164 
3994	171 
3995	166 
3996	41 
3997	32 
3998	38 
3999	10 
4000	45 
4001	31 
4002	12 
4003	136 
4004	80 
4005	98 
4006	72 
4007	201 
4008	69 
4009	171 
4010	158 
4011	138 
4012	56 
4013	59 
4014	202 
4015	160 
4016	159 
4017	6 
4018	55 
4019	142 
4020	190 
4021	57 
4022	45 
4023	15 
4024	68 
4025	112 
4026	48 
4027	197 
4028	81 
4029	92 
4030	102 
4031	12 
4032	158 
4033	201 
4034	162 
4035	80 
4036	16 
4037	22 
4038	39 
4039	64 
4040	45 
4041	38 
4042	150 
4043	180 
4044	100 
4045	50 
4046	121 
4047	161 
4048	90 
4049	58 
4050	125 
4051	75 
4052	154 
4053	51 
4054	126 
4055	125 
4056	15 
4057	167 
4058	56 
4059	60 
4060	137 
4061	160 
4062	2 
4063	159 
4064	92 
4065	50 
4066	135 
4067	166 
4068	98 
4069	78 
4070	53 
4071	92 
4072	41 
4073	4 
4074	121 
4075	169 
4076	180 
4077	40 
4078	150 
4079	199 
4080	81 
4081	172 
4082	156 
4083	108 
4084	175 
4085	83 
4086	131 
4087	66 
4088	58 
4089	183 
4090	51 
4091	198 
4092	141 
4093	191 
4094	115 
4095	103 
4096	172 
4097	186 
4098	162 
4099	181 
4100	39 
4101	123 
4102	122 
4103	141 
4104	15 
4105	204 
4106	196 
4107	118 
4108	159 
4109	145 
4110	117 
4111	137 
4112	113 
4113	132 
4114	140 
4115	158 
4116	205 
4117	68 
4118	58 
4119	112 
4120	44 
4121	112 
4122	159 
4123	70 
4124	197 
4125	88 
4126	14 
4127	43 
4128	37 
4129	169 
4130	116 
4131	141 
4132	31 
4133	30 
4134	18 
4135	145 
4136	35 
4137	79 
4138	105 
4139	176 
4140	157 
4141	71 
4142	58 
4143	175 
4144	58 
4145	79 
4146	140 
4147	130 
4148	175 
4149	142 
4150	58 
4151	198 
4152	173 
4153	177 
4154	58 
4155	79 
4156	129 
4157	53 
4158	177 
4159	158 
4160	129 
4161	151 
4162	16 
4163	68 
4164	158 
4165	167 
4166	146 
4167	5 
4168	21 
4169	162 
4170	187 
4171	74 
4172	101 
4173	158 
4174	199 
4175	28 
4176	84 
4177	105 
4178	108 
4179	102 
4180	33 
4181	146 
4182	102 
4183	65 
4184	129 
4185	90 
4186	45 
4187	80 
4188	137 
4189	201 
4190	104 
4191	192 
4192	189 
4193	89 
4194	115 
4195	49 
4196	183 
4197	80 
4198	26 
4199	61 
4200	104 
4201	93 
4202	105 
4203	19 
4204	173 
4205	20 
4206	198 
4207	121 
4208	205 
4209	110 
4210	165 
4211	39 
4212	179 
4213	30 
4214	36 
4215	84 
4216	160 
4217	77 
4218	90 
4219	88 
4220	25 
4221	53 
4222	57 
4223	107 
4224	156 
4225	47 
4226	59 
4227	145 
4228	175 
4229	6 
4230	127 
4231	110 
4232	165 
4233	171 
4234	24 
4235	180 
4236	136 
4237	136 
4238	115 
4239	58 
4240	110 
4241	72 
4242	78 
4243	186 
4244	96 
4245	49 
4246	56 
4247	83 
4248	140 
4249	205 
4250	7 
4251	66 
4252	84 
4253	164 
4254	21 
4255	148 
4256	88 
4257	83 
4258	125 
4259	85 
4260	180 
4261	17 
4262	159 
4263	104 
4264	142 
4265	194 
4266	11 
4267	32 
4268	179 
4269	132 
4270	54 
4271	72 
4272	60 
4273	11 
4274	172 
4275	107 
4276	192 
4277	161 
4278	62 
4279	37 
4280	156 
4281	56 
4282	131 
4283	139 
4284	36 
4285	159 
4286	71 
4287	85 
4288	31 
4289	44 
4290	199 
4291	168 
4292	206 
4293	16 
4294	118 
4295	198 
4296	201 
4297	190 
4298	81 
4299	47 
4300	205 
4301	85 
4302	167 
4303	203 
4304	201 
4305	166 
4306	36 
4307	61 
4308	130 
4309	30 
4310	114 
4311	63 
4312	46 
4313	59 
4314	36 
4315	153 
4316	92 
4317	144 
4318	197 
4319	201 
4320	117 
4321	159 
4322	100 
4323	45 
4324	134 
4325	160 
4326	98 
4327	17 
4328	152 
4329	141 
4330	198 
4331	57 
4332	141 
4333	55 
4334	198 
4335	14 
4336	164 
4337	168 
4338	32 
4339	136 
4340	52 
4341	194 
4342	137 
4343	41 
4344	2 
4345	191 
4346	57 
4347	115 
4348	175 
4349	186 
4350	101 
4351	64 
4352	58 
4353	112 
4354	19 
4355	105 
4356	121 
4357	192 
4358	152 
4359	80 
4360	62 
4361	175 
4362	117 
4363	103 
4364	168 
4365	14 
4366	48 
4367	163 
4368	147 
4369	110 
4370	43 
4371	15 
4372	96 
4373	41 
4374	129 
4375	173 
4376	32 
4377	112 
4378	117 
4379	102 
4380	131 
4381	110 
4382	159 
4383	154 
4384	181 
4385	149 
4386	189 
4387	199 
4388	6 
4389	171 
4390	202 
4391	48 
4392	200 
4393	78 
4394	129 
4395	158 
4396	206 
4397	69 
4398	123 
4399	164 
4400	55 
4401	198 
4402	159 
4403	5 
4404	116 
4405	96 
4406	98 
4407	72 
4408	157 
4409	55 
4410	194 
4411	21 
4412	115 
4413	150 
4414	25 
4415	71 
4416	170 
4417	102 
4418	195 
4419	71 
4420	181 
4421	49 
4422	9 
4423	103 
4424	163 
4425	142 
4426	139 
4427	30 
4428	131 
4429	166 
4430	107 
4431	71 
4432	185 
4433	52 
4434	143 
4435	163 
4436	158 
4437	31 
4438	52 
4439	193 
4440	129 
4441	49 
4442	83 
4443	16 
4444	77 
4445	56 
4446	18 
4447	115 
4448	26 
4449	122 
4450	166 
4451	84 
4452	56 
4453	76 
4454	21 
4455	206 
4456	91 
4457	118 
4458	185 
4459	56 
4460	55 
4461	158 
4462	124 
4463	199 
4464	47 
4465	54 
4466	162 
4467	53 
4468	34 
4469	66 
4470	20 
4471	60 
4472	136 
4473	136 
4474	132 
4475	56 
4476	163 
4477	134 
4478	55 
4479	177 
4480	98 
4481	121 
4482	201 
4483	150 
4484	39 
4485	206 
4486	166 
4487	88 
4488	15 
4489	82 
4490	122 
4491	101 
4492	50 
4493	149 
4494	21 
4495	118 
4496	53 
4497	105 
4498	17 
4499	9 
4500	38 
4501	159 
4502	83 
4503	8 
4504	205 
4505	162 
4506	107 
4507	200 
4508	108 
4509	102 
4510	197 
4511	190 
4512	28 
4513	129 
4514	166 
4515	31 
4516	153 
4517	140 
4518	126 
4519	173 
4520	163 
4521	9 
4522	36 
4523	15 
4524	9 
4525	171 
4526	49 
4527	74 
4528	182 
4529	85 
4530	107 
4531	33 
4532	15 
4533	82 
4534	19 
4535	147 
4536	179 
4537	38 
4538	163 
4539	103 
4540	126 
4541	159 
4542	9 
4543	69 
4544	177 
4545	197 
4546	107 
4547	83 
4548	154 
4549	84 
4550	116 
4551	155 
4552	19 
4553	129 
4554	23 
4555	159 
4556	16 
4557	72 
4558	94 
4559	187 
4560	30 
4561	51 
4562	177 
4563	125 
4564	25 
4565	63 
4566	154 
4567	177 
4568	76 
4569	158 
4570	71 
4571	71 
4572	146 
4573	102 
4574	7 
4575	17 
4576	189 
4577	58 
4578	140 
4579	156 
4580	164 
4581	183 
4582	108 
4583	85 
4584	80 
4585	157 
4586	142 
4587	66 
4588	136 
4589	121 
4590	115 
4591	84 
4592	149 
4593	171 
4594	186 
4595	66 
4596	146 
4597	69 
4598	163 
4599	16 
4600	84 
4601	84 
4602	188 
4603	164 
4604	80 
4605	115 
4606	100 
4607	166 
4608	23 
4609	202 
4610	190 
4611	172 
4612	158 
4613	47 
4614	43 
4615	134 
4616	171 
4617	108 
4618	151 
4619	206 
4620	186 
4621	156 
4622	102 
4623	46 
4624	8 
4625	167 
4626	190 
4627	154 
4628	37 
4629	172 
4630	182 
4631	178 
4632	72 
4633	136 
4634	167 
4635	175 
4636	145 
4637	164 
4638	112 
4639	146 
4640	15 
4641	40 
4642	4 
4643	64 
4644	196 
4645	60 
4646	60 
4647	35 
4648	33 
4649	154 
4650	184 
4651	23 
4652	137 
4653	46 
4654	165 
4655	60 
4656	40 
4657	19 
4658	79 
4659	201 
4660	81 
4661	82 
4662	182 
4663	16 
4664	167 
4665	112 
4666	47 
4667	48 
4668	56 
4669	17 
4670	167 
4671	46 
4672	185 
4673	58 
4674	13 
4675	62 
4676	195 
4677	142 
4678	87 
4679	180 
4680	66 
4681	205 
4682	84 
4683	134 
4684	185 
4685	205 
4686	179 
4687	17 
4688	119 
4689	53 
4690	81 
4691	166 
4692	160 
4693	92 
4694	100 
4695	48 
4696	185 
4697	60 
4698	59 
4699	7 
4700	59 
4701	166 
4702	123 
4703	55 
4704	206 
4705	53 
4706	81 
4707	3 
4708	118 
4709	15 
4710	205 
4711	17 
4712	45 
4713	180 
4714	185 
4715	185 
4716	14 
4717	9 
4718	15 
4719	89 
4720	142 
4721	126 
4722	39 
4723	45 
4724	46 
4725	12 
4726	51 
4727	3 
4728	76 
4729	138 
4730	16 
4731	183 
4732	100 
4733	184 
4734	113 
4735	49 
4736	177 
4737	141 
4738	80 
4739	111 
4740	200 
4741	58 
4742	158 
4743	85 
4744	189 
4745	99 
4746	17 
4747	69 
4748	84 
4749	148 
4750	146 
4751	44 
4752	84 
4753	154 
4754	192 
4755	19 
4756	173 
4757	38 
4758	190 
4759	142 
4760	30 
4761	6 
4762	202 
4763	147 
4764	104 
4765	165 
4766	166 
4767	107 
4768	149 
4769	164 
4770	176 
4771	140 
4772	194 
4773	167 
4774	7 
4775	181 
4776	118 
4777	132 
4778	98 
4779	183 
4780	30 
4781	184 
4782	186 
4783	99 
4784	204 
4785	2 
4786	159 
4787	137 
4788	190 
4789	115 
4790	114 
4791	112 
4792	189 
4793	1 
4794	136 
4795	44 
4796	124 
4797	142 
4798	128 
4799	54 
4800	97 
4801	189 
4802	195 
4803	75 
4804	16 
4805	188 
4806	191 
4807	94 
4808	160 
4809	16 
4810	122 
4811	184 
4812	62 
4813	123 
4814	56 
4815	28 
4816	139 
4817	189 
4818	205 
4819	146 
4820	151 
4821	40 
4822	1 
4823	75 
4824	45 
4825	45 
4826	30 
4827	166 
4828	88 
4829	14 
4830	79 
4831	136 
4832	90 
4833	13 
4834	193 
4835	86 
4836	3 
4837	75 
4838	124 
4839	87 
4840	183 
4841	190 
4842	115 
4843	52 
4844	12 
4845	71 
4846	35 
4847	66 
4848	3 
4849	193 
4850	189 
4851	34 
4852	34 
4853	55 
4854	178 
4855	53 
4856	185 
4857	110 
4858	46 
4859	155 
4860	143 
4861	97 
4862	60 
4863	204 
4864	151 
4865	126 
4866	182 
4867	15 
4868	129 
4869	88 
4870	196 
4871	161 
4872	61 
4873	23 
4874	126 
4875	108 
4876	69 
4877	131 
4878	186 
4879	133 
4880	44 
4881	160 
4882	89 
4883	54 
4884	141 
4885	91 
4886	18 
4887	146 
4888	32 
4889	7 
4890	139 
4891	80 
4892	79 
4893	96 
4894	46 
4895	32 
4896	118 
4897	55 
4898	122 
4899	122 
4900	19 
4901	190 
4902	110 
4903	139 
4904	89 
4905	192 
4906	93 
4907	125 
4908	116 
4909	131 
4910	160 
4911	83 
4912	84 
4913	21 
4914	105 
4915	34 
4916	122 
4917	139 
4918	109 
4919	104 
4920	61 
4921	149 
4922	150 
4923	6 
4924	60 
4925	104 
4926	148 
4927	123 
4928	196 
4929	181 
4930	197 
4931	195 
4932	154 
4933	21 
4934	69 
4935	171 
4936	172 
4937	100 
4938	92 
4939	185 
4940	53 
4941	53 
4942	11 
4943	13 
4944	75 
4945	121 
4946	136 
4947	121 
4948	149 
4949	34 
4950	155 
4951	18 
4952	128 
4953	155 
4954	118 
4955	17 
4956	85 
4957	150 
4958	105 
4959	31 
4960	171 
4961	80 
4962	66 
4963	98 
4964	50 
4965	165 
4966	17 
4967	183 
4968	98 
4969	90 
4970	176 
4971	167 
4972	138 
4973	71 
4974	200 
4975	166 
4976	186 
4977	15 
4978	146 
4979	198 
4980	149 
4981	8 
4982	63 
4983	203 
4984	49 
4985	86 
4986	180 
4987	189 
4988	136 
4989	126 
4990	159 
4991	180 
4992	30 
4993	101 
4994	114 
4995	180 
4996	1 
4997	6 
4998	24 
4999	14 
5000	93 
