0 0.565648569149 0.784777061063 86 27 11.6279069767

0 0.544356141748 0.779434973445 86 26 11.4186046512

0 0.530268975585 0.773744474019 86 31 11.3837209302

0 0.508844520367 0.772296139099 86 31 11.3837209302

0 0.489426620007 0.770559038099 86 29 11.3720930233

0 0.488716230714 0.76717658499 86 29 11.3488372093

0 0.48351837004 0.766906860291 86 29 11.3488372093

0 0.491432316546 0.764972465958 86 27 11.3255813953

0 0.492977186564 0.767605132521 85 26 11.4823529412

0 0.488387614269 0.766477667282 85 24 11.5058823529

0 0.483009454475 0.766671059492 85 27 11.4941176471

0 0.473049598104 0.766418880084 85 29 11.6470588235

0 0.479383072683 0.764253844618 84 31 11.619047619

0 0.475060398858 0.764108946003 84 30 11.619047619

0 0.468093447303 0.763254362843 84 33 11.5952380952

0 0.470600686835 0.761850885761 84 33 11.5595238095

0 0.470633706774 0.763091129858 84 35 11.630952381

0 0.466593481931 0.763479092888 84 35 11.6428571429

0 0.466105441741 0.762387122329 84 33 11.6666666667

0 0.45836520225 0.761149864916 84 35 11.6428571429

