0 0.700681294827 0.863836911548 94 24 10.6382978723

0 0.648941351863 0.877734915265 80 29 12.5

0 0.625528336855 0.874950876272 75 36 13.3333333333

0 0.584512136814 0.870409621093 71 36 14.0845070423

0 0.575044414435 0.867203579308 68 49 14.7058823529

0 0.573789317893 0.864664644363 65 49 15.3846153846

0 0.58460159195 0.86620939106 63 48 15.873015873

0 0.565215495989 0.861761153889 61 50 16.393442623

0 0.560174382534 0.860895083155 58 50 17.2413793103

0 0.56695093207 0.859274870661 57 51 17.5438596491

0 0.571824895461 0.859675521475 56 50 17.8571428571

0 0.548243833995 0.856617556088 55 52 18.1818181818

0 0.554796372655 0.855850853472 52 65 19.2307692308

0 0.541272968254 0.849140898895 50 64 20.0

0 0.550224805599 0.852435929295 46 63 21.7391304348

0 0.536744068002 0.85143256513 45 65 22.2222222222

0 0.535802056071 0.848705207012 44 64 22.7272727273

0 0.508519753544 0.844715131933 44 64 22.7272727273

0 0.519538832908 0.84642878386 43 64 23.2558139535

0 0.527777896948 0.846600632453 42 74 23.8095238095

