1 0.180130140572 0.582825100376 78 38 12.8205128205

0 0.176301452669 0.580597360449 75 43 13.0266666667

0 0.166619113478 0.578493081334 74 44 13.2162162162

0 0.143779578259 0.576683147227 75 43 13.0533333333

0 0.137653830684 0.575203044092 74 44 13.2432432432

0 0.157923105764 0.572815395011 74 42 13.2297297297

0 0.145083481128 0.572133940495 74 37 13.2162162162

0 0.140949869716 0.573095073966 74 38 13.2162162162

0 0.147904750726 0.573567804291 74 37 13.2297297297

0 0.136200083041 0.57321812455 74 36 13.2432432432

0 0.142403605354 0.571351141196 76 34 12.8684210526

0 0.123010049971 0.573298741989 74 38 13.3108108108

0 0.131320227357 0.572234241374 74 36 13.1891891892

0 0.129324919853 0.57154806406 74 34 13.1891891892

0 0.124123287662 0.572172551259 74 36 13.1891891892

0 0.140705220692 0.574318848109 74 39 13.1756756757

0 0.132183060152 0.574064350177 74 37 13.1621621622

0 0.131511799224 0.571616968917 74 39 13.1486486486

0 0.130082488869 0.571319158835 73 39 13.301369863

0 0.116713909834 0.567780773319 73 42 13.3424657534

