0 0.729065385737 0.885029128563 84 31 11.9047619048

0 0.593399596596 0.869152485869 70 48 14.2857142857

0 0.543096491323 0.86010428193 59 57 16.9491525424

0 0.497495935772 0.85622535283 51 57 19.6078431373

0 0.519330188641 0.854029860071 47 57 21.2765957447

0 0.479037068019 0.849239431617 45 62 22.2222222222

0 0.498583550174 0.843916411306 42 87 23.8095238095

0 0.487167331439 0.834553697083 40 99 25.0

0 0.47069483221 0.828823455879 39 97 25.641025641

0 0.437992159032 0.820690468828 36 98 27.7777777778

0 0.462052744877 0.815791714691 33 118 30.303030303

0 0.476076336851 0.81190665686 33 119 30.303030303

0 0.480931896088 0.811747781422 31 123 32.2580645161

0 0.507836581075 0.810624787539 30 131 33.3333333333

0 0.521120831907 0.813758904332 30 134 33.3333333333

0 0.49568499791 0.804542310111 26 142 38.4615384615

0 0.507376863548 0.803005710302 24 131 41.6666666667

0 0.438590503008 0.783973777955 23 177 43.4782608696

0 0.414089049564 0.787177816526 22 174 45.4545454545

0 0.426813136782 0.792369347729 21 150 47.619047619

