0 0.549553559766 0.842518239326 147 20 6.80272108844

0 0.578396870158 0.863275616237 119 24 8.40336134454

0 0.582884870023 0.862934813875 109 24 9.17431192661

0 0.560216640768 0.856082344589 104 25 9.61538461538

0 0.576685761438 0.862884740981 103 27 9.70873786408

0 0.560528536886 0.863074132639 100 32 10.0

0 0.577576010453 0.86384002375 98 31 10.2040816327

0 0.555785608919 0.863717430685 96 29 10.4166666667

0 0.571038838941 0.865808961839 95 35 10.5263157895

0 0.582602527602 0.863563376401 91 35 10.989010989

0 0.572496177232 0.861599075781 89 31 11.2359550562

0 0.580332939163 0.864275381525 87 33 11.4942528736

0 0.580294824929 0.857795739811 82 38 12.1951219512

0 0.578952161525 0.859297130874 78 39 12.8205128205

0 0.563872786244 0.857968176775 77 45 12.987012987

0 0.576159592678 0.859642295125 73 47 13.698630137

0 0.573933470733 0.856238099846 73 41 13.698630137

0 0.566982264296 0.854720101647 72 43 13.8888888889

0 0.569544401398 0.858309324715 72 34 13.8888888889

0 0.565040733031 0.862445824422 72 35 13.8888888889

