0 0.717297462483 0.873533979985 92 36 10.8695652174

0 0.703015434176 0.880548820732 82 39 12.0731707317

0 0.690598070304 0.877559745625 81 37 12.0

0 0.691075713455 0.876146449985 81 26 11.8148148148

0 0.690725867262 0.874407600911 80 25 11.7875

0 0.687613797087 0.870532175123 79 28 11.6455696203

0 0.689091037141 0.871493980156 78 25 11.641025641

0 0.686575954342 0.86915851962 79 25 11.3670886076

0 0.690064633835 0.871328567393 79 26 11.2911392405

0 0.68781022085 0.868973012403 78 25 11.3846153846

0 0.695140811959 0.868998025652 77 26 11.4805194805

0 0.69518429463 0.866494506276 75 36 11.4666666667

0 0.689892447199 0.864941875571 75 35 11.3333333333

0 0.690751607128 0.863214416064 74 32 11.3378378378

0 0.686233134462 0.864317903838 73 30 11.4383561644

0 0.699195855669 0.862552764099 72 30 11.5555555556

0 0.701937141275 0.863471000089 72 30 11.25

0 0.699352406015 0.860861441333 72 28 11.0277777778

0 0.709660358562 0.858483015764 71 29 10.9577464789

0 0.704340911315 0.856026451553 69 39 11.0

