1, 360, 408, 530, 579, 665, 832, 843, 925, 344, 670, 786, 819, 21, 153, 489, 513, 688, 702, 492, 334, 695, 118, 599, 928, 480, 411, 731, 149, 377, 380, 754, 706, 998, 210, 478, 693, 287, 606, 486, 399
379, 838, 12, 165, 212, 521, 580, 794, 896, 953, 993, 52, 694, 50, 341, 479, 660, 908, 80, 557, 677, 732, 776, 56, 338, 339, 589, 604, 985, 858, 335, 707, 654, 259, 756, 308
558, 262, 941, 163, 112, 988, 32, 156, 258, 350, 462, 686, 712, 979, 990, 850, 901, 926, 47, 299, 306, 388, 563, 892, 809, 735, 64, 667, 933, 196, 734, 195, 559, 764, 142, 290, 358, 607, 982, 831, 624, 552, 401, 596, 857, 510, 240
625, 228, 5, 66, 171, 284, 603, 678, 742, 783, 818, 6, 76, 179, 477, 650, 944, 826, 945, 999, 256, 371, 67, 154, 560, 115, 198, 271, 214, 703
753, 705, 230, 963, 38, 92, 111, 239, 369, 555, 805, 261, 296, 406, 550, 593, 746, 864, 129
2, 49, 248, 370, 514, 632, 844, 922, 960, 634, 474, 803, 821, 880, 280, 652, 622, 954, 859, 886, 600, 367
120, 583, 564, 57, 272, 315, 471, 618, 648, 668, 133, 175, 203
387, 3, 166, 191, 218, 326, 825, 912, 917, 929, 31, 187, 269, 534, 691, 771, 804, 823, 71, 135, 231, 412, 720, 964, 121, 727
924, 4, 10, 128, 405, 421, 494, 568, 645, 854, 145, 182, 347, 364, 646, 766, 101, 147, 365, 788, 701, 37, 183, 255, 587, 642, 655, 443, 62, 104, 547, 704, 288, 93, 721, 904, 588, 872, 368, 500, 507, 386, 215, 177, 590, 520
172, 464, 18, 68, 186, 346, 361, 472, 561, 74, 384, 159
597, 748, 812, 571, 851, 635, 94, 151, 260, 433, 436, 484, 676, 950, 467, 353, 389, 820, 855, 841, 619, 397, 180, 751, 909
729, 246, 761, 24, 404, 488, 497, 791, 801, 865, 952, 956, 976, 25, 125, 225, 540, 627, 672, 795, 1000, 414, 916, 541, 575, 937, 961, 273, 148, 209, 279, 613, 951, 592, 861, 291
991, 7, 348, 452, 505, 719, 882, 889, 946, 970, 877, 594, 519, 483, 918, 78, 659, 610, 736, 136, 190, 330, 392, 394, 119, 362, 415, 207, 465, 324, 616, 853, 232, 235, 359, 765, 849
381, 109, 8, 197, 374, 456, 725, 866, 879, 949, 992, 312, 16, 108, 193, 509, 26, 89, 378, 481, 487, 525, 537, 700, 554, 41, 276, 418, 442, 802, 656, 890, 122, 975, 681, 977, 150, 168
518, 512, 549, 657, 51, 349, 383, 565, 567, 631, 762, 899, 972, 475, 449, 426, 651, 740, 987, 643, 759, 281, 586, 602, 888, 942, 524
301, 385, 469, 750, 28, 194, 292, 294, 355, 393, 528, 836, 881, 241, 450, 458, 100, 106, 709, 295, 495, 441, 612, 986, 739, 874, 205, 628
305, 36, 105, 81, 39, 134, 141, 202, 223, 253
160, 87, 968, 690, 708, 40, 274, 289, 498, 682, 696, 744, 787, 957, 980, 824, 174, 65, 200, 222, 395, 400, 895, 410, 455, 814, 146, 543, 352, 126, 243, 251, 298, 139, 711, 839, 860, 219, 636, 423, 373, 747, 316, 227
845, 923, 34, 396, 461, 526, 784, 856, 931, 790, 97, 781, 313, 178, 366, 422, 577, 375, 463, 311
55, 728, 17, 158, 237, 268, 501, 620, 664, 840, 863, 614, 551, 285, 206, 919, 459, 533, 569
785, 798, 623, 585, 578, 989, 724, 29, 327, 453, 661, 697, 723, 920, 566, 35, 516, 768, 930, 959, 46, 162, 167, 234, 539, 598, 382, 413, 482, 69, 170, 192, 216, 233, 321, 626, 793, 741, 103, 683, 689, 390, 779, 813, 715, 757, 774, 220
615, 515, 457, 663, 43, 184, 252, 328, 680, 716, 848, 996, 921, 131, 409, 714, 70, 244, 345, 424, 966, 77, 503, 517, 582, 629, 878, 887, 906, 425, 83, 434, 698, 91, 96, 692, 947, 978, 325, 983, 815, 437
9, 181, 204, 238, 254, 270, 278, 297, 445, 140
98, 420, 789, 417, 300, 451, 157, 673, 176, 307, 460, 758, 873, 936, 266, 286, 644, 797
427, 862, 19, 23, 60, 217, 468, 574, 639, 894, 915, 967, 102, 30, 58, 446, 806, 910, 962, 745, 777, 799, 868, 44, 45, 391, 428, 502, 529, 407, 532, 737, 264, 419, 511, 402, 932, 536, 320
11, 242, 485, 658, 674, 769, 837, 871, 981, 641, 304, 72, 792, 870, 88, 63, 114, 535, 608, 867, 997, 679, 902, 717, 211, 322, 508, 570, 152, 213, 955
13, 86, 117, 329, 438, 496, 538, 630, 637, 780, 277, 73, 79, 842, 265, 827, 84
14, 250, 343, 351, 573, 811, 830, 898, 994, 85, 221, 319, 336, 332, 275
852, 755, 609, 730, 110, 432, 911, 935, 59, 116, 189, 310, 363, 800, 905, 429, 907, 810, 499, 138, 807, 969, 144, 403, 684, 876, 447, 710, 143, 317, 900, 772, 416
15, 22, 48, 155, 545, 763, 875, 940, 995, 847, 53, 82, 309, 431, 506, 760, 822, 913, 27, 169, 208, 249, 948, 226, 331, 542, 773, 971, 903, 523, 546, 782, 671, 75, 562, 965, 245, 333, 767, 522, 808, 340, 161, 173, 357, 687
743, 733, 132, 595, 958, 54, 123, 829, 869, 884, 973, 95, 293, 342, 430, 476, 337, 124, 493, 605, 638, 726, 282, 640
263, 33, 127, 201, 439, 473, 584, 653, 675, 685, 188, 356, 531
137, 466, 621, 934, 576, 817, 61, 257, 354, 647, 662, 938, 943, 984, 833, 113, 974, 470, 611, 893, 99, 283, 548, 834, 891, 914, 490, 770, 816, 846, 883, 939, 130, 247, 649, 713, 885, 267, 435, 601, 617, 454, 556, 302, 591, 752
20, 376, 398, 440, 527, 544, 553, 581, 666, 669, 199, 318
323, 444, 718, 164, 107, 303, 633, 738, 775, 778, 224, 504, 314
229, 42, 90, 448, 491, 699, 749, 828, 835, 897, 927, 722, 185, 796, 236, 572, 372
