1, 34, 250, 312, 644, 872, 897, 951, 78, 318, 352, 939, 59, 61, 680, 374, 538, 251
51, 780, 865, 901, 28, 282, 286, 291, 537, 553, 682, 693, 987, 158, 584, 101, 393, 47, 345, 402, 684, 690, 957, 715, 377, 436, 782, 874, 463, 495, 398, 757, 621, 788, 896, 227, 362, 415, 307, 396, 190, 322, 435, 315, 260, 306, 350, 344
121, 935, 614, 727, 853, 895, 72, 447, 388, 38, 392, 557, 659, 804, 917, 52, 90, 183, 499, 687, 911, 996, 620, 634, 733, 132, 425, 815, 229, 151, 672, 486, 106, 272, 472, 706, 319
275, 277, 19, 43, 50, 430, 465, 490, 516, 973, 135, 189, 373
421, 81, 856, 46, 847, 24, 105, 461, 480, 528, 681, 173, 458, 476, 793, 325, 595, 701, 743, 776, 533, 71, 383, 500, 688, 612, 703, 746, 794, 281, 689, 137, 739
510, 573, 813, 482, 27, 95, 174, 378, 796, 863, 893, 943, 263, 45, 529, 655, 694, 944, 980, 160, 310, 791, 172, 70, 314, 662, 792, 932, 859, 99, 145, 698, 231, 483, 885, 494, 722, 991
2, 33, 83, 130, 245, 439, 961, 990, 547, 507, 8, 36, 416, 646, 676, 851, 876, 361, 616, 936, 139, 440, 994, 609, 292, 323, 623, 797, 878, 332, 65, 772, 910, 186, 192, 214, 370, 384, 113, 161, 632, 127, 464, 140, 636, 477
400, 692, 163, 597, 266, 998, 407, 334, 66, 443, 814, 125, 169, 179, 566, 975, 641, 154, 86, 786, 787, 807, 941, 707, 918, 142, 212, 562, 351, 837
890, 15, 102, 126, 134, 180, 203, 575, 977, 22, 48, 236, 549, 591, 734, 25, 630, 658, 732, 737, 953, 111, 752, 254
982, 6, 153, 691, 696, 700, 949, 988, 493, 716, 674, 31, 165, 489, 966, 57, 206, 225, 925, 76, 473, 394, 124, 731, 453, 295
993, 550, 184, 385, 576, 434, 63, 622, 818, 919, 978, 455, 606, 603, 784, 826, 288, 926, 356, 358, 968, 771
3, 182, 349, 637, 697, 809, 942, 970, 4, 298, 995, 18, 109, 201, 783, 938, 60, 471, 806
110, 296, 543, 230, 107, 75, 213, 239, 469, 170
181, 848, 514, 12, 55, 437, 650, 699, 774, 905, 13, 143, 629, 673, 823, 840, 855, 869, 588, 539, 594, 202, 729, 171, 933, 740, 745, 756, 812, 841, 948, 795, 80, 301, 456, 940, 879, 103, 104, 546, 822, 123, 749, 431, 478, 423
713, 651, 754, 947, 17, 347, 413, 679, 710, 868, 904, 20, 408, 513, 635, 963, 159, 999, 220, 805, 723, 497, 261, 216, 565, 457, 210, 284, 324, 412, 605, 411, 589, 964, 736, 765
487, 10, 217, 224, 399, 647, 858, 914, 719, 762, 488, 433, 678
624, 5, 305, 360, 619, 686, 755, 760, 892, 279, 9, 114, 274, 289, 386, 459, 986, 49, 625, 908, 79, 545, 709, 950, 339, 222, 860, 830, 671, 531, 602
704, 955, 204, 21, 26, 235, 262, 389, 422, 432, 509, 211, 219, 665, 983, 861, 117, 128, 309, 517, 810, 354, 364, 390, 816, 276, 534, 338
946, 330, 759, 877, 348, 770, 642, 67, 656, 670, 862, 894, 379, 526, 419, 592, 326
64, 653, 403, 777, 838, 725, 355, 39, 85, 152, 168, 241, 366, 587, 850, 40, 336, 450, 525, 631, 833, 391, 218, 53, 215, 234, 297, 449, 744, 969, 512, 974, 133, 535, 887, 618, 929, 242, 304, 664, 600, 613, 790, 564, 677, 240, 376
758, 445, 984, 264, 927, 971, 561, 30, 82, 367, 530, 611, 660, 708, 825, 32, 62, 273, 429, 997, 532, 937, 252, 428, 711, 300, 479, 907, 924, 112, 343, 452, 196, 836, 223, 761, 913, 327, 342, 508, 738
337, 730, 29, 93, 97, 258, 615, 666, 873, 967, 645, 767, 69, 524, 177, 470, 505
574, 829, 563, 56, 259, 372, 441, 585, 610, 817, 208, 68, 387, 427, 675, 735, 802, 852, 705, 909, 148, 643, 156, 221, 669, 255, 985
742, 972, 506, 294, 560, 302, 193, 329, 346, 438, 835, 906, 195, 626, 420
7, 253, 401, 444, 474, 572, 579, 596, 228, 166
119, 149, 16, 118, 544, 728, 821, 891, 382, 844, 883, 888, 903, 157, 141, 521, 819, 92, 146, 246, 299, 511, 702, 769, 593, 94, 175, 200, 426, 726, 843, 965, 108, 340, 405, 502, 839, 129, 293, 555, 668, 922, 363, 371
779, 205, 803, 741, 91, 764, 548, 720, 460, 178, 520, 527, 667, 714, 916, 789, 654, 136, 617, 649, 721, 808, 884, 902, 915, 871, 954, 247, 601, 523, 828, 959, 599, 768, 257, 317, 581, 590, 357, 256, 578, 467
945, 313, 311, 912, 657, 827, 582, 23, 54, 188, 209, 283, 316, 554, 845, 280, 542, 583, 866, 639, 271, 424, 551, 640, 992, 87, 571, 801, 341, 958, 98, 811, 115, 381, 243, 406
11, 661, 717, 747, 785, 960, 962, 981, 380, 846, 900, 638, 164, 683, 42, 77, 167, 303, 454, 773, 899, 44, 270, 331, 920, 552, 191, 570, 898, 934, 518, 395, 503, 586, 628, 824, 568, 496, 176, 536, 569, 604, 451, 979, 580, 886
921, 952, 138, 695, 233, 187, 58, 232, 333, 663, 748, 832, 328, 556, 368, 842, 864, 244, 712, 930, 144, 781, 648, 448, 442
928, 751, 750, 799, 989, 976, 100, 155, 854, 685, 468, 287, 73, 147, 397, 501, 519, 778, 831, 875, 197, 248, 365, 417, 410, 492, 881, 290, 498, 150, 956, 724, 867, 199, 466, 269, 335, 880, 763
14, 116, 194, 268, 278, 359, 607, 718, 857, 89, 577, 627, 798, 409, 462, 608, 238, 414, 120, 131
485, 633, 353, 162, 285, 122, 800, 207, 237, 889, 375, 198, 320, 766, 775, 522, 491, 559, 567
35, 249, 265, 515, 558, 753, 820, 923, 41, 308, 598, 84
37, 267, 369, 404, 418, 446, 504, 652, 882, 74, 185, 541
475, 931, 540, 834, 321, 88, 481, 849, 870, 1000, 96, 484, 226
