1
41, 727, 551, 900, 329, 670
50, 624, 791, 316, 16, 177, 936, 357, 426
75, 204, 698
277
425, 449, 109, 929, 92
492, 111, 302, 926, 273, 591, 445, 245, 468, 326
501, 757, 743, 294, 730, 549, 235, 833, 964, 532, 423
568
606, 207, 901, 941, 140, 56, 881, 513, 731
616, 904
785, 498, 765, 225, 578, 796, 648
990
2, 307, 453, 633, 166, 866, 966, 95, 507, 719, 153, 215
133, 82, 723, 451, 413, 48, 420, 149, 1000, 843, 154, 839, 609
210, 815, 554
327, 402, 867, 155, 871
556, 293, 605, 178, 823, 567, 233, 694, 299
652, 396, 738, 202, 846, 865, 44, 194, 469
665, 706, 197, 983, 79, 688, 664, 789, 278, 580, 896, 86, 130, 487
864, 888, 247, 621
868, 13, 354, 860, 450, 863, 250
3, 372, 935, 745, 193
84
214, 482, 500, 783
292, 311, 724, 816, 134, 637
645
690, 850, 85, 733
760, 769
855, 444, 784, 51, 463, 893, 71, 432, 659
982, 304, 497, 915, 203
994, 968, 266, 869, 858
4, 64, 834, 657, 232, 575
100, 752
240, 222, 564
415, 32, 537, 607, 991, 107
702, 184, 613, 67, 394, 781, 49, 442, 455, 937, 59, 828, 668, 956, 382
5, 257, 944, 27
217, 880, 755, 389, 427, 340, 380, 569, 913, 515, 529, 818, 962
220, 611, 632, 454, 308, 503, 123, 905, 466
440
545, 371
705, 538, 988, 99, 145
945, 910, 141, 122
946, 626, 223
950
6, 635, 973, 916, 446
127, 381, 847, 817, 430
191
199, 703, 836, 960
201, 662, 749, 713, 37, 999, 736, 601
285, 715, 259, 714, 790, 877, 369
306, 909, 265, 399
491, 341
710, 286, 540
7, 996, 805, 314, 66, 87, 610, 579, 200, 150, 647, 488
209, 837
336
366
377, 788, 978, 771
422, 291, 33, 553, 359, 640, 955
493, 969, 356, 720, 365
779, 827, 164, 379, 862, 262, 330, 577, 276
8, 643, 281, 595, 671, 777, 629, 899, 148
143, 654, 750, 831, 948, 179, 101
238, 458, 792
473, 81, 117, 627, 704, 890, 600, 735, 421
480, 826, 879, 183, 678, 814
699, 35, 684, 435
898, 965, 43, 883, 136
9, 391
30, 296, 985, 658
227, 142, 94, 971, 773, 650, 802, 218
290, 753, 596, 105
465, 72, 642, 917, 305, 230, 691
528, 692, 195, 279
676, 809, 144, 853, 859, 548, 539
10, 363, 758
226, 775
258, 565, 255, 70, 517, 490, 844, 113, 489, 126, 603, 172
417, 116, 919, 401
598, 829, 527
622, 615, 89, 902, 272, 649, 315, 787
845, 641, 630
11, 418, 510
256
263, 345, 524
320, 974, 479, 485, 54, 732
406, 18, 604, 967, 906, 175, 448, 566, 584, 110, 993, 803, 634, 167
572, 17, 852, 525, 90
614
921
12, 511
55, 599, 403, 534
174, 832, 661, 412, 927, 132, 400, 301
353, 312, 512, 746, 310, 586, 300, 347, 98
361, 362, 681, 73, 509, 954, 574, 725
680, 707, 270
928, 416, 571
228, 112, 472, 189, 938, 324, 734, 786, 764, 339
282, 696, 187, 709, 957
390, 464
467
533
583, 352, 351
903, 96, 717, 57, 660, 409
14
180, 131, 499, 995, 395
536, 557, 170, 234, 770, 851
562, 392
739, 932, 677
793, 559, 924, 331, 114, 393
947, 590, 284, 297
15, 763, 897, 411, 543, 102
52, 211, 721, 762, 137
97, 20, 617, 561, 74
623, 987, 24, 407, 433
878, 322, 628, 986, 163, 689, 872, 672, 456, 854, 952
410, 224, 776
695, 588, 484, 249
856
876
970, 740, 933, 333, 93, 271, 375, 541, 104, 687, 997, 283, 364, 778
173, 521, 555
280
368
518, 408
656, 644, 546
741, 478, 542, 424, 309
807
934, 229, 268, 431, 242, 436
19
419, 686, 585, 800, 119, 188, 254
531, 747, 520, 593, 887
761
819, 812
471, 795
754, 756, 212, 505
21, 386, 608, 976, 766, 653
516, 31, 780
651, 481, 338, 495, 838
22, 118, 825, 387, 953, 804, 992, 772, 237, 208
69, 797, 342, 889
138
159, 241
358, 437, 620, 576, 979
470, 636, 165
963, 811, 794
23, 619, 931, 560, 428
162, 581, 857, 236, 547, 252
244, 344, 459, 961, 460, 370, 552
376, 349, 334, 824, 712, 767
873, 526, 700
385, 685, 135
535
25, 452, 959, 434
26, 958, 28
239
360, 346
667, 328, 383, 972
319
722, 332
146
397
813, 940, 683, 806, 128, 405
29, 728, 774
192, 631
216, 447
835, 939, 152, 264
875, 243, 922, 206
998, 558
519
798, 882, 951, 474, 476
343, 36, 737, 176, 748, 744, 984, 759, 404
374, 267
742, 550, 477
682, 168
34, 697, 894
323
874, 251
989
181, 912, 260, 348, 288
274
523
38
115
169, 820, 414
246, 441, 942, 943, 373, 124, 219
884, 544, 438, 205
39
158
40
171, 462
975, 63, 91, 891, 106, 830
157
508, 718
701
42, 253, 321
83, 918, 977
666
810
674, 186, 317
45
592, 618, 801, 799, 920, 675
980, 289, 185
46, 679, 895, 726, 842, 885
269, 213, 673
47, 287, 840, 335, 156
398
496
318, 911, 494
849
729, 638, 669, 822, 782
198, 248, 388
53, 625
502, 930
848, 693, 325
639
108, 275
58
295
597, 60, 892, 907
711, 655
337
61, 716, 841
62, 582
313, 594, 506
439, 483, 355, 384, 925, 121, 949
522, 103, 908, 886
65, 182
461, 663, 221
981, 88, 303
68
870, 573, 161
587, 530, 808
861
76, 231
77
78
196, 514
914, 612, 751
821
80
125
570
429
120
151
923
350
475
602, 563
129
457
443, 708
486
504, 139
768
147, 367
160
261
646, 589
190
298
378
